#=====================================================
# File created:        Tue-12-Mar-2024-at-11-11-47AM
# Size of lattice:     50x50
# Number of MC steps:  300
# Reduced temperature: 1.000
# Run time (s):        23.209822
#=====================================================
# MC step:  Ratio:     Energy:   Order:
#=====================================================
   00000    0.5000   -2518.8274  0.2749 
   00001    0.7012   -3783.2176  0.2815 
   00002    0.6376   -4367.6067  0.2741 
   00003    0.5848   -4704.6601  0.2699 
   00004    0.5736   -4929.3866  0.2933 
   00005    0.5540   -5077.1388  0.2849 
   00006    0.5528   -5224.6516  0.2881 
   00007    0.5304   -5367.6717  0.2867 
   00008    0.5176   -5465.6729  0.2788 
   00009    0.5212   -5579.1946  0.2824 
   00010    0.5320   -5547.0407  0.2808 
   00011    0.5048   -5557.8490  0.2718 
   00012    0.4924   -5607.7691  0.2683 
   00013    0.5224   -5566.7336  0.2644 
   00014    0.5232   -5681.8833  0.2594 
   00015    0.4912   -5733.8446  0.2591 
   00016    0.5016   -5793.6367  0.2548 
   00017    0.5116   -5693.8382  0.2606 
   00018    0.5000   -5757.2434  0.2512 
   00019    0.5060   -5695.8469  0.2580 
   00020    0.5128   -5740.7014  0.2615 
   00021    0.5100   -5733.1594  0.2746 
   00022    0.5092   -5793.1776  0.2818 
   00023    0.5104   -5860.1524  0.2962 
   00024    0.5084   -5843.6381  0.2870 
   00025    0.4988   -5838.3506  0.2838 
   00026    0.5048   -5738.0157  0.2751 
   00027    0.4924   -5843.6618  0.2596 
   00028    0.5136   -5851.9175  0.2658 
   00029    0.5128   -5891.0664  0.2690 
   00030    0.5156   -5812.6060  0.2681 
   00031    0.4792   -5952.9321  0.2708 
   00032    0.4828   -5959.6257  0.2849 
   00033    0.4680   -5922.8920  0.2907 
   00034    0.4864   -5825.8473  0.2772 
   00035    0.5108   -5820.7748  0.2756 
   00036    0.4844   -5749.3763  0.2688 
   00037    0.4948   -5821.9648  0.2734 
   00038    0.5112   -5749.2944  0.2741 
   00039    0.4880   -5805.0946  0.2781 
   00040    0.4952   -5823.7328  0.2680 
   00041    0.5112   -5732.6599  0.2742 
   00042    0.5020   -5711.2859  0.2571 
   00043    0.5184   -5731.8308  0.2589 
   00044    0.5096   -5854.1438  0.2650 
   00045    0.5136   -5846.9683  0.2700 
   00046    0.4916   -5805.4229  0.2682 
   00047    0.4940   -5847.4925  0.2757 
   00048    0.5068   -5830.1996  0.2744 
   00049    0.4820   -5833.8853  0.2745 
   00050    0.4920   -5829.9612  0.2620 
   00051    0.5192   -5749.3108  0.2540 
   00052    0.5192   -5779.3958  0.2524 
   00053    0.4884   -5889.8607  0.2603 
   00054    0.5012   -5872.1631  0.2548 
   00055    0.4912   -5834.1617  0.2667 
   00056    0.5020   -5817.4762  0.2800 
   00057    0.4832   -5824.2885  0.2793 
   00058    0.4916   -5819.2567  0.2741 
   00059    0.4844   -5825.1909  0.2768 
   00060    0.4968   -5864.1458  0.2799 
   00061    0.4804   -5906.8455  0.2786 
   00062    0.5104   -5930.2530  0.2847 
   00063    0.4912   -5882.4412  0.2953 
   00064    0.4884   -5908.8920  0.3064 
   00065    0.5000   -5849.5463  0.3138 
   00066    0.4996   -5955.3676  0.3195 
   00067    0.4908   -5976.5701  0.2961 
   00068    0.5068   -5971.3372  0.2985 
   00069    0.4844   -5997.0603  0.3075 
   00070    0.4828   -6022.8110  0.3182 
   00071    0.4816   -5954.9635  0.3225 
   00072    0.4828   -5878.4102  0.3207 
   00073    0.5016   -5958.1489  0.3288 
   00074    0.4952   -5956.5522  0.3324 
   00075    0.4960   -5931.7868  0.3386 
   00076    0.4780   -5937.3527  0.3367 
   00077    0.4852   -5959.9130  0.3486 
   00078    0.4844   -5950.5158  0.3469 
   00079    0.4936   -5908.8480  0.3382 
   00080    0.4824   -5876.4336  0.3442 
   00081    0.5080   -5895.0467  0.3345 
   00082    0.4916   -5939.4089  0.3326 
   00083    0.4868   -5893.5008  0.3315 
   00084    0.5036   -5865.8162  0.3344 
   00085    0.4972   -5856.5383  0.3377 
   00086    0.5044   -5878.0976  0.3274 
   00087    0.4836   -5832.3589  0.3200 
   00088    0.4876   -5839.1818  0.3152 
   00089    0.5132   -5797.6999  0.3218 
   00090    0.5020   -5844.8405  0.3221 
   00091    0.4904   -5979.8398  0.3245 
   00092    0.5052   -6017.1595  0.3335 
   00093    0.5044   -5936.7197  0.3346 
   00094    0.4984   -5939.2741  0.3374 
   00095    0.4944   -6002.1145  0.3348 
   00096    0.4772   -6041.4956  0.3535 
   00097    0.4868   -6013.9269  0.3437 
   00098    0.4668   -6004.5897  0.3459 
   00099    0.4876   -5920.7432  0.3464 
   00100    0.4972   -5864.2338  0.3304 
   00101    0.4892   -5940.0677  0.3179 
   00102    0.4800   -5873.8865  0.3058 
   00103    0.5048   -5975.3233  0.2850 
   00104    0.4888   -5860.9330  0.2841 
   00105    0.5004   -5846.6775  0.2863 
   00106    0.4924   -5815.5601  0.2662 
   00107    0.4928   -5874.6641  0.2905 
   00108    0.5072   -5762.0043  0.2799 
   00109    0.4932   -5823.0470  0.2844 
   00110    0.4940   -5839.4355  0.2812 
   00111    0.5000   -5917.6620  0.2842 
   00112    0.4892   -5919.7631  0.2828 
   00113    0.4892   -5965.1826  0.2774 
   00114    0.5060   -5913.4707  0.2794 
   00115    0.5104   -5856.6867  0.2705 
   00116    0.4988   -5831.1646  0.2747 
   00117    0.5076   -5871.1823  0.2732 
   00118    0.4916   -5780.6738  0.2801 
   00119    0.5100   -5859.7528  0.2702 
   00120    0.4964   -5891.0436  0.2656 
   00121    0.4904   -5864.6513  0.2740 
   00122    0.4960   -5815.0477  0.2736 
   00123    0.4948   -5754.7342  0.2781 
   00124    0.5068   -5667.8699  0.2717 
   00125    0.5132   -5728.5104  0.2804 
   00126    0.5064   -5761.0890  0.2716 
   00127    0.5016   -5888.4502  0.2845 
   00128    0.4772   -5888.7389  0.2865 
   00129    0.4860   -5906.1049  0.2922 
   00130    0.4932   -5990.6896  0.2979 
   00131    0.4932   -5932.4205  0.3105 
   00132    0.4808   -5891.2210  0.3206 
   00133    0.4888   -5840.1557  0.3152 
   00134    0.4852   -5896.5672  0.3041 
   00135    0.5080   -5881.1413  0.3012 
   00136    0.5116   -5886.6530  0.2932 
   00137    0.5068   -5925.8447  0.2925 
   00138    0.5012   -5891.6620  0.2898 
   00139    0.4852   -5947.1737  0.2844 
   00140    0.5040   -5905.8032  0.2862 
   00141    0.4844   -5929.6235  0.2894 
   00142    0.4940   -5879.1978  0.2894 
   00143    0.4948   -5900.7295  0.2965 
   00144    0.4948   -5924.9525  0.2866 
   00145    0.5076   -5869.3099  0.3069 
   00146    0.5116   -5846.7763  0.3002 
   00147    0.4924   -5847.1533  0.3007 
   00148    0.4832   -5953.3680  0.2983 
   00149    0.4888   -5918.9393  0.2919 
   00150    0.4824   -5900.6872  0.2966 
   00151    0.4776   -5830.4409  0.2877 
   00152    0.5000   -5915.1078  0.2893 
   00153    0.4972   -5929.7599  0.2948 
   00154    0.4956   -5919.9480  0.3078 
   00155    0.4732   -5811.1995  0.3082 
   00156    0.5040   -5753.7259  0.3083 
   00157    0.4748   -5877.5905  0.3064 
   00158    0.4852   -5935.0761  0.3117 
   00159    0.4856   -5901.8622  0.3110 
   00160    0.4908   -5941.6746  0.3170 
   00161    0.4920   -5907.9202  0.3175 
   00162    0.4796   -5942.8928  0.3174 
   00163    0.4820   -5975.2019  0.3176 
   00164    0.5044   -5972.2650  0.3139 
   00165    0.4936   -5923.4217  0.3122 
   00166    0.4928   -6025.8525  0.3150 
   00167    0.4692   -6032.8108  0.3044 
   00168    0.4880   -5966.9635  0.3023 
   00169    0.4772   -5944.1511  0.3089 
   00170    0.4976   -5895.9300  0.2959 
   00171    0.4888   -5980.6446  0.2986 
   00172    0.5032   -5875.1122  0.2985 
   00173    0.4884   -5905.3268  0.2862 
   00174    0.4884   -5832.9099  0.2868 
   00175    0.4900   -5907.4957  0.2939 
   00176    0.4896   -5921.0725  0.2976 
   00177    0.4776   -5994.1857  0.2994 
   00178    0.4800   -5916.4746  0.2858 
   00179    0.4732   -5835.3658  0.2859 
   00180    0.4860   -5814.0440  0.2865 
   00181    0.4964   -5874.7449  0.2866 
   00182    0.5128   -5788.2800  0.2920 
   00183    0.5244   -5860.0762  0.2954 
   00184    0.4900   -5955.7283  0.2953 
   00185    0.5008   -5872.5354  0.3001 
   00186    0.4972   -5881.5741  0.3112 
   00187    0.4792   -5909.9719  0.3111 
   00188    0.4768   -5847.3845  0.3144 
   00189    0.5024   -5855.9722  0.3080 
   00190    0.4920   -5847.8298  0.3040 
   00191    0.4888   -5938.8457  0.3096 
   00192    0.4792   -5903.0863  0.3125 
   00193    0.4940   -5851.7455  0.3143 
   00194    0.4980   -5844.5884  0.3099 
   00195    0.5036   -5724.0246  0.3031 
   00196    0.4948   -5736.8236  0.3104 
   00197    0.5048   -5900.7897  0.3285 
   00198    0.4944   -5893.2458  0.3365 
   00199    0.4984   -5812.2521  0.3368 
   00200    0.4964   -5858.0285  0.3220 
   00201    0.5028   -5814.6533  0.3257 
   00202    0.4884   -5829.0780  0.3295 
   00203    0.4964   -5860.2692  0.3402 
   00204    0.4856   -5894.8274  0.3490 
   00205    0.4964   -6017.7839  0.3462 
   00206    0.4776   -6037.0316  0.3525 
   00207    0.4816   -5989.1661  0.3549 
   00208    0.5032   -5985.7301  0.3708 
   00209    0.4864   -5940.9582  0.3640 
   00210    0.4772   -6014.5213  0.3551 
   00211    0.4884   -5849.9864  0.3564 
   00212    0.4996   -5887.3239  0.3413 
   00213    0.4860   -5873.0498  0.3423 
   00214    0.5016   -5774.5913  0.3362 
   00215    0.5016   -5861.7995  0.3250 
   00216    0.4972   -5774.0269  0.3093 
   00217    0.4904   -5748.7250  0.3076 
   00218    0.5088   -5780.5648  0.2921 
   00219    0.5116   -5850.8721  0.2727 
   00220    0.5024   -5867.1692  0.2716 
   00221    0.4900   -5831.3767  0.2720 
   00222    0.4876   -5831.6959  0.2833 
   00223    0.5068   -5821.2082  0.2845 
   00224    0.4916   -5890.6201  0.2914 
   00225    0.4832   -5914.9385  0.2895 
   00226    0.4816   -5874.8360  0.2942 
   00227    0.4960   -5889.1847  0.2882 
   00228    0.4928   -5969.3314  0.2947 
   00229    0.5268   -5903.5328  0.2786 
   00230    0.4892   -5910.9230  0.2798 
   00231    0.5084   -5841.4571  0.2784 
   00232    0.4992   -5914.7371  0.2722 
   00233    0.4828   -5939.3977  0.2884 
   00234    0.4868   -5882.2174  0.2965 
   00235    0.4832   -5890.4537  0.2929 
   00236    0.4884   -5750.7109  0.2914 
   00237    0.4960   -5872.4343  0.2760 
   00238    0.4876   -5890.4903  0.2650 
   00239    0.4876   -5860.6853  0.2763 
   00240    0.5108   -5804.4844  0.2632 
   00241    0.4904   -5826.5939  0.2701 
   00242    0.5012   -5776.7507  0.2605 
   00243    0.4796   -5878.4156  0.2620 
   00244    0.4828   -5976.2466  0.2692 
   00245    0.5024   -5971.6007  0.2691 
   00246    0.4960   -5904.8957  0.2722 
   00247    0.4952   -5913.8057  0.2822 
   00248    0.4916   -5767.9399  0.2932 
   00249    0.5000   -5810.9037  0.2893 
   00250    0.5040   -5812.8967  0.2843 
   00251    0.5108   -5791.7177  0.2746 
   00252    0.4984   -5796.0263  0.2660 
   00253    0.5040   -5717.9779  0.2576 
   00254    0.5448   -5674.3928  0.2673 
   00255    0.4864   -5710.4923  0.2757 
   00256    0.4984   -5780.3147  0.2664 
   00257    0.4848   -5737.7830  0.2631 
   00258    0.5112   -5860.3224  0.2667 
   00259    0.5104   -5830.3309  0.2706 
   00260    0.5048   -5805.8318  0.2657 
   00261    0.4844   -5822.0438  0.2643 
   00262    0.4936   -5839.8063  0.2629 
   00263    0.5024   -5753.5308  0.2582 
   00264    0.4964   -5701.5044  0.2771 
   00265    0.5092   -5730.8309  0.2560 
   00266    0.5000   -5782.9881  0.2536 
   00267    0.4956   -5886.2030  0.2543 
   00268    0.4840   -5810.9934  0.2671 
   00269    0.4968   -5852.1497  0.2573 
   00270    0.5076   -5798.5880  0.2664 
   00271    0.5092   -5785.3344  0.2805 
   00272    0.4984   -5907.2403  0.2791 
   00273    0.5100   -5814.5209  0.2920 
   00274    0.4964   -5819.8952  0.2837 
   00275    0.5192   -5850.7701  0.2853 
   00276    0.4968   -5799.4078  0.2915 
   00277    0.4992   -5827.3906  0.2852 
   00278    0.5056   -5799.1018  0.2888 
   00279    0.4948   -5895.3283  0.2913 
   00280    0.5048   -5905.1238  0.2864 
   00281    0.4980   -5912.3076  0.2886 
   00282    0.5144   -5903.7940  0.3010 
   00283    0.4948   -5895.6693  0.3074 
   00284    0.5068   -5946.1435  0.3163 
   00285    0.4736   -5925.3272  0.3226 
   00286    0.4868   -5907.7083  0.3212 
   00287    0.4988   -5925.9451  0.3201 
   00288    0.4844   -5919.1904  0.3130 
   00289    0.4856   -6018.9682  0.3092 
   00290    0.4828   -5913.3085  0.3154 
   00291    0.4800   -5865.0909  0.3090 
   00292    0.5016   -6005.6063  0.3135 
   00293    0.4936   -5845.2152  0.3240 
   00294    0.5048   -5835.6783  0.3400 
   00295    0.5096   -5791.9083  0.3344 
   00296    0.4944   -5840.5477  0.3351 
   00297    0.4808   -5946.7743  0.3248 
   00298    0.4752   -6027.3135  0.3220 
   00299    0.4812   -5977.0764  0.3257 
   00300    0.4900   -5969.5760  0.3238 
