#=====================================================
# File created:        Tue-12-Mar-2024-at-03-28-43PM
# Size of lattice:     50x50
# Number of MC steps:  1000
# Reduced temperature: 1.000
# Run time (s):        14.223113
#=====================================================
# MC step:  Ratio:     Energy:   Order:
#=====================================================
   00000    0.5000   -2480.2038  0.2558 
   00001    0.6936   -3845.2053  0.2574 
   00002    0.6288   -4441.3971  0.2666 
   00003    0.5916   -4758.7176  0.2688 
   00004    0.5724   -4972.2879  0.2834 
   00005    0.5512   -5275.5572  0.2966 
   00006    0.5092   -5352.9267  0.2808 
   00007    0.5164   -5413.9105  0.2774 
   00008    0.5132   -5434.2525  0.2857 
   00009    0.5140   -5589.9523  0.2876 
   00010    0.5200   -5651.6114  0.2972 
   00011    0.5112   -5663.7695  0.3006 
   00012    0.5032   -5762.4788  0.3008 
   00013    0.5112   -5801.6912  0.3027 
   00014    0.5056   -5813.7555  0.3131 
   00015    0.5048   -5873.9925  0.3001 
   00016    0.4924   -5919.5624  0.3014 
   00017    0.4960   -6020.9069  0.2960 
   00018    0.5012   -6085.1708  0.2973 
   00019    0.4936   -6056.5831  0.3053 
   00020    0.4716   -6016.7530  0.2957 
   00021    0.4868   -5962.1972  0.2974 
   00022    0.5040   -5976.9131  0.3037 
   00023    0.4764   -5913.7257  0.3045 
   00024    0.5036   -5881.6846  0.3036 
   00025    0.4920   -5758.6256  0.2955 
   00026    0.4968   -5687.6528  0.3005 
   00027    0.4924   -5765.6613  0.3045 
   00028    0.4984   -5713.4373  0.2923 
   00029    0.5080   -5731.3132  0.2884 
   00030    0.5148   -5717.3336  0.2964 
   00031    0.5076   -5716.7409  0.2811 
   00032    0.5060   -5878.5832  0.2842 
   00033    0.4860   -5830.0374  0.2928 
   00034    0.4772   -5930.4086  0.3093 
   00035    0.4960   -5910.5563  0.3117 
   00036    0.4784   -5955.2093  0.3069 
   00037    0.4852   -5988.4703  0.3171 
   00038    0.4908   -6033.3566  0.3096 
   00039    0.4796   -5986.1736  0.3040 
   00040    0.4948   -5975.6512  0.3148 
   00041    0.4960   -5950.9745  0.3149 
   00042    0.4972   -5991.8836  0.3179 
   00043    0.4948   -5977.1556  0.3167 
   00044    0.4764   -5988.9304  0.3222 
   00045    0.4944   -5846.2308  0.3249 
   00046    0.5132   -5877.9914  0.3323 
   00047    0.4996   -5891.0115  0.3333 
   00048    0.4956   -5888.0754  0.3324 
   00049    0.4920   -5857.0886  0.3274 
   00050    0.5028   -5840.3966  0.3243 
   00051    0.4840   -5801.7493  0.3285 
   00052    0.4784   -5818.7588  0.3348 
   00053    0.4976   -5695.7629  0.3296 
   00054    0.5020   -5698.8028  0.3258 
   00055    0.5064   -5761.5818  0.3208 
   00056    0.4852   -5906.9536  0.3291 
   00057    0.4984   -5941.1313  0.3324 
   00058    0.4820   -5946.4488  0.3204 
   00059    0.4888   -5875.9949  0.3189 
   00060    0.4776   -5964.4771  0.3290 
   00061    0.4812   -5860.2978  0.3273 
   00062    0.5076   -5894.9206  0.3186 
   00063    0.4960   -5914.6778  0.3188 
   00064    0.4920   -5797.7865  0.3195 
   00065    0.4988   -5790.4866  0.3028 
   00066    0.4924   -5819.8502  0.2918 
   00067    0.4980   -5765.5013  0.2927 
   00068    0.4960   -5723.9143  0.2876 
   00069    0.5124   -5876.8447  0.2877 
   00070    0.5004   -5800.8856  0.2946 
   00071    0.4848   -5949.1319  0.2885 
   00072    0.4992   -5894.0141  0.2881 
   00073    0.5044   -5816.6420  0.3059 
   00074    0.5076   -5807.6533  0.3057 
   00075    0.5000   -5870.0895  0.3174 
   00076    0.4908   -5935.4071  0.3101 
   00077    0.4736   -5937.5443  0.3139 
   00078    0.4940   -5973.6436  0.3226 
   00079    0.4880   -5877.1853  0.3167 
   00080    0.4992   -6000.3687  0.3122 
   00081    0.4904   -5903.9914  0.3129 
   00082    0.5256   -5924.3203  0.3194 
   00083    0.4824   -5966.0769  0.3137 
   00084    0.4944   -5874.4123  0.3220 
   00085    0.4960   -5955.7034  0.3236 
   00086    0.4868   -5882.4050  0.3033 
   00087    0.4924   -5956.2550  0.3036 
   00088    0.4852   -5876.4087  0.2929 
   00089    0.4996   -5870.7496  0.2878 
   00090    0.4856   -5890.3466  0.2997 
   00091    0.4972   -5930.9925  0.3089 
   00092    0.4936   -5926.0424  0.3154 
   00093    0.4972   -5865.7220  0.3072 
   00094    0.4820   -5864.6385  0.3101 
   00095    0.4996   -5829.8293  0.3190 
   00096    0.5008   -5989.4089  0.3166 
   00097    0.4860   -5979.9035  0.3253 
   00098    0.4756   -5962.8183  0.3081 
   00099    0.4812   -5884.8780  0.3013 
   00100    0.4804   -5911.0872  0.2977 
   00101    0.4952   -5889.2714  0.3029 
   00102    0.5040   -5896.7112  0.3123 
   00103    0.4924   -5910.9453  0.3023 
   00104    0.4980   -5878.7115  0.2964 
   00105    0.5000   -5919.4839  0.2973 
   00106    0.5116   -5807.7670  0.2910 
   00107    0.4952   -5877.9575  0.2946 
   00108    0.5020   -5857.1289  0.2886 
   00109    0.4992   -5770.6186  0.2924 
   00110    0.4976   -5812.4840  0.2893 
   00111    0.4968   -5753.7334  0.2890 
   00112    0.5076   -5778.2792  0.2915 
   00113    0.4936   -5765.3297  0.2892 
   00114    0.4804   -5813.6536  0.2963 
   00115    0.4956   -5807.6192  0.3092 
   00116    0.5208   -5734.7721  0.2886 
   00117    0.5028   -5730.6243  0.2905 
   00118    0.5076   -5634.4184  0.2879 
   00119    0.5120   -5697.1134  0.2823 
   00120    0.4936   -5627.6843  0.2821 
   00121    0.5172   -5716.8394  0.2920 
   00122    0.5028   -5746.9946  0.3010 
   00123    0.4924   -5825.6960  0.3065 
   00124    0.4916   -5848.4862  0.2985 
   00125    0.5044   -5766.9464  0.2921 
   00126    0.5128   -5792.2714  0.2913 
   00127    0.5204   -5851.7876  0.2846 
   00128    0.4992   -5790.1099  0.2924 
   00129    0.5200   -5739.9089  0.2863 
   00130    0.5196   -5766.0496  0.2913 
   00131    0.5004   -5769.0744  0.2886 
   00132    0.5164   -5778.5757  0.2770 
   00133    0.5180   -5755.7522  0.2849 
   00134    0.5144   -5782.3321  0.2764 
   00135    0.5020   -5812.7451  0.2845 
   00136    0.4948   -5796.1707  0.2839 
   00137    0.4904   -5897.6615  0.2893 
   00138    0.4996   -5911.5448  0.3121 
   00139    0.4920   -5854.6740  0.3145 
   00140    0.5020   -5868.3572  0.3308 
   00141    0.4864   -5810.4821  0.3277 
   00142    0.4996   -5815.6043  0.3158 
   00143    0.5044   -5733.7769  0.3076 
   00144    0.5144   -5753.5310  0.2980 
   00145    0.5100   -5682.6996  0.3041 
   00146    0.5176   -5729.3056  0.3007 
   00147    0.4880   -5764.2752  0.3011 
   00148    0.5000   -5723.3945  0.2912 
   00149    0.5020   -5782.7856  0.2862 
   00150    0.4916   -5854.1082  0.2939 
   00151    0.4988   -5884.0642  0.2902 
   00152    0.5088   -5840.1627  0.2891 
   00153    0.4952   -5820.3355  0.2884 
   00154    0.5156   -5811.0495  0.2869 
   00155    0.5168   -5836.8979  0.2932 
   00156    0.5144   -5735.2342  0.2973 
   00157    0.5116   -5732.7894  0.2959 
   00158    0.5148   -5722.6700  0.2827 
   00159    0.5232   -5642.0185  0.2932 
   00160    0.5236   -5755.2113  0.3052 
   00161    0.5012   -5791.0202  0.3108 
   00162    0.4920   -5824.2473  0.3111 
   00163    0.5068   -5783.3460  0.3071 
   00164    0.5132   -5797.6497  0.3024 
   00165    0.5084   -5794.4464  0.2995 
   00166    0.5064   -5755.5391  0.2966 
   00167    0.4816   -5783.9215  0.2949 
   00168    0.5060   -5822.7561  0.2940 
   00169    0.5012   -5827.7129  0.2986 
   00170    0.4824   -5843.7105  0.3074 
   00171    0.5192   -5900.2662  0.3005 
   00172    0.4816   -5906.9112  0.3012 
   00173    0.5012   -5771.2028  0.2991 
   00174    0.4960   -5759.6136  0.3023 
   00175    0.5296   -5791.9680  0.3068 
   00176    0.5136   -5821.9030  0.2957 
   00177    0.5108   -5943.9610  0.3107 
   00178    0.4852   -5925.9162  0.3072 
   00179    0.4888   -5938.3266  0.3079 
   00180    0.4788   -5966.2283  0.3097 
   00181    0.5068   -6047.0952  0.3075 
   00182    0.4800   -6072.4868  0.3143 
   00183    0.4892   -6024.4275  0.3180 
   00184    0.4856   -5944.4045  0.3137 
   00185    0.4976   -5957.3648  0.3085 
   00186    0.4852   -5863.6929  0.3272 
   00187    0.4900   -5828.7319  0.3135 
   00188    0.5020   -5879.4312  0.3107 
   00189    0.4792   -5932.8704  0.2971 
   00190    0.4928   -5898.8290  0.2964 
   00191    0.4832   -6028.6338  0.2987 
   00192    0.4772   -6047.7066  0.2957 
   00193    0.4980   -5912.5280  0.2944 
   00194    0.4708   -5861.2031  0.2919 
   00195    0.4812   -5895.1867  0.3040 
   00196    0.4848   -5963.5835  0.3156 
   00197    0.5068   -5965.9983  0.3116 
   00198    0.5024   -5986.6811  0.3209 
   00199    0.4900   -5986.5660  0.3140 
   00200    0.4760   -6100.0298  0.3175 
   00201    0.4760   -6030.7328  0.3219 
   00202    0.4580   -6109.7495  0.3165 
   00203    0.4600   -5942.9238  0.3199 
   00204    0.4852   -6019.4908  0.3071 
   00205    0.4852   -5980.4895  0.2918 
   00206    0.4876   -5914.3453  0.2913 
   00207    0.4852   -6037.8593  0.3040 
   00208    0.4908   -5904.2793  0.2963 
   00209    0.4988   -5930.0679  0.2924 
   00210    0.4808   -5947.2673  0.3095 
   00211    0.4740   -5889.4678  0.3025 
   00212    0.5016   -5938.5986  0.2989 
   00213    0.4852   -6050.0968  0.2913 
   00214    0.4756   -5940.3520  0.2971 
   00215    0.4784   -5947.8493  0.2992 
   00216    0.4916   -5855.7893  0.2971 
   00217    0.4988   -5954.2812  0.3095 
   00218    0.5040   -5938.1085  0.2962 
   00219    0.4976   -5940.6679  0.3044 
   00220    0.4780   -5984.6206  0.3134 
   00221    0.5060   -5943.8549  0.3142 
   00222    0.5164   -5871.1300  0.3102 
   00223    0.5056   -5917.0663  0.3105 
   00224    0.4844   -5941.7093  0.3112 
   00225    0.4820   -5963.9232  0.3133 
   00226    0.4788   -5977.0767  0.3232 
   00227    0.4660   -5995.2800  0.3175 
   00228    0.4884   -6075.7141  0.3231 
   00229    0.4860   -5892.2853  0.3217 
   00230    0.4904   -5929.8589  0.3252 
   00231    0.4656   -6014.1753  0.3168 
   00232    0.4896   -6050.8556  0.3073 
   00233    0.4900   -6064.7954  0.3139 
   00234    0.4984   -6012.9240  0.3005 
   00235    0.4912   -5943.9299  0.3071 
   00236    0.4844   -5952.6275  0.3101 
   00237    0.4912   -6031.8427  0.3089 
   00238    0.4724   -6102.5974  0.3182 
   00239    0.4800   -6057.8388  0.3227 
   00240    0.4956   -5865.2394  0.3257 
   00241    0.5036   -5802.2524  0.3304 
   00242    0.5240   -5919.5986  0.3305 
   00243    0.4868   -5832.9175  0.3322 
   00244    0.4988   -5808.1019  0.3290 
   00245    0.5052   -5845.9620  0.3191 
   00246    0.4984   -5832.5902  0.3160 
   00247    0.5096   -5839.8626  0.3141 
   00248    0.4940   -5850.6081  0.3244 
   00249    0.4908   -5813.1126  0.3296 
   00250    0.5048   -5837.7897  0.3199 
   00251    0.5136   -5876.2027  0.3351 
   00252    0.4908   -5819.3993  0.3351 
   00253    0.4956   -5900.4493  0.3391 
   00254    0.5028   -5914.2626  0.3404 
   00255    0.5048   -5809.4500  0.3435 
   00256    0.4864   -5769.8734  0.3471 
   00257    0.5000   -5809.3030  0.3449 
   00258    0.4952   -5830.0801  0.3358 
   00259    0.4896   -5867.5514  0.3238 
   00260    0.5108   -5897.1302  0.3265 
   00261    0.4884   -5803.0826  0.3268 
   00262    0.4952   -5843.2554  0.3334 
   00263    0.5088   -5820.5504  0.3462 
   00264    0.4952   -5754.8820  0.3430 
   00265    0.4964   -5860.4622  0.3433 
   00266    0.4872   -5795.5900  0.3419 
   00267    0.4992   -5688.2895  0.3309 
   00268    0.5068   -5773.4339  0.3317 
   00269    0.4824   -5841.6299  0.3365 
   00270    0.5132   -5807.7368  0.3232 
   00271    0.4956   -5848.7811  0.3147 
   00272    0.5020   -5922.3039  0.3318 
   00273    0.4860   -5829.4469  0.3058 
   00274    0.4944   -5868.3011  0.3150 
   00275    0.4852   -5869.8867  0.3024 
   00276    0.4940   -5739.8690  0.2966 
   00277    0.5048   -5808.0460  0.2878 
   00278    0.5000   -5913.0655  0.2982 
   00279    0.4880   -5955.8295  0.2969 
   00280    0.4920   -6002.4366  0.3013 
   00281    0.4952   -5997.3906  0.3076 
   00282    0.4768   -5938.7817  0.3264 
   00283    0.4748   -5896.6448  0.3299 
   00284    0.5020   -5890.6152  0.3283 
   00285    0.4984   -5874.6111  0.3297 
   00286    0.4968   -5850.7406  0.3220 
   00287    0.4896   -5840.3755  0.3170 
   00288    0.4948   -5815.5938  0.3002 
   00289    0.4824   -5798.1376  0.3001 
   00290    0.4840   -5885.5370  0.2973 
   00291    0.4852   -5931.9549  0.2930 
   00292    0.4904   -5890.8327  0.2851 
   00293    0.5124   -5883.5715  0.2910 
   00294    0.4864   -5879.5789  0.2945 
   00295    0.4724   -5945.1309  0.2882 
   00296    0.4920   -5921.2371  0.2828 
   00297    0.4980   -5985.3066  0.2944 
   00298    0.5056   -5901.1981  0.2916 
   00299    0.4968   -5949.3673  0.2997 
   00300    0.5044   -5902.3386  0.3041 
   00301    0.5040   -5893.9369  0.3040 
   00302    0.5056   -5809.6145  0.2953 
   00303    0.4912   -5866.4843  0.2940 
   00304    0.4888   -5880.8042  0.2926 
   00305    0.4952   -5994.4612  0.2971 
   00306    0.4900   -5998.4410  0.3021 
   00307    0.5084   -5957.9240  0.3134 
   00308    0.4732   -6004.7656  0.3163 
   00309    0.4948   -6002.3994  0.3322 
   00310    0.4772   -6026.8871  0.3292 
   00311    0.4896   -5979.1103  0.3339 
   00312    0.5000   -5995.8134  0.3271 
   00313    0.4784   -5946.6995  0.3308 
   00314    0.4924   -5820.1160  0.3269 
   00315    0.5160   -5813.7651  0.3225 
   00316    0.5096   -5799.9111  0.3123 
   00317    0.4844   -5808.0204  0.3218 
   00318    0.5024   -5826.8416  0.3321 
   00319    0.4932   -5844.2686  0.3264 
   00320    0.4964   -5859.9967  0.3235 
   00321    0.4928   -5907.8361  0.3196 
   00322    0.4896   -5890.4822  0.3288 
   00323    0.4932   -5871.6044  0.3307 
   00324    0.5008   -5831.4217  0.3200 
   00325    0.5040   -5823.0534  0.3136 
   00326    0.4952   -5788.1247  0.3162 
   00327    0.4944   -5767.7791  0.3219 
   00328    0.5120   -5779.0492  0.3293 
   00329    0.4824   -5820.2123  0.3277 
   00330    0.4864   -5890.4410  0.3218 
   00331    0.5052   -5766.5642  0.3341 
   00332    0.5132   -5817.9099  0.3336 
   00333    0.4912   -5801.8996  0.3247 
   00334    0.4896   -5922.2630  0.3231 
   00335    0.4848   -5869.4091  0.3270 
   00336    0.4900   -5865.5526  0.3310 
   00337    0.4752   -5888.2586  0.3240 
   00338    0.4796   -5856.5136  0.3118 
   00339    0.4864   -5922.7390  0.3229 
   00340    0.4856   -5926.7044  0.3343 
   00341    0.4888   -5949.4177  0.3379 
   00342    0.4852   -5950.4881  0.3443 
   00343    0.4964   -5941.1102  0.3432 
   00344    0.4892   -5888.9262  0.3401 
   00345    0.4884   -5935.8732  0.3365 
   00346    0.4804   -5991.3075  0.3442 
   00347    0.4868   -5962.5829  0.3455 
   00348    0.4728   -5994.3928  0.3373 
   00349    0.4996   -5965.8384  0.3369 
   00350    0.4720   -5840.0313  0.3289 
   00351    0.4988   -5839.7499  0.3358 
   00352    0.4948   -5945.6679  0.3362 
   00353    0.4844   -5960.4228  0.3476 
   00354    0.4756   -5964.7916  0.3601 
   00355    0.4940   -5975.6605  0.3635 
   00356    0.5024   -5931.6777  0.3606 
   00357    0.4796   -5930.5483  0.3685 
   00358    0.5044   -5975.5068  0.3709 
   00359    0.4696   -5874.0431  0.3708 
   00360    0.5044   -5871.0337  0.3621 
   00361    0.4816   -5954.2184  0.3357 
   00362    0.4864   -5906.4708  0.3451 
   00363    0.4868   -5876.8646  0.3332 
   00364    0.4964   -5790.2112  0.3287 
   00365    0.4944   -5862.3580  0.3359 
   00366    0.4880   -6008.6703  0.3466 
   00367    0.4876   -5900.8633  0.3540 
   00368    0.4860   -6003.4839  0.3454 
   00369    0.4856   -5963.0762  0.3554 
   00370    0.4808   -5972.4193  0.3463 
   00371    0.4876   -5947.3320  0.3440 
   00372    0.4816   -5843.7092  0.3434 
   00373    0.4968   -5835.1293  0.3614 
   00374    0.4920   -5845.6766  0.3510 
   00375    0.5028   -5830.5402  0.3358 
   00376    0.5164   -5865.2169  0.3411 
   00377    0.5112   -5913.8888  0.3451 
   00378    0.4792   -5945.3754  0.3371 
   00379    0.4956   -5985.0871  0.3376 
   00380    0.4936   -5929.0296  0.3340 
   00381    0.5004   -5920.2031  0.3318 
   00382    0.5116   -5801.2777  0.3303 
   00383    0.4936   -5771.1892  0.3272 
   00384    0.5128   -5786.3875  0.3170 
   00385    0.5012   -5866.2637  0.3281 
   00386    0.5008   -5945.4309  0.3310 
   00387    0.4764   -5903.4084  0.3324 
   00388    0.4968   -5935.0074  0.3310 
   00389    0.5008   -5922.8698  0.3337 
   00390    0.4880   -5932.5278  0.3341 
   00391    0.4820   -5894.4032  0.3359 
   00392    0.5008   -5868.2962  0.3270 
   00393    0.5120   -5848.5715  0.3298 
   00394    0.5044   -5876.3859  0.3270 
   00395    0.4976   -5874.6864  0.3390 
   00396    0.4880   -5914.1589  0.3218 
   00397    0.5124   -5992.1757  0.3315 
   00398    0.4816   -5911.6852  0.3294 
   00399    0.5008   -5842.9519  0.3221 
   00400    0.5020   -5919.8213  0.3219 
   00401    0.5028   -5895.5879  0.3260 
   00402    0.4792   -5898.1605  0.3021 
   00403    0.5044   -5889.7412  0.3141 
   00404    0.5100   -5858.3494  0.3152 
   00405    0.4836   -5917.8535  0.3076 
   00406    0.4792   -5930.1932  0.3044 
   00407    0.4824   -5947.1689  0.3088 
   00408    0.5032   -5815.2168  0.3123 
   00409    0.4984   -5838.5188  0.3186 
   00410    0.5044   -5863.0416  0.3250 
   00411    0.4928   -5927.2782  0.3111 
   00412    0.4760   -5879.7384  0.3090 
   00413    0.5140   -5798.9514  0.3033 
   00414    0.4972   -5839.4349  0.3089 
   00415    0.4916   -5884.2378  0.3019 
   00416    0.5028   -5916.8386  0.3029 
   00417    0.4952   -5926.6334  0.3044 
   00418    0.4832   -5892.8225  0.3117 
   00419    0.5080   -5886.1461  0.3162 
   00420    0.5048   -5909.3951  0.3130 
   00421    0.4864   -5947.2359  0.3260 
   00422    0.4900   -5857.2131  0.3267 
   00423    0.5044   -5894.3593  0.3253 
   00424    0.4920   -5873.5965  0.3170 
   00425    0.5164   -5850.8522  0.3083 
   00426    0.4992   -6004.5370  0.3062 
   00427    0.5060   -5914.1977  0.3060 
   00428    0.4904   -5921.8628  0.3067 
   00429    0.5004   -5933.0516  0.2977 
   00430    0.4800   -5920.7866  0.3085 
   00431    0.4900   -5898.8202  0.3199 
   00432    0.4840   -5874.8251  0.3353 
   00433    0.4972   -5853.9180  0.3254 
   00434    0.4912   -5855.2814  0.3263 
   00435    0.4952   -5864.2664  0.3185 
   00436    0.5120   -5992.9067  0.3103 
   00437    0.4884   -5935.7821  0.3032 
   00438    0.4956   -5933.5330  0.2868 
   00439    0.5132   -5887.0262  0.2803 
   00440    0.5024   -5978.6075  0.2740 
   00441    0.4728   -6021.6245  0.2836 
   00442    0.4704   -6037.7536  0.2989 
   00443    0.4992   -5927.0413  0.3042 
   00444    0.4952   -5881.6931  0.3115 
   00445    0.4896   -5840.9016  0.3028 
   00446    0.5032   -5800.9648  0.2986 
   00447    0.5116   -5744.4436  0.2950 
   00448    0.5124   -5782.5963  0.2867 
   00449    0.4944   -5820.6388  0.2891 
   00450    0.4912   -5763.5723  0.2871 
   00451    0.4956   -5781.1808  0.2717 
   00452    0.4928   -5774.6634  0.2850 
   00453    0.5032   -5831.7675  0.2871 
   00454    0.4992   -5798.7841  0.2812 
   00455    0.5236   -5768.2244  0.2686 
   00456    0.4952   -5877.0612  0.2791 
   00457    0.4904   -5874.7300  0.2868 
   00458    0.5088   -5831.7921  0.2972 
   00459    0.5020   -5717.4326  0.2904 
   00460    0.5096   -5662.6764  0.2772 
   00461    0.5084   -5690.3848  0.2823 
   00462    0.4976   -5739.7653  0.2896 
   00463    0.4880   -5724.1897  0.2902 
   00464    0.5088   -5753.3145  0.2833 
   00465    0.5020   -5735.7530  0.2856 
   00466    0.5096   -5826.1474  0.2880 
   00467    0.4932   -5904.8261  0.2869 
   00468    0.4856   -5957.2494  0.2841 
   00469    0.4912   -5891.2911  0.2855 
   00470    0.5036   -5906.9027  0.2855 
   00471    0.5016   -5919.2371  0.2955 
   00472    0.4932   -5829.8794  0.2919 
   00473    0.4976   -5875.0678  0.2958 
   00474    0.4980   -5882.4191  0.3216 
   00475    0.5076   -5872.7125  0.3123 
   00476    0.4932   -5831.3714  0.3025 
   00477    0.4936   -5792.3917  0.2940 
   00478    0.5064   -5895.8798  0.3070 
   00479    0.5064   -5859.1632  0.3079 
   00480    0.5012   -5865.8432  0.3138 
   00481    0.4824   -5901.1997  0.3181 
   00482    0.4952   -5919.4047  0.3248 
   00483    0.5032   -5916.6627  0.3217 
   00484    0.4828   -5940.8425  0.3309 
   00485    0.5096   -5868.1325  0.3190 
   00486    0.4936   -5803.2348  0.3234 
   00487    0.5124   -5677.5406  0.3266 
   00488    0.5096   -5724.7486  0.3289 
   00489    0.5004   -5854.9601  0.3254 
   00490    0.5132   -5877.9974  0.3275 
   00491    0.5000   -5876.1629  0.3260 
   00492    0.5060   -5867.7055  0.3190 
   00493    0.4936   -5872.8991  0.3091 
   00494    0.5024   -5870.6490  0.3006 
   00495    0.5004   -5856.1010  0.2982 
   00496    0.4988   -5880.3091  0.3036 
   00497    0.4900   -5874.0676  0.3053 
   00498    0.4916   -5911.4424  0.3053 
   00499    0.4880   -5936.6403  0.3276 
   00500    0.4860   -6008.7515  0.3225 
   00501    0.4956   -5954.7723  0.3261 
   00502    0.4980   -5981.2140  0.3375 
   00503    0.4920   -5919.3115  0.3427 
   00504    0.4788   -5936.6642  0.3442 
   00505    0.4904   -5951.3419  0.3424 
   00506    0.4900   -6015.0279  0.3384 
   00507    0.4824   -6018.9439  0.3258 
   00508    0.4872   -5919.0981  0.3275 
   00509    0.4832   -5944.2568  0.3284 
   00510    0.4984   -5927.7227  0.3300 
   00511    0.4864   -5918.0343  0.3387 
   00512    0.4800   -5996.4627  0.3370 
   00513    0.4900   -6038.2022  0.3287 
   00514    0.5016   -5914.5308  0.3132 
   00515    0.4972   -5910.9196  0.3098 
   00516    0.4820   -5923.8036  0.3084 
   00517    0.4796   -5971.1260  0.2994 
   00518    0.4856   -6005.4873  0.2899 
   00519    0.4868   -6048.5197  0.2909 
   00520    0.4792   -5980.0497  0.2931 
   00521    0.4896   -5895.5725  0.2872 
   00522    0.4928   -6006.6004  0.2858 
   00523    0.4664   -5973.9116  0.2953 
   00524    0.4788   -5982.6230  0.2943 
   00525    0.5064   -5921.8055  0.2924 
   00526    0.4744   -5986.2892  0.2854 
   00527    0.5040   -5931.3919  0.3033 
   00528    0.5008   -5908.4430  0.3186 
   00529    0.5028   -5971.2290  0.3074 
   00530    0.5048   -5969.2986  0.3037 
   00531    0.4936   -5885.0589  0.2921 
   00532    0.5164   -5832.4901  0.2822 
   00533    0.5124   -5987.9013  0.2895 
   00534    0.4960   -5939.1403  0.2917 
   00535    0.5020   -5846.2731  0.2976 
   00536    0.5004   -5767.4894  0.3173 
   00537    0.4956   -5808.5754  0.3113 
   00538    0.4968   -5862.8419  0.3074 
   00539    0.4836   -5833.9041  0.2999 
   00540    0.4848   -5886.2962  0.3014 
   00541    0.4876   -5871.2582  0.3006 
   00542    0.4884   -5841.1360  0.3118 
   00543    0.4920   -5909.0409  0.3274 
   00544    0.5084   -5853.8717  0.3309 
   00545    0.5000   -5879.6354  0.3319 
   00546    0.4884   -6071.4281  0.3280 
   00547    0.4708   -6045.6343  0.3211 
   00548    0.4724   -6113.8829  0.3276 
   00549    0.4816   -6010.8968  0.3124 
   00550    0.4840   -5995.1570  0.3201 
   00551    0.4892   -5908.5979  0.3145 
   00552    0.4912   -5978.1839  0.3128 
   00553    0.4800   -5957.9131  0.3123 
   00554    0.4792   -5994.1227  0.3017 
   00555    0.4920   -6031.9941  0.3128 
   00556    0.4788   -5961.2577  0.3128 
   00557    0.4860   -5987.2598  0.3166 
   00558    0.4668   -5906.7623  0.3188 
   00559    0.5000   -6026.0837  0.3187 
   00560    0.4972   -6006.4790  0.3209 
   00561    0.4820   -6074.5162  0.3303 
   00562    0.4772   -6041.1219  0.3255 
   00563    0.4824   -5991.6225  0.3229 
   00564    0.4780   -6006.9774  0.3168 
   00565    0.4632   -6015.0281  0.3022 
   00566    0.4908   -5849.0662  0.3022 
   00567    0.4788   -5894.1576  0.3123 
   00568    0.4840   -5905.7905  0.2977 
   00569    0.4884   -5942.1158  0.2866 
   00570    0.4820   -5860.4779  0.2765 
   00571    0.4840   -5865.9808  0.2792 
   00572    0.5148   -5880.9040  0.2708 
   00573    0.4848   -5902.9756  0.2605 
   00574    0.4912   -5907.6249  0.2584 
   00575    0.4920   -5882.7898  0.2801 
   00576    0.4920   -5905.6255  0.2786 
   00577    0.4956   -6033.0239  0.2802 
   00578    0.4772   -5933.9539  0.2743 
   00579    0.4952   -5878.0633  0.2752 
   00580    0.5012   -5980.3232  0.2823 
   00581    0.4528   -6029.0450  0.2832 
   00582    0.4816   -5943.0432  0.2861 
   00583    0.4864   -5962.6255  0.2808 
   00584    0.4964   -5898.2262  0.2748 
   00585    0.4808   -5834.2282  0.2810 
   00586    0.5116   -5791.4319  0.2739 
   00587    0.5060   -5869.8617  0.2797 
   00588    0.4944   -5890.9947  0.2852 
   00589    0.5140   -5883.3055  0.3016 
   00590    0.4996   -5927.6113  0.3129 
   00591    0.4816   -5884.5496  0.3045 
   00592    0.4912   -5841.8892  0.3248 
   00593    0.4932   -5777.0894  0.3403 
   00594    0.4968   -5706.1404  0.3415 
   00595    0.5048   -5730.3174  0.3423 
   00596    0.4964   -5682.8325  0.3492 
   00597    0.5192   -5693.8245  0.3522 
   00598    0.4904   -5802.1152  0.3688 
   00599    0.5208   -5780.8966  0.3606 
   00600    0.5020   -5822.6787  0.3732 
   00601    0.4916   -5860.4098  0.3665 
   00602    0.4880   -5826.1484  0.3643 
   00603    0.4940   -5802.5914  0.3705 
   00604    0.4904   -5676.7367  0.3643 
   00605    0.4956   -5675.2801  0.3660 
   00606    0.5072   -5636.1026  0.3584 
   00607    0.5100   -5723.2254  0.3527 
   00608    0.5028   -5677.8297  0.3484 
   00609    0.5012   -5759.1657  0.3567 
   00610    0.4940   -5767.2356  0.3660 
   00611    0.4988   -5756.3023  0.3753 
   00612    0.5032   -5746.1938  0.3872 
   00613    0.4880   -5711.5405  0.3832 
   00614    0.4908   -5829.1997  0.3881 
   00615    0.5216   -5806.3462  0.3953 
   00616    0.5280   -5936.6211  0.3913 
   00617    0.4876   -5893.2729  0.3944 
   00618    0.5036   -5855.2871  0.3833 
   00619    0.5164   -5863.6642  0.3825 
   00620    0.5120   -5805.5981  0.3813 
   00621    0.4892   -5898.6052  0.3783 
   00622    0.4884   -5937.0889  0.3557 
   00623    0.5108   -5924.8987  0.3370 
   00624    0.5008   -5830.8325  0.3381 
   00625    0.5212   -5721.9135  0.3189 
   00626    0.5036   -5823.3490  0.3108 
   00627    0.4772   -5866.9825  0.3250 
   00628    0.5068   -5842.3043  0.3412 
   00629    0.4892   -5869.2335  0.3406 
   00630    0.5120   -5789.3068  0.3312 
   00631    0.5012   -5775.1739  0.3250 
   00632    0.4976   -5780.2242  0.3268 
   00633    0.5004   -5746.6084  0.3273 
   00634    0.4872   -5710.8158  0.3254 
   00635    0.5388   -5700.8393  0.3193 
   00636    0.5088   -5774.8406  0.3210 
   00637    0.4904   -5876.0234  0.3445 
   00638    0.5000   -5809.0771  0.3453 
   00639    0.5112   -5811.9458  0.3265 
   00640    0.5052   -5708.8002  0.3238 
   00641    0.5024   -5738.5028  0.3243 
   00642    0.5168   -5737.1772  0.3268 
   00643    0.5072   -5805.6817  0.3170 
   00644    0.4976   -5766.2563  0.3126 
   00645    0.4892   -5775.5894  0.3116 
   00646    0.5052   -5803.7353  0.3003 
   00647    0.4724   -5882.8756  0.3004 
   00648    0.4776   -5818.6418  0.2948 
   00649    0.4848   -5819.2086  0.2881 
   00650    0.4972   -5834.4451  0.2897 
   00651    0.5168   -5852.6716  0.2786 
   00652    0.5024   -5846.8478  0.2793 
   00653    0.4884   -5860.1551  0.2703 
   00654    0.4900   -5889.7753  0.2588 
   00655    0.5012   -5855.8465  0.2711 
   00656    0.4896   -5923.2675  0.2634 
   00657    0.5024   -5936.3868  0.2578 
   00658    0.4984   -5913.9237  0.2618 
   00659    0.4748   -5842.1767  0.2617 
   00660    0.5004   -5806.0930  0.2570 
   00661    0.4800   -5863.3879  0.2606 
   00662    0.5024   -5877.5933  0.2651 
   00663    0.4916   -5896.5900  0.2738 
   00664    0.4832   -5929.9875  0.2608 
   00665    0.5056   -5896.0678  0.2589 
   00666    0.4812   -5766.7280  0.2585 
   00667    0.5088   -5714.0630  0.2579 
   00668    0.5268   -5905.0465  0.2572 
   00669    0.4908   -5921.7339  0.2598 
   00670    0.4964   -6019.9750  0.2665 
   00671    0.4880   -5998.6180  0.2630 
   00672    0.4844   -6011.0548  0.2676 
   00673    0.4876   -6029.6397  0.2589 
   00674    0.4920   -6003.5848  0.2648 
   00675    0.4776   -5996.6910  0.2619 
   00676    0.4904   -5945.6888  0.2646 
   00677    0.5032   -5921.5050  0.2644 
   00678    0.4892   -5923.9598  0.2578 
   00679    0.4676   -5919.8781  0.2578 
   00680    0.4888   -5963.0525  0.2549 
   00681    0.4912   -5948.9446  0.2585 
   00682    0.4796   -6023.7027  0.2669 
   00683    0.4824   -5947.8817  0.2654 
   00684    0.4936   -5992.6145  0.2761 
   00685    0.4840   -6008.9223  0.2796 
   00686    0.4832   -5991.5653  0.2930 
   00687    0.4728   -6051.4936  0.2853 
   00688    0.4776   -6068.8166  0.2801 
   00689    0.5020   -6053.4016  0.2695 
   00690    0.4956   -5969.3199  0.2635 
   00691    0.4896   -6050.5623  0.2650 
   00692    0.4932   -6032.8464  0.2755 
   00693    0.5152   -6099.7586  0.2818 
   00694    0.4740   -6109.2541  0.2820 
   00695    0.4808   -6137.3783  0.2864 
   00696    0.4748   -6132.5272  0.2917 
   00697    0.4900   -6069.7122  0.3014 
   00698    0.4804   -6089.6270  0.3109 
   00699    0.4732   -6116.7428  0.3093 
   00700    0.4760   -6119.6718  0.3089 
   00701    0.4772   -6042.7774  0.3088 
   00702    0.4884   -6006.1631  0.3049 
   00703    0.4872   -6046.6205  0.3176 
   00704    0.4896   -6073.4793  0.3137 
   00705    0.4848   -5902.8463  0.3206 
   00706    0.4828   -5894.8627  0.3163 
   00707    0.5084   -5860.8390  0.3275 
   00708    0.4728   -5893.7918  0.3128 
   00709    0.5012   -5817.5512  0.3166 
   00710    0.4968   -5763.3301  0.3199 
   00711    0.5132   -5844.3878  0.3302 
   00712    0.4924   -5834.3022  0.3307 
   00713    0.4996   -5824.8306  0.3302 
   00714    0.5080   -5838.5619  0.3250 
   00715    0.5040   -5828.5066  0.3313 
   00716    0.5020   -5877.5543  0.3222 
   00717    0.4948   -5837.5111  0.3123 
   00718    0.4988   -5834.7259  0.3117 
   00719    0.5024   -5808.3238  0.3219 
   00720    0.4956   -5928.0434  0.3245 
   00721    0.5196   -5906.1491  0.3355 
   00722    0.4760   -5877.2711  0.3281 
   00723    0.4976   -5870.7302  0.3189 
   00724    0.4720   -5984.8448  0.3175 
   00725    0.4820   -5898.3900  0.3191 
   00726    0.4824   -5904.4579  0.3140 
   00727    0.4904   -6034.5961  0.3021 
   00728    0.4888   -6063.6270  0.3100 
   00729    0.4616   -6019.8332  0.3150 
   00730    0.4916   -5921.2260  0.3176 
   00731    0.4824   -5990.4571  0.3288 
   00732    0.4780   -5989.7256  0.3304 
   00733    0.4916   -6002.5404  0.3371 
   00734    0.4684   -6057.7946  0.3215 
   00735    0.4788   -6102.7819  0.3116 
   00736    0.4848   -5945.2709  0.3130 
   00737    0.4844   -5930.6424  0.3188 
   00738    0.5096   -5908.6004  0.3156 
   00739    0.4844   -5872.5900  0.3211 
   00740    0.5072   -5820.7592  0.3001 
   00741    0.4992   -5862.9270  0.3138 
   00742    0.4992   -5921.8913  0.3035 
   00743    0.4712   -5937.5345  0.3095 
   00744    0.4932   -5834.7784  0.2955 
   00745    0.4896   -5831.8864  0.2937 
   00746    0.4952   -5796.6494  0.2868 
   00747    0.4872   -5982.8611  0.2891 
   00748    0.4860   -6008.1322  0.2962 
   00749    0.4880   -5971.6772  0.2942 
   00750    0.4848   -5866.0451  0.2986 
   00751    0.4936   -5956.1887  0.3028 
   00752    0.4860   -5937.5485  0.3139 
   00753    0.5088   -5867.9077  0.2979 
   00754    0.4940   -5953.7699  0.2933 
   00755    0.4876   -5864.1911  0.2921 
   00756    0.4856   -5959.7379  0.3079 
   00757    0.4836   -5897.1939  0.3093 
   00758    0.4860   -5880.4454  0.3047 
   00759    0.4756   -5873.2995  0.3082 
   00760    0.4916   -5895.2932  0.3077 
   00761    0.4924   -5953.6225  0.2998 
   00762    0.5068   -5954.7838  0.2844 
   00763    0.4904   -6047.4707  0.2905 
   00764    0.4952   -6028.3429  0.2938 
   00765    0.4812   -6045.4610  0.2946 
   00766    0.4956   -5924.3068  0.2824 
   00767    0.4808   -5910.3056  0.2849 
   00768    0.4816   -5905.4998  0.2785 
   00769    0.4984   -5882.5553  0.2754 
   00770    0.5160   -5914.8567  0.2727 
   00771    0.5112   -5943.6034  0.2796 
   00772    0.4948   -6007.9036  0.2758 
   00773    0.4668   -5975.3333  0.2799 
   00774    0.4936   -5935.6507  0.2923 
   00775    0.4832   -5859.6926  0.2927 
   00776    0.4880   -5916.8783  0.3013 
   00777    0.4972   -5928.5934  0.2813 
   00778    0.4916   -5900.9376  0.2843 
   00779    0.4836   -5898.1220  0.2915 
   00780    0.5012   -5950.3229  0.2913 
   00781    0.4748   -5978.4321  0.2933 
   00782    0.5056   -6037.5117  0.2972 
   00783    0.4716   -6007.6560  0.3060 
   00784    0.4784   -5984.8143  0.3128 
   00785    0.4864   -6004.3147  0.3086 
   00786    0.5020   -5855.0864  0.2955 
   00787    0.5100   -5911.2374  0.2925 
   00788    0.4820   -5972.2977  0.2986 
   00789    0.4820   -5951.8106  0.2972 
   00790    0.4808   -5982.4594  0.2979 
   00791    0.4880   -5974.2431  0.2870 
   00792    0.4708   -5947.7050  0.2747 
   00793    0.4880   -5962.9856  0.2642 
   00794    0.4988   -5973.5958  0.2599 
   00795    0.4904   -5984.6952  0.2591 
   00796    0.4804   -5951.0204  0.2573 
   00797    0.5072   -5927.2182  0.2810 
   00798    0.4740   -5966.8834  0.2879 
   00799    0.4912   -5968.6023  0.2880 
   00800    0.4896   -5913.2271  0.2884 
   00801    0.5096   -5932.9869  0.2932 
   00802    0.4804   -5975.1998  0.3005 
   00803    0.4964   -5997.0605  0.2996 
   00804    0.4864   -6038.1821  0.3094 
   00805    0.4800   -6043.3583  0.3057 
   00806    0.5080   -6014.7767  0.3147 
   00807    0.4948   -6050.1329  0.2930 
   00808    0.4832   -6119.5878  0.2991 
   00809    0.4692   -6041.2384  0.3044 
   00810    0.4796   -6069.3297  0.3096 
   00811    0.4856   -6075.0784  0.3051 
   00812    0.4828   -5960.7811  0.3124 
   00813    0.5008   -5994.2241  0.2934 
   00814    0.4860   -6028.7905  0.2912 
   00815    0.4884   -5957.6468  0.2868 
   00816    0.4996   -5902.1657  0.2800 
   00817    0.4816   -5859.9571  0.2760 
   00818    0.4896   -5845.9803  0.2836 
   00819    0.4964   -5851.0905  0.2963 
   00820    0.5040   -5757.4054  0.2860 
   00821    0.5180   -5730.8382  0.2869 
   00822    0.5012   -5765.9111  0.2826 
   00823    0.4916   -5785.4870  0.2854 
   00824    0.4888   -5803.5395  0.2821 
   00825    0.4908   -5800.5191  0.2755 
   00826    0.5056   -5894.8495  0.2713 
   00827    0.4892   -5911.5602  0.2719 
   00828    0.4860   -5860.1585  0.2611 
   00829    0.5048   -5815.4980  0.2640 
   00830    0.5140   -5827.9965  0.2632 
   00831    0.5016   -5851.0421  0.2794 
   00832    0.4904   -5877.0747  0.2689 
   00833    0.5044   -5822.6155  0.2721 
   00834    0.5048   -5788.9667  0.2685 
   00835    0.4972   -5845.6786  0.2695 
   00836    0.5052   -5656.5416  0.2766 
   00837    0.4904   -5733.6153  0.2755 
   00838    0.4988   -5800.1866  0.2657 
   00839    0.5056   -5800.0987  0.2757 
   00840    0.4780   -5887.7241  0.2760 
   00841    0.5020   -5984.9652  0.2809 
   00842    0.5040   -5953.3577  0.2819 
   00843    0.4852   -5854.3439  0.2760 
   00844    0.4728   -5985.6278  0.2746 
   00845    0.4900   -5909.5272  0.2900 
   00846    0.5164   -5896.1231  0.2859 
   00847    0.4920   -5916.2825  0.2899 
   00848    0.4756   -5975.0839  0.3052 
   00849    0.4780   -5926.4755  0.3016 
   00850    0.4924   -5978.8283  0.2993 
   00851    0.4840   -5986.5207  0.2982 
   00852    0.4920   -6003.0994  0.2918 
   00853    0.4768   -6053.1629  0.2880 
   00854    0.4784   -6045.6806  0.2925 
   00855    0.4840   -6091.4483  0.2807 
   00856    0.4772   -5974.4611  0.2780 
   00857    0.4928   -6033.2861  0.2853 
   00858    0.4940   -5904.2650  0.2886 
   00859    0.5136   -5899.8738  0.2830 
   00860    0.5044   -5943.6608  0.2852 
   00861    0.4956   -5964.3210  0.2864 
   00862    0.4824   -5961.1077  0.2885 
   00863    0.4896   -5987.2707  0.2766 
   00864    0.4820   -5895.6286  0.2666 
   00865    0.4824   -5895.9480  0.2657 
   00866    0.4836   -5874.4476  0.2541 
   00867    0.4984   -5889.4380  0.2610 
   00868    0.5012   -5867.1851  0.2516 
   00869    0.5076   -5893.9975  0.2641 
   00870    0.4876   -5954.2032  0.2534 
   00871    0.4972   -5948.5672  0.2614 
   00872    0.4796   -6027.1755  0.2709 
   00873    0.4972   -5909.1969  0.2796 
   00874    0.5064   -5926.4704  0.2821 
   00875    0.4960   -5949.4023  0.2836 
   00876    0.5020   -5961.6166  0.2725 
   00877    0.4772   -5927.1523  0.2809 
   00878    0.4800   -5853.8962  0.2679 
   00879    0.5052   -5819.5290  0.2659 
   00880    0.4996   -5813.1081  0.2604 
   00881    0.5004   -5687.9476  0.2632 
   00882    0.5048   -5735.4766  0.2797 
   00883    0.5052   -5757.8659  0.2837 
   00884    0.4976   -5778.9129  0.2881 
   00885    0.4952   -5724.9325  0.2936 
   00886    0.4920   -5834.5779  0.2907 
   00887    0.4944   -5956.8115  0.2864 
   00888    0.4992   -5830.7790  0.2902 
   00889    0.4948   -5759.2353  0.2877 
   00890    0.4916   -5788.4136  0.2891 
   00891    0.5240   -5829.8590  0.2916 
   00892    0.4976   -5909.1102  0.2951 
   00893    0.4792   -5962.9698  0.2888 
   00894    0.4952   -5920.2361  0.2872 
   00895    0.5008   -5951.0263  0.2901 
   00896    0.4992   -5988.5495  0.2933 
   00897    0.4836   -6023.4412  0.2905 
   00898    0.5008   -5894.6711  0.2957 
   00899    0.4868   -5927.1162  0.2957 
   00900    0.5004   -5919.2212  0.2718 
   00901    0.4788   -5885.0202  0.2724 
   00902    0.5096   -5861.5454  0.2740 
   00903    0.4960   -5968.1503  0.2691 
   00904    0.4952   -5903.7471  0.2693 
   00905    0.5028   -5863.7253  0.2669 
   00906    0.5000   -5861.6570  0.2835 
   00907    0.4984   -5836.9125  0.2716 
   00908    0.4996   -5818.9398  0.2705 
   00909    0.5012   -5897.8954  0.2635 
   00910    0.5076   -5825.4332  0.2611 
   00911    0.5024   -5933.6167  0.2676 
   00912    0.4908   -5972.6174  0.2653 
   00913    0.4856   -5953.2301  0.2743 
   00914    0.4760   -5951.9314  0.2736 
   00915    0.4912   -5986.5846  0.2894 
   00916    0.4784   -6010.7197  0.2902 
   00917    0.4920   -5974.5980  0.2885 
   00918    0.4908   -6015.5955  0.2893 
   00919    0.4912   -5925.1320  0.2997 
   00920    0.4936   -6000.3717  0.2883 
   00921    0.4940   -5972.3147  0.2942 
   00922    0.4968   -5856.8485  0.3074 
   00923    0.5108   -5957.2166  0.3059 
   00924    0.4924   -5977.0278  0.3015 
   00925    0.4792   -5870.8116  0.2987 
   00926    0.4816   -5836.9875  0.2944 
   00927    0.5004   -5850.6105  0.3216 
   00928    0.5052   -5912.6401  0.3210 
   00929    0.4964   -5963.6350  0.3219 
   00930    0.5016   -5946.5523  0.3203 
   00931    0.4800   -6015.3567  0.3292 
   00932    0.4736   -6013.7019  0.3284 
   00933    0.4688   -6052.8094  0.3206 
   00934    0.4868   -6006.3619  0.3244 
   00935    0.4800   -6064.4440  0.3116 
   00936    0.4772   -6026.3110  0.3178 
   00937    0.4928   -6005.0858  0.3112 
   00938    0.4908   -5904.9972  0.3150 
   00939    0.4856   -5834.9848  0.3096 
   00940    0.4972   -5830.1385  0.3167 
   00941    0.4968   -5833.4645  0.3221 
   00942    0.5092   -5792.3294  0.3099 
   00943    0.4868   -5786.2153  0.3055 
   00944    0.5040   -5811.0174  0.3155 
   00945    0.5156   -5778.5920  0.3086 
   00946    0.5028   -5823.6621  0.3043 
   00947    0.4888   -5908.5320  0.3028 
   00948    0.4888   -5880.5774  0.3069 
   00949    0.4908   -5955.0719  0.3160 
   00950    0.4908   -5975.9780  0.3183 
   00951    0.4988   -5938.6911  0.3302 
   00952    0.4916   -5923.6991  0.3344 
   00953    0.4976   -5906.8602  0.3348 
   00954    0.4868   -5846.1100  0.3294 
   00955    0.4924   -5795.8696  0.3157 
   00956    0.4864   -5773.3185  0.2966 
   00957    0.5012   -5844.9913  0.2933 
   00958    0.5228   -5855.5195  0.2882 
   00959    0.4996   -5937.6309  0.2804 
   00960    0.4912   -5996.2017  0.2970 
   00961    0.4768   -5990.5078  0.3020 
   00962    0.5104   -5974.4428  0.3047 
   00963    0.4852   -5918.3885  0.3058 
   00964    0.4840   -5893.9323  0.3010 
   00965    0.5020   -5880.6689  0.2952 
   00966    0.4948   -5904.0545  0.2810 
   00967    0.4932   -5909.2135  0.2887 
   00968    0.4904   -6040.7630  0.2919 
   00969    0.4964   -5964.8725  0.2936 
   00970    0.4812   -5996.5877  0.2958 
   00971    0.4804   -5961.4649  0.2894 
   00972    0.4964   -5969.9441  0.2974 
   00973    0.4916   -5996.6846  0.2946 
   00974    0.5188   -5980.2582  0.2987 
   00975    0.4880   -6007.4331  0.2884 
   00976    0.4588   -6028.3719  0.2947 
   00977    0.4848   -6020.5147  0.2903 
   00978    0.4772   -6178.3815  0.2915 
   00979    0.4856   -6019.8806  0.2795 
   00980    0.4960   -6005.3553  0.2813 
   00981    0.4924   -6082.7411  0.2774 
   00982    0.4704   -6025.3745  0.2741 
   00983    0.4828   -5918.8973  0.2885 
   00984    0.4840   -5886.3807  0.2958 
   00985    0.5064   -5962.5860  0.2850 
   00986    0.4800   -6044.5268  0.2902 
   00987    0.4796   -6060.3761  0.2856 
   00988    0.4888   -6013.0877  0.2864 
   00989    0.4860   -6004.2420  0.2795 
   00990    0.4888   -5889.4726  0.2791 
   00991    0.4936   -5876.3505  0.2734 
   00992    0.4968   -5857.1179  0.2701 
   00993    0.4808   -5808.4309  0.2666 
   00994    0.5020   -5857.2675  0.2708 
   00995    0.4932   -5813.9067  0.2600 
   00996    0.4968   -5804.6183  0.2658 
   00997    0.4936   -5883.5081  0.2722 
   00998    0.4940   -5837.3178  0.2747 
   00999    0.4876   -5820.9697  0.2732 
   01000    0.4840   -5874.3750  0.2933 
