#=====================================================
# File created:        Tue-12-Mar-2024-at-11-57-39AM
# Size of lattice:     50x50
# Number of MC steps:  1000
# Reduced temperature: 1.000
# Run time (s):        88.291687
#=====================================================
# MC step:  Ratio:     Energy:   Order:
#=====================================================
   00000    0.5000   -2553.9932  0.2598 
   00001    0.7088   -3708.3752  0.2685 
   00002    0.6400   -4439.5596  0.2697 
   00003    0.5816   -4858.3574  0.2743 
   00004    0.5684   -5036.9990  0.2935 
   00005    0.5624   -5221.7202  0.2855 
   00006    0.5320   -5323.3267  0.2935 
   00007    0.5428   -5473.2764  0.3004 
   00008    0.5056   -5495.5996  0.2884 
   00009    0.5096   -5533.6353  0.2900 
   00010    0.5204   -5627.8081  0.2866 
   00011    0.4952   -5656.0234  0.2800 
   00012    0.5148   -5616.4624  0.2615 
   00013    0.5040   -5683.2788  0.2622 
   00014    0.5140   -5647.6074  0.2585 
   00015    0.5084   -5653.3638  0.2686 
   00016    0.5128   -5691.2285  0.2648 
   00017    0.5100   -5724.2041  0.2668 
   00018    0.5052   -5745.0356  0.2642 
   00019    0.5016   -5773.5015  0.2714 
   00020    0.5004   -5704.2798  0.2744 
   00021    0.5112   -5683.1973  0.2872 
   00022    0.4956   -5800.7793  0.2940 
   00023    0.5160   -5834.3818  0.2964 
   00024    0.4940   -5805.3799  0.3092 
   00025    0.4900   -5785.7515  0.3048 
   00026    0.5008   -5806.6343  0.3052 
   00027    0.4884   -5840.0342  0.3044 
   00028    0.4776   -5799.6582  0.2894 
   00029    0.5060   -5791.4575  0.2939 
   00030    0.4908   -5735.1323  0.2880 
   00031    0.5092   -5834.6943  0.2967 
   00032    0.5000   -5875.6328  0.2986 
   00033    0.5032   -5857.2393  0.3028 
   00034    0.5120   -5902.5308  0.3023 
   00035    0.4884   -5844.4077  0.3061 
   00036    0.4968   -5825.9492  0.3076 
   00037    0.4952   -5856.8311  0.2976 
   00038    0.4964   -5927.4214  0.2988 
   00039    0.4956   -5895.1089  0.3093 
   00040    0.4792   -5865.7656  0.3123 
   00041    0.4916   -5844.5723  0.2981 
   00042    0.5060   -5795.2251  0.2950 
   00043    0.5056   -5825.6113  0.2973 
   00044    0.4940   -5823.1943  0.2951 
   00045    0.4888   -5948.4756  0.3051 
   00046    0.4924   -5907.7944  0.3172 
   00047    0.4824   -5859.3862  0.3056 
   00048    0.5008   -5825.1987  0.2899 
   00049    0.5204   -5874.7314  0.2945 
   00050    0.4700   -5912.2637  0.3073 
   00051    0.4848   -6038.1304  0.3229 
   00052    0.4888   -5971.4736  0.3203 
   00053    0.5052   -5917.2612  0.3311 
   00054    0.4992   -5884.1602  0.3216 
   00055    0.4984   -5935.2788  0.3203 
   00056    0.5028   -5893.7773  0.3120 
   00057    0.4972   -5852.6382  0.3045 
   00058    0.4960   -5811.4434  0.2914 
   00059    0.4972   -5942.9028  0.2833 
   00060    0.5128   -5936.7700  0.2718 
   00061    0.5060   -5955.4775  0.2629 
   00062    0.4804   -5916.2964  0.2741 
   00063    0.5016   -5898.3081  0.2821 
   00064    0.5188   -5839.4521  0.2938 
   00065    0.4756   -5970.3760  0.2890 
   00066    0.4896   -5898.6821  0.2941 
   00067    0.4920   -5812.3564  0.2830 
   00068    0.4988   -5824.3550  0.2834 
   00069    0.4772   -5851.7979  0.2706 
   00070    0.4952   -5908.6167  0.2670 
   00071    0.4932   -5810.0796  0.2674 
   00072    0.4948   -5818.2588  0.2900 
   00073    0.5068   -5827.4160  0.2878 
   00074    0.5084   -5742.1587  0.2912 
   00075    0.4952   -5735.9478  0.2866 
   00076    0.5040   -5791.9907  0.2899 
   00077    0.5040   -5852.8857  0.2976 
   00078    0.4824   -5870.7349  0.3086 
   00079    0.4936   -5811.1494  0.3101 
   00080    0.5020   -5788.2256  0.3214 
   00081    0.4920   -5824.9951  0.3096 
   00082    0.5020   -5712.6289  0.3071 
   00083    0.4948   -5753.8467  0.2934 
   00084    0.4900   -5793.6714  0.2979 
   00085    0.4876   -5805.7549  0.2859 
   00086    0.5084   -5776.9238  0.2917 
   00087    0.5244   -5784.3950  0.2995 
   00088    0.4912   -5841.1738  0.3071 
   00089    0.5032   -5811.2515  0.3018 
   00090    0.4888   -5872.7764  0.3025 
   00091    0.4932   -5867.7212  0.3153 
   00092    0.5024   -5875.8701  0.3094 
   00093    0.4984   -5925.4585  0.3188 
   00094    0.4932   -5876.3105  0.3160 
   00095    0.4944   -5952.5913  0.3157 
   00096    0.4924   -5960.5889  0.3069 
   00097    0.5004   -5967.1060  0.3138 
   00098    0.4948   -6002.4355  0.3131 
   00099    0.4660   -5948.1108  0.3086 
   00100    0.4868   -5869.5986  0.3157 
   00101    0.4920   -5921.8662  0.3141 
   00102    0.4840   -5986.8389  0.3015 
   00103    0.4708   -6014.0884  0.3139 
   00104    0.5032   -5917.4136  0.3059 
   00105    0.4728   -5982.4263  0.3093 
   00106    0.4896   -5888.7837  0.3077 
   00107    0.5068   -5907.6460  0.3045 
   00108    0.5004   -5939.1934  0.3021 
   00109    0.4988   -5920.1626  0.2952 
   00110    0.5080   -5788.4053  0.2831 
   00111    0.4872   -5800.1440  0.2901 
   00112    0.4904   -5770.4053  0.3009 
   00113    0.4952   -5825.1094  0.3010 
   00114    0.4892   -5869.3418  0.3005 
   00115    0.4936   -5970.5957  0.2972 
   00116    0.4868   -5917.6689  0.3140 
   00117    0.4856   -5912.2085  0.3120 
   00118    0.5068   -5944.1797  0.3225 
   00119    0.4828   -5902.3296  0.3203 
   00120    0.5108   -5794.8066  0.3077 
   00121    0.4916   -5721.5073  0.3036 
   00122    0.5172   -5701.2837  0.3014 
   00123    0.4932   -5812.6416  0.3008 
   00124    0.5056   -5716.1001  0.2926 
   00125    0.5076   -5760.6934  0.2978 
   00126    0.5140   -5799.7886  0.2975 
   00127    0.5144   -5870.4531  0.3130 
   00128    0.5048   -5912.9639  0.3122 
   00129    0.5168   -5960.1196  0.3114 
   00130    0.5032   -5854.8071  0.3168 
   00131    0.5016   -5835.8403  0.3031 
   00132    0.5060   -5822.0840  0.2996 
   00133    0.4804   -5871.6421  0.2940 
   00134    0.5108   -5847.6963  0.2983 
   00135    0.4980   -5831.1382  0.2916 
   00136    0.4764   -5868.9834  0.2952 
   00137    0.4812   -5807.3022  0.2905 
   00138    0.5120   -5783.2051  0.2802 
   00139    0.4944   -5784.6455  0.2758 
   00140    0.4788   -5885.7031  0.2699 
   00141    0.4816   -5868.0698  0.2621 
   00142    0.5080   -5920.6411  0.2651 
   00143    0.5144   -5849.2554  0.2595 
   00144    0.4912   -5871.0693  0.2606 
   00145    0.4904   -5831.5200  0.2520 
   00146    0.4948   -5876.9507  0.2641 
   00147    0.4772   -5959.8945  0.2563 
   00148    0.4848   -6048.6382  0.2550 
   00149    0.4800   -6071.7749  0.2699 
   00150    0.4712   -6012.5884  0.2710 
   00151    0.4740   -5985.0933  0.2710 
   00152    0.4952   -5978.8545  0.2685 
   00153    0.4928   -5981.5439  0.2690 
   00154    0.4932   -5904.7197  0.2583 
   00155    0.4780   -5956.1230  0.2636 
   00156    0.5016   -5935.9316  0.2565 
   00157    0.4852   -5845.4160  0.2564 
   00158    0.4844   -5893.8530  0.2733 
   00159    0.5028   -5906.9976  0.2774 
   00160    0.4708   -5901.1587  0.2701 
   00161    0.5112   -5844.2266  0.2865 
   00162    0.5108   -5793.1685  0.2762 
   00163    0.4976   -5807.4663  0.2686 
   00164    0.4884   -5764.3218  0.2645 
   00165    0.5116   -5791.2334  0.2643 
   00166    0.5180   -5802.6519  0.2534 
   00167    0.5084   -5852.7227  0.2584 
   00168    0.4924   -5871.2227  0.2576 
   00169    0.5012   -5865.5601  0.2562 
   00170    0.5060   -5943.3940  0.2596 
   00171    0.4916   -5839.5986  0.2682 
   00172    0.4916   -5893.1831  0.2711 
   00173    0.5008   -5862.1055  0.2668 
   00174    0.4956   -5897.2544  0.2634 
   00175    0.5048   -5841.4312  0.2740 
   00176    0.5056   -5893.8267  0.2724 
   00177    0.4884   -5993.8892  0.2617 
   00178    0.4924   -5885.0493  0.2616 
   00179    0.4928   -5860.3643  0.2609 
   00180    0.4912   -5894.1064  0.2722 
   00181    0.5012   -5870.7031  0.2819 
   00182    0.4804   -5880.4302  0.2850 
   00183    0.4960   -5801.1128  0.2854 
   00184    0.5088   -5789.1411  0.3000 
   00185    0.5164   -5843.1519  0.2823 
   00186    0.5060   -5780.7979  0.2956 
   00187    0.5120   -5758.9478  0.2987 
   00188    0.4968   -5835.8955  0.2946 
   00189    0.5008   -5818.1841  0.2864 
   00190    0.5104   -5872.0737  0.2844 
   00191    0.4944   -5906.0591  0.2881 
   00192    0.4848   -5895.6533  0.2814 
   00193    0.4852   -5914.9785  0.2820 
   00194    0.4968   -5905.7764  0.2744 
   00195    0.4912   -5866.7764  0.2732 
   00196    0.5064   -5875.9419  0.2727 
   00197    0.4904   -5749.0742  0.2702 
   00198    0.4932   -5751.1777  0.2763 
   00199    0.4856   -5842.0635  0.2832 
   00200    0.5008   -5798.9033  0.2881 
   00201    0.4880   -5748.7256  0.3032 
   00202    0.5004   -5792.8223  0.3097 
   00203    0.5016   -5816.4053  0.3116 
   00204    0.5052   -5889.3789  0.3084 
   00205    0.4944   -5900.2031  0.3067 
   00206    0.4912   -5920.4385  0.3053 
   00207    0.4980   -5919.9678  0.3142 
   00208    0.4976   -5860.6660  0.2877 
   00209    0.5060   -5840.9424  0.2868 
   00210    0.4948   -5819.2271  0.2848 
   00211    0.4968   -5795.9028  0.2881 
   00212    0.5112   -5852.2026  0.2768 
   00213    0.4964   -5809.8262  0.2729 
   00214    0.4988   -5894.0527  0.2657 
   00215    0.5004   -5815.0986  0.2766 
   00216    0.5044   -5923.7271  0.2658 
   00217    0.4884   -5957.4321  0.2628 
   00218    0.4912   -5982.6934  0.2596 
   00219    0.4852   -5926.7866  0.2556 
   00220    0.5016   -5862.6934  0.2706 
   00221    0.4920   -5954.7163  0.2821 
   00222    0.4740   -5984.1392  0.2947 
   00223    0.4924   -5892.0903  0.2835 
   00224    0.4960   -5941.6152  0.2866 
   00225    0.4896   -5926.3481  0.2823 
   00226    0.4980   -6026.5464  0.2775 
   00227    0.4776   -6050.1245  0.2724 
   00228    0.4812   -5973.7134  0.2692 
   00229    0.4900   -5850.3647  0.2658 
   00230    0.4884   -5804.8613  0.2706 
   00231    0.5084   -5867.3618  0.2591 
   00232    0.4896   -5848.7041  0.2552 
   00233    0.4980   -5818.5557  0.2619 
   00234    0.4752   -5825.1123  0.2604 
   00235    0.4996   -5815.9429  0.2722 
   00236    0.5092   -5789.0176  0.2810 
   00237    0.4948   -5829.6055  0.2840 
   00238    0.5132   -5852.6973  0.2761 
   00239    0.5128   -5948.9194  0.2723 
   00240    0.4956   -5889.3086  0.2703 
   00241    0.4988   -5885.5879  0.2725 
   00242    0.4948   -5854.6533  0.2730 
   00243    0.5140   -5923.9121  0.2726 
   00244    0.4900   -5876.6724  0.2655 
   00245    0.4820   -5881.6362  0.2753 
   00246    0.5016   -5763.9531  0.2708 
   00247    0.5104   -5841.7349  0.2739 
   00248    0.4980   -5810.6851  0.2678 
   00249    0.4992   -5824.7969  0.2661 
   00250    0.5140   -5847.5767  0.2891 
   00251    0.4968   -5828.6255  0.2969 
   00252    0.4948   -5816.0288  0.2916 
   00253    0.4892   -5850.7671  0.2935 
   00254    0.5024   -5832.2271  0.3040 
   00255    0.5092   -5853.0454  0.3054 
   00256    0.4884   -5846.8535  0.2974 
   00257    0.4936   -5899.4780  0.2878 
   00258    0.4996   -5792.0117  0.2954 
   00259    0.5096   -5691.0884  0.2805 
   00260    0.5060   -5757.9717  0.2807 
   00261    0.5176   -5722.2847  0.2734 
   00262    0.5192   -5725.0732  0.2700 
   00263    0.5172   -5809.6704  0.2573 
   00264    0.5104   -5824.2285  0.2558 
   00265    0.4892   -5814.4570  0.2553 
   00266    0.5060   -5811.7524  0.2667 
   00267    0.5000   -5797.1836  0.2634 
   00268    0.5000   -5766.7344  0.2794 
   00269    0.5144   -5634.8242  0.2767 
   00270    0.5064   -5672.4419  0.2747 
   00271    0.4996   -5663.7217  0.2793 
   00272    0.5008   -5717.6831  0.2782 
   00273    0.4984   -5830.7866  0.2943 
   00274    0.4908   -5921.9829  0.2944 
   00275    0.4908   -5764.7642  0.2941 
   00276    0.4864   -5906.3125  0.2937 
   00277    0.4836   -5882.9761  0.2917 
   00278    0.4768   -5963.4800  0.3037 
   00279    0.4852   -5927.5015  0.2933 
   00280    0.5032   -5921.0688  0.3077 
   00281    0.4832   -5854.6313  0.3012 
   00282    0.5004   -5952.7441  0.2958 
   00283    0.4948   -5952.4673  0.3083 
   00284    0.4880   -6006.3027  0.3154 
   00285    0.4640   -6011.8740  0.3251 
   00286    0.4732   -6009.8926  0.3298 
   00287    0.5036   -6023.0068  0.3367 
   00288    0.4680   -5951.2246  0.3360 
   00289    0.4980   -5903.4536  0.3416 
   00290    0.5020   -5962.2773  0.3190 
   00291    0.4876   -5930.1602  0.3112 
   00292    0.4964   -5913.7119  0.3072 
   00293    0.4916   -5977.4731  0.3020 
   00294    0.5016   -5847.7676  0.2993 
   00295    0.4960   -5770.9468  0.2941 
   00296    0.5064   -5778.0806  0.3010 
   00297    0.5200   -5857.4170  0.3145 
   00298    0.5088   -5835.7314  0.3041 
   00299    0.4944   -5882.4565  0.2860 
   00300    0.4992   -5867.6724  0.2798 
   00301    0.4940   -5865.1138  0.2587 
   00302    0.4968   -5883.2217  0.2583 
   00303    0.5132   -5868.3213  0.2570 
   00304    0.5024   -5817.7837  0.2577 
   00305    0.5040   -5842.6279  0.2606 
   00306    0.4992   -5791.0688  0.2589 
   00307    0.4804   -5856.2231  0.2650 
   00308    0.5000   -5817.4116  0.2672 
   00309    0.5028   -5851.7935  0.2754 
   00310    0.4904   -5865.2778  0.2808 
   00311    0.4932   -5965.1870  0.2839 
   00312    0.4868   -5992.4570  0.2863 
   00313    0.4992   -5971.4194  0.2841 
   00314    0.4856   -5825.9800  0.2875 
   00315    0.4980   -5861.2119  0.3034 
   00316    0.5020   -5842.5767  0.3045 
   00317    0.4912   -5933.9170  0.3032 
   00318    0.4960   -5913.1362  0.3067 
   00319    0.5088   -5938.2632  0.3130 
   00320    0.5072   -5837.5454  0.3157 
   00321    0.5008   -5843.0605  0.3256 
   00322    0.4924   -5944.7837  0.3317 
   00323    0.4848   -5878.5518  0.3345 
   00324    0.4796   -5887.7114  0.3315 
   00325    0.4940   -5953.3022  0.3334 
   00326    0.5048   -5925.7642  0.3358 
   00327    0.5008   -5974.2295  0.3431 
   00328    0.4840   -6003.8511  0.3363 
   00329    0.4904   -6023.4741  0.3359 
   00330    0.4828   -5952.7466  0.3255 
   00331    0.4952   -5951.4409  0.3095 
   00332    0.4904   -5985.0547  0.2997 
   00333    0.4960   -5953.8140  0.2969 
   00334    0.4864   -5926.0415  0.3023 
   00335    0.4840   -6022.6616  0.3069 
   00336    0.5120   -5985.6157  0.3120 
   00337    0.4816   -6017.0391  0.3137 
   00338    0.4740   -6018.6450  0.3123 
   00339    0.4848   -5942.9531  0.3150 
   00340    0.4900   -5917.7104  0.3169 
   00341    0.4744   -5978.1147  0.3093 
   00342    0.5020   -6030.6177  0.3046 
   00343    0.4860   -5971.2349  0.3006 
   00344    0.5040   -6043.0127  0.3069 
   00345    0.4832   -6003.6782  0.3040 
   00346    0.4960   -5853.9233  0.3054 
   00347    0.5084   -5910.2031  0.3000 
   00348    0.4968   -6006.4541  0.3095 
   00349    0.4996   -5917.4238  0.3078 
   00350    0.4728   -5978.5557  0.3081 
   00351    0.4848   -5927.2500  0.3180 
   00352    0.4920   -6016.3389  0.3084 
   00353    0.4764   -5929.5229  0.3072 
   00354    0.5156   -5832.0210  0.2914 
   00355    0.4800   -5857.9941  0.2816 
   00356    0.4948   -5928.1221  0.2933 
   00357    0.5040   -5972.5381  0.3002 
   00358    0.5064   -5940.9419  0.3129 
   00359    0.4968   -5880.1719  0.3141 
   00360    0.4972   -5915.9507  0.3070 
   00361    0.4744   -5919.7944  0.3045 
   00362    0.4992   -5898.1177  0.2902 
   00363    0.4984   -5886.1636  0.2892 
   00364    0.4976   -5989.3691  0.2875 
   00365    0.5040   -6024.3281  0.2986 
   00366    0.4880   -6037.6934  0.3002 
   00367    0.4864   -5978.3086  0.3166 
   00368    0.4984   -6040.3359  0.3216 
   00369    0.4748   -6069.9077  0.3091 
   00370    0.4688   -5962.0786  0.3123 
   00371    0.4944   -5874.7642  0.3224 
   00372    0.5088   -5871.7837  0.3184 
   00373    0.4984   -5890.7827  0.3138 
   00374    0.4948   -5909.3926  0.3037 
   00375    0.4752   -5982.4263  0.3037 
   00376    0.4884   -6104.3472  0.2960 
   00377    0.4864   -6103.7017  0.3131 
   00378    0.4844   -6065.5078  0.3101 
   00379    0.4992   -5944.5571  0.3061 
   00380    0.4968   -5964.1304  0.3029 
   00381    0.4988   -5830.6602  0.3037 
   00382    0.5068   -5854.6665  0.3015 
   00383    0.4800   -5818.9253  0.3057 
   00384    0.4908   -5811.5679  0.2974 
   00385    0.4900   -5812.5708  0.2900 
   00386    0.5144   -5811.2593  0.2917 
   00387    0.4912   -5839.8066  0.2760 
   00388    0.5024   -5823.4580  0.2749 
   00389    0.4888   -5824.6099  0.2857 
   00390    0.5032   -5846.4883  0.2871 
   00391    0.4856   -5847.6260  0.2839 
   00392    0.5156   -5784.6289  0.2883 
   00393    0.5188   -5732.2837  0.2997 
   00394    0.4996   -5771.6797  0.3038 
   00395    0.5016   -5887.8809  0.2927 
   00396    0.4896   -5911.4990  0.2951 
   00397    0.4684   -5935.5913  0.2979 
   00398    0.5016   -5907.4424  0.3006 
   00399    0.4920   -5900.5396  0.2833 
   00400    0.4992   -5912.5332  0.2931 
   00401    0.4880   -5848.0039  0.2952 
   00402    0.5000   -5906.0381  0.3010 
   00403    0.4896   -5933.8496  0.3051 
   00404    0.4916   -6012.4409  0.2985 
   00405    0.4948   -6001.3389  0.3041 
   00406    0.4764   -6065.7773  0.3133 
   00407    0.4892   -6020.0000  0.3068 
   00408    0.4792   -5930.6211  0.2984 
   00409    0.4648   -5992.6572  0.2931 
   00410    0.4852   -5943.8335  0.2920 
   00411    0.4972   -5947.6865  0.2978 
   00412    0.4856   -5888.0415  0.2982 
   00413    0.4820   -5869.0864  0.2936 
   00414    0.4904   -5782.3384  0.2829 
   00415    0.4920   -5852.8179  0.2904 
   00416    0.4872   -5811.3892  0.2856 
   00417    0.4936   -5857.4502  0.2992 
   00418    0.4980   -5864.5049  0.2987 
   00419    0.5040   -5986.1792  0.3015 
   00420    0.4856   -5911.2329  0.3001 
   00421    0.5052   -5828.4805  0.3017 
   00422    0.5144   -5835.7515  0.3034 
   00423    0.4852   -5816.3306  0.2990 
   00424    0.5152   -5880.3286  0.2966 
   00425    0.4996   -5836.3276  0.3008 
   00426    0.4924   -5877.7354  0.2912 
   00427    0.4836   -5966.8496  0.3003 
   00428    0.4708   -6057.9556  0.3025 
   00429    0.4884   -6086.6572  0.2994 
   00430    0.4740   -6011.1851  0.3026 
   00431    0.4912   -6026.2261  0.2966 
   00432    0.5072   -5993.1733  0.2974 
   00433    0.4972   -6033.0283  0.2973 
   00434    0.5012   -5980.3008  0.3081 
   00435    0.4956   -5940.1772  0.2986 
   00436    0.4980   -5873.4946  0.3059 
   00437    0.4864   -5906.9624  0.3118 
   00438    0.5016   -6025.4380  0.3146 
   00439    0.4824   -6022.4565  0.3158 
   00440    0.4776   -5986.3750  0.3248 
   00441    0.4796   -5923.5654  0.3354 
   00442    0.4904   -5931.8838  0.3388 
   00443    0.4968   -5904.0200  0.3298 
   00444    0.5096   -5922.4946  0.3322 
   00445    0.4992   -5961.9800  0.3108 
   00446    0.4856   -5997.3521  0.3094 
   00447    0.4828   -5970.5059  0.3035 
   00448    0.4860   -5980.5229  0.3037 
   00449    0.4784   -6015.3975  0.3074 
   00450    0.4932   -5969.0679  0.3104 
   00451    0.4932   -5969.7842  0.3133 
   00452    0.5052   -6018.6934  0.3179 
   00453    0.4692   -6060.0996  0.3256 
   00454    0.4840   -6100.9702  0.3188 
   00455    0.4836   -5965.5293  0.3374 
   00456    0.5044   -5939.6660  0.3358 
   00457    0.4984   -5935.1489  0.3175 
   00458    0.4964   -5915.4062  0.3118 
   00459    0.4888   -5776.8701  0.3097 
   00460    0.5008   -5968.4146  0.3178 
   00461    0.5064   -5921.9897  0.3082 
   00462    0.5048   -5932.8638  0.3070 
   00463    0.4908   -6006.0298  0.3065 
   00464    0.4900   -6021.8174  0.3036 
   00465    0.4708   -5937.6528  0.3065 
   00466    0.4852   -5935.9146  0.3081 
   00467    0.4996   -5936.9941  0.2976 
   00468    0.4964   -5960.5073  0.2922 
   00469    0.4884   -6071.0894  0.3094 
   00470    0.4860   -6031.4692  0.3038 
   00471    0.4776   -6083.4185  0.3019 
   00472    0.4828   -5998.1738  0.3052 
   00473    0.4792   -6002.2886  0.3128 
   00474    0.4820   -6101.2578  0.3110 
   00475    0.4888   -6037.3232  0.3051 
   00476    0.5080   -5856.2065  0.3026 
   00477    0.4916   -5884.9048  0.3011 
   00478    0.4848   -5842.1709  0.3059 
   00479    0.4872   -5946.9492  0.3071 
   00480    0.4828   -5990.1309  0.3184 
   00481    0.5004   -5960.0381  0.3246 
   00482    0.5144   -5837.0425  0.3322 
   00483    0.5092   -5836.8154  0.3469 
   00484    0.5080   -5729.4570  0.3525 
   00485    0.5068   -5817.9473  0.3380 
   00486    0.4972   -5904.7534  0.3300 
   00487    0.4796   -5965.2876  0.3464 
   00488    0.4908   -5986.3501  0.3543 
   00489    0.4960   -5875.1831  0.3450 
   00490    0.5000   -6003.6802  0.3459 
   00491    0.4852   -6116.4922  0.3515 
   00492    0.4736   -6019.8579  0.3570 
   00493    0.4944   -5991.6240  0.3559 
   00494    0.4772   -5885.1567  0.3480 
   00495    0.5220   -5896.3555  0.3384 
   00496    0.4960   -5848.5498  0.3359 
   00497    0.5032   -5885.4209  0.3362 
   00498    0.4856   -5930.1851  0.3359 
   00499    0.4996   -5969.0864  0.3384 
   00500    0.4904   -5936.8198  0.3323 
   00501    0.4700   -6033.5415  0.3279 
   00502    0.4804   -6003.4922  0.3266 
   00503    0.4980   -5913.2930  0.3181 
   00504    0.4956   -5960.0332  0.3146 
   00505    0.5048   -5954.4565  0.3052 
   00506    0.4928   -5979.0977  0.3055 
   00507    0.4880   -5962.5859  0.3043 
   00508    0.4976   -5894.0762  0.2961 
   00509    0.4884   -5942.4941  0.3079 
   00510    0.4736   -5976.7617  0.3151 
   00511    0.5052   -5951.7134  0.3125 
   00512    0.5000   -5973.2153  0.3071 
   00513    0.4772   -5867.6401  0.2994 
   00514    0.5124   -5813.2993  0.2966 
   00515    0.5040   -5887.8647  0.2961 
   00516    0.5008   -5807.3882  0.2935 
   00517    0.5004   -5809.0850  0.2911 
   00518    0.4912   -5833.3013  0.2876 
   00519    0.5140   -5853.3623  0.2886 
   00520    0.4768   -5918.1875  0.2983 
   00521    0.4808   -5932.0259  0.2873 
   00522    0.4956   -5972.6860  0.2892 
   00523    0.4888   -5981.9966  0.2888 
   00524    0.4696   -5977.8193  0.2968 
   00525    0.4796   -6011.5215  0.2975 
   00526    0.4964   -6020.8701  0.2946 
   00527    0.4984   -6102.1572  0.2995 
   00528    0.4612   -6050.4189  0.3059 
   00529    0.4952   -6021.3320  0.3132 
   00530    0.4980   -5976.1587  0.3219 
   00531    0.4816   -6011.9565  0.3281 
   00532    0.4596   -6081.2012  0.3304 
   00533    0.4788   -6061.9707  0.3433 
   00534    0.4940   -5972.1304  0.3472 
   00535    0.4816   -5898.5508  0.3293 
   00536    0.4836   -5989.0205  0.3353 
   00537    0.4840   -5958.0923  0.3297 
   00538    0.4904   -5970.7930  0.3202 
   00539    0.4796   -5942.6929  0.3233 
   00540    0.4812   -5929.4478  0.3281 
   00541    0.4920   -5990.4741  0.3180 
   00542    0.4928   -5894.6206  0.3169 
   00543    0.4972   -5970.0913  0.3115 
   00544    0.4864   -5926.3965  0.3264 
   00545    0.4752   -5975.0137  0.3303 
   00546    0.4840   -5981.5601  0.3285 
   00547    0.4884   -5936.4658  0.3355 
   00548    0.4896   -5937.0601  0.3299 
   00549    0.5080   -5911.3657  0.3193 
   00550    0.4836   -5910.6260  0.3326 
   00551    0.4864   -5843.7690  0.3357 
   00552    0.5028   -5685.7144  0.3271 
   00553    0.5036   -5736.9766  0.3105 
   00554    0.5100   -5670.1509  0.3056 
   00555    0.5140   -5752.2974  0.2998 
   00556    0.4944   -5729.0601  0.2998 
   00557    0.5148   -5768.7803  0.2965 
   00558    0.5040   -5868.1343  0.2988 
   00559    0.5032   -5861.9434  0.2985 
   00560    0.4968   -5858.5205  0.2993 
   00561    0.4968   -5921.1587  0.2886 
   00562    0.4804   -5977.2217  0.2834 
   00563    0.5092   -5832.1797  0.2845 
   00564    0.4924   -5890.8955  0.2739 
   00565    0.5052   -5882.3896  0.2699 
   00566    0.4908   -5879.7642  0.2677 
   00567    0.5008   -5806.4146  0.2734 
   00568    0.5144   -5788.5415  0.2721 
   00569    0.5080   -5839.7441  0.2804 
   00570    0.5020   -5890.9019  0.2721 
   00571    0.4996   -5820.9614  0.2598 
   00572    0.5024   -5770.1357  0.2746 
   00573    0.4964   -5879.9443  0.2755 
   00574    0.5108   -5763.4126  0.2832 
   00575    0.5036   -5880.5449  0.2874 
   00576    0.4884   -5965.5933  0.2901 
   00577    0.4916   -5807.1382  0.2777 
   00578    0.5008   -5737.0347  0.2733 
   00579    0.4788   -5845.5933  0.2707 
   00580    0.5032   -5909.0054  0.2799 
   00581    0.4912   -5962.1851  0.2691 
   00582    0.4772   -5903.4468  0.2733 
   00583    0.4968   -5914.0791  0.2868 
   00584    0.4876   -5852.8447  0.2817 
   00585    0.4884   -5783.1875  0.2806 
   00586    0.5024   -5848.1152  0.2697 
   00587    0.4800   -5921.6060  0.2798 
   00588    0.4896   -5916.2637  0.2678 
   00589    0.5044   -5837.8096  0.2608 
   00590    0.4776   -5902.1992  0.2590 
   00591    0.5132   -5912.9058  0.2671 
   00592    0.4812   -5918.6616  0.2810 
   00593    0.4936   -5879.8174  0.2808 
   00594    0.4820   -5783.7168  0.2896 
   00595    0.5140   -5857.9307  0.2876 
   00596    0.4828   -5996.3008  0.2857 
   00597    0.4756   -6011.3535  0.2676 
   00598    0.4824   -5968.3223  0.2675 
   00599    0.4808   -5869.3843  0.2707 
   00600    0.5180   -5833.3438  0.2636 
   00601    0.5196   -5824.3096  0.2542 
   00602    0.5084   -5752.2158  0.2555 
   00603    0.5124   -5813.7153  0.2549 
   00604    0.4864   -5881.4697  0.2608 
   00605    0.4880   -5789.9292  0.2627 
   00606    0.4980   -5789.1670  0.2629 
   00607    0.5068   -5749.4907  0.2672 
   00608    0.4952   -5731.0195  0.2711 
   00609    0.4920   -5780.5264  0.2677 
   00610    0.5008   -5848.4404  0.2668 
   00611    0.5072   -5871.4058  0.2574 
   00612    0.5084   -5847.8750  0.2612 
   00613    0.5000   -5822.7993  0.2611 
   00614    0.5144   -5799.6699  0.2535 
   00615    0.4988   -5849.0732  0.2616 
   00616    0.4932   -5884.6641  0.2615 
   00617    0.5000   -5915.9614  0.2558 
   00618    0.4972   -5955.0513  0.2666 
   00619    0.4764   -5877.5518  0.2729 
   00620    0.4912   -5884.4604  0.2710 
   00621    0.4916   -5962.9482  0.2732 
   00622    0.5020   -5875.3018  0.2815 
   00623    0.4928   -6015.8477  0.2746 
   00624    0.4780   -5932.8154  0.2734 
   00625    0.4992   -5942.1860  0.2902 
   00626    0.4904   -5888.0483  0.2924 
   00627    0.5056   -5845.7803  0.2981 
   00628    0.4864   -5857.2593  0.3006 
   00629    0.4960   -5824.3491  0.2981 
   00630    0.5080   -5691.4492  0.2933 
   00631    0.5104   -5773.2695  0.2990 
   00632    0.5132   -5768.8774  0.3038 
   00633    0.4908   -5767.0806  0.2913 
   00634    0.4824   -5884.8726  0.3046 
   00635    0.4992   -5853.2329  0.3072 
   00636    0.4964   -5830.9438  0.3120 
   00637    0.4884   -5858.8047  0.3078 
   00638    0.5048   -5860.6792  0.3224 
   00639    0.4820   -5889.7852  0.3247 
   00640    0.4848   -5909.8647  0.3311 
   00641    0.5028   -5918.2681  0.3443 
   00642    0.5076   -5951.3325  0.3353 
   00643    0.4912   -5855.6089  0.3384 
   00644    0.4924   -5886.6689  0.3294 
   00645    0.4932   -5872.0122  0.3298 
   00646    0.4940   -5801.8916  0.3217 
   00647    0.4752   -5824.1802  0.3214 
   00648    0.5008   -5821.4746  0.3213 
   00649    0.5080   -5817.2798  0.3126 
   00650    0.4964   -5816.7051  0.3113 
   00651    0.4900   -5775.2725  0.2983 
   00652    0.5032   -5866.9717  0.2959 
   00653    0.5076   -5719.1167  0.2844 
   00654    0.5080   -5641.1562  0.2788 
   00655    0.5044   -5640.7192  0.2850 
   00656    0.4964   -5616.9683  0.2935 
   00657    0.5276   -5807.0928  0.2826 
   00658    0.5080   -5847.4248  0.3010 
   00659    0.4964   -5844.7817  0.2864 
   00660    0.5072   -5788.7373  0.2924 
   00661    0.4872   -5844.0630  0.2933 
   00662    0.5128   -5866.6392  0.2918 
   00663    0.5044   -5862.3140  0.2878 
   00664    0.5012   -5856.1016  0.2963 
   00665    0.4924   -5852.7378  0.3084 
   00666    0.5000   -5838.0059  0.2922 
   00667    0.4928   -5728.3867  0.2823 
   00668    0.5068   -5704.0352  0.2843 
   00669    0.4944   -5764.8462  0.2775 
   00670    0.5108   -5765.3403  0.2849 
   00671    0.4936   -5877.3716  0.2839 
   00672    0.5116   -5737.4126  0.2872 
   00673    0.5220   -5776.9839  0.2853 
   00674    0.4948   -5767.4209  0.2836 
   00675    0.5136   -5742.4478  0.2945 
   00676    0.5104   -5753.6938  0.2931 
   00677    0.5176   -5786.9688  0.2789 
   00678    0.4920   -5876.7095  0.2708 
   00679    0.4968   -5831.7168  0.2728 
   00680    0.4892   -5754.2402  0.2757 
   00681    0.5076   -5845.1421  0.2718 
   00682    0.4912   -5856.1006  0.2691 
   00683    0.4948   -5975.3711  0.2700 
   00684    0.4996   -5984.4771  0.2750 
   00685    0.4928   -5981.0435  0.2650 
   00686    0.4884   -5972.6982  0.2685 
   00687    0.4896   -5987.0522  0.2706 
   00688    0.4948   -5938.1533  0.2663 
   00689    0.5020   -5911.5840  0.2699 
   00690    0.5048   -5881.7168  0.2665 
   00691    0.4732   -5857.4644  0.2704 
   00692    0.4952   -5967.5742  0.2735 
   00693    0.4952   -5959.1201  0.2716 
   00694    0.4964   -6040.7202  0.2722 
   00695    0.4908   -6100.6113  0.2717 
   00696    0.4844   -6087.0801  0.2661 
   00697    0.4712   -6182.7002  0.2643 
   00698    0.4880   -6130.8579  0.2689 
   00699    0.5080   -6025.1914  0.2622 
   00700    0.4700   -6026.7666  0.2678 
   00701    0.4728   -5992.4053  0.2636 
   00702    0.4800   -5974.8120  0.2708 
   00703    0.4868   -6125.8232  0.2739 
   00704    0.4764   -6162.9717  0.2711 
   00705    0.5056   -6148.3716  0.2819 
   00706    0.4828   -6147.1440  0.2776 
   00707    0.4688   -6088.2798  0.2768 
   00708    0.4680   -6004.3657  0.2794 
   00709    0.5000   -5908.2427  0.2838 
   00710    0.4836   -5994.8545  0.2921 
   00711    0.4768   -5995.0181  0.2736 
   00712    0.4712   -5928.6284  0.2733 
   00713    0.4840   -5992.9717  0.2765 
   00714    0.4816   -5940.1958  0.2857 
   00715    0.4924   -5942.3828  0.2867 
   00716    0.4884   -5997.5664  0.2840 
   00717    0.4828   -5988.3999  0.3005 
   00718    0.4832   -5951.7349  0.3180 
   00719    0.4968   -5980.7378  0.3062 
   00720    0.4904   -6005.0977  0.3084 
   00721    0.4816   -6101.8813  0.3062 
   00722    0.4724   -6058.8579  0.3122 
   00723    0.4824   -6184.1050  0.3161 
   00724    0.4576   -6265.2920  0.3221 
   00725    0.4696   -6135.3926  0.3285 
   00726    0.4716   -6021.4692  0.3240 
   00727    0.4908   -5968.3491  0.3306 
   00728    0.4880   -5970.3579  0.3346 
   00729    0.4872   -5972.9502  0.3421 
   00730    0.4988   -5900.2935  0.3442 
   00731    0.4968   -5905.2031  0.3362 
   00732    0.5040   -5924.9688  0.3426 
   00733    0.4796   -5957.0879  0.3302 
   00734    0.4796   -5916.7588  0.3340 
   00735    0.4916   -5828.4624  0.3318 
   00736    0.5024   -5828.9463  0.3468 
   00737    0.5220   -5737.8882  0.3257 
   00738    0.5132   -5827.7490  0.3271 
   00739    0.5008   -5815.1963  0.3366 
   00740    0.5004   -5824.9175  0.3356 
   00741    0.5008   -5778.8848  0.3287 
   00742    0.5328   -5822.3340  0.3266 
   00743    0.4892   -5926.7749  0.3218 
   00744    0.4864   -6019.0093  0.3308 
   00745    0.4836   -5932.2837  0.3426 
   00746    0.4808   -5916.9570  0.3448 
   00747    0.4904   -5942.7095  0.3334 
   00748    0.4980   -5938.1240  0.3483 
   00749    0.4868   -5918.7710  0.3406 
   00750    0.4992   -5881.8179  0.3312 
   00751    0.4988   -5868.9443  0.3272 
   00752    0.4952   -5879.7300  0.3198 
   00753    0.4864   -5874.4956  0.3145 
   00754    0.4912   -5818.7295  0.3153 
   00755    0.4976   -5838.5215  0.3206 
   00756    0.4868   -5906.2329  0.3180 
   00757    0.5104   -5889.2515  0.3222 
   00758    0.5048   -5840.4932  0.3262 
   00759    0.5008   -5882.3198  0.3206 
   00760    0.4940   -6000.1011  0.3220 
   00761    0.4872   -6034.6387  0.3292 
   00762    0.5064   -6087.1714  0.3324 
   00763    0.4764   -6046.8042  0.3547 
   00764    0.5144   -5966.2075  0.3432 
   00765    0.4872   -6003.1333  0.3413 
   00766    0.4992   -5972.4160  0.3380 
   00767    0.4656   -5950.6494  0.3313 
   00768    0.4848   -5916.5596  0.3298 
   00769    0.4956   -5939.7183  0.3411 
   00770    0.4956   -5963.8589  0.3381 
   00771    0.4960   -5925.9370  0.3388 
   00772    0.5064   -5952.9644  0.3388 
   00773    0.4952   -5908.3452  0.3409 
   00774    0.4952   -6016.4512  0.3477 
   00775    0.4892   -5981.3823  0.3525 
   00776    0.4844   -5965.1812  0.3385 
   00777    0.4984   -5972.0210  0.3432 
   00778    0.4792   -6080.0664  0.3508 
   00779    0.4816   -6068.5796  0.3522 
   00780    0.4884   -6069.7905  0.3505 
   00781    0.4876   -6070.5566  0.3452 
   00782    0.4904   -6080.5337  0.3559 
   00783    0.4740   -5968.6279  0.3625 
   00784    0.4920   -5916.0498  0.3778 
   00785    0.4908   -6025.8911  0.3777 
   00786    0.4984   -5924.4907  0.3736 
   00787    0.4892   -5936.5259  0.3604 
   00788    0.4860   -5919.0747  0.3584 
   00789    0.4840   -6030.3965  0.3635 
   00790    0.4988   -5946.1494  0.3574 
   00791    0.4928   -5963.3091  0.3551 
   00792    0.5088   -5916.4570  0.3515 
   00793    0.4736   -5953.9673  0.3470 
   00794    0.4768   -5931.1421  0.3277 
   00795    0.5072   -5891.9683  0.3283 
   00796    0.5056   -5914.1147  0.3298 
   00797    0.4868   -5884.6670  0.3178 
   00798    0.4872   -5934.7612  0.3182 
   00799    0.4772   -5867.5039  0.3075 
   00800    0.4848   -5904.1064  0.3095 
   00801    0.4820   -5908.5269  0.3049 
   00802    0.5100   -5928.5811  0.3027 
   00803    0.5024   -5966.0840  0.2881 
   00804    0.4988   -5869.4800  0.2899 
   00805    0.5020   -5773.5630  0.2875 
   00806    0.4956   -5805.8125  0.2866 
   00807    0.4888   -5769.2856  0.2805 
   00808    0.4964   -5839.5034  0.2889 
   00809    0.4888   -5799.0513  0.2989 
   00810    0.4944   -5724.5288  0.2980 
   00811    0.4972   -5798.9653  0.3000 
   00812    0.4988   -5899.9727  0.3000 
   00813    0.4928   -5802.6348  0.3016 
   00814    0.4876   -5873.0981  0.2863 
   00815    0.4936   -5901.7632  0.2914 
   00816    0.4768   -5917.4629  0.2873 
   00817    0.5152   -5879.9722  0.2866 
   00818    0.4912   -5909.9238  0.2823 
   00819    0.4828   -5892.7329  0.2875 
   00820    0.5116   -5890.5952  0.2890 
   00821    0.5052   -5862.1714  0.2913 
   00822    0.5240   -5809.7612  0.2842 
   00823    0.4968   -5796.1626  0.2788 
   00824    0.5032   -5826.8057  0.2758 
   00825    0.5004   -5826.6313  0.2603 
   00826    0.4788   -5813.2056  0.2832 
   00827    0.5008   -5813.0132  0.2771 
   00828    0.4908   -5874.0317  0.2927 
   00829    0.4952   -5883.8032  0.3064 
   00830    0.4956   -5924.9170  0.3047 
   00831    0.5056   -5860.7251  0.3002 
   00832    0.5092   -5841.8091  0.2926 
   00833    0.5024   -5874.1177  0.2944 
   00834    0.5064   -6009.7993  0.2924 
   00835    0.4840   -5897.7651  0.3016 
   00836    0.4908   -5984.5654  0.2905 
   00837    0.4964   -5924.1167  0.2805 
   00838    0.4812   -5914.4546  0.2860 
   00839    0.4804   -5968.5923  0.2929 
   00840    0.4764   -5966.9727  0.2810 
   00841    0.4820   -5983.3682  0.2877 
   00842    0.4932   -5959.7134  0.2858 
   00843    0.5032   -5888.4536  0.2859 
   00844    0.5036   -5882.1597  0.2879 
   00845    0.5012   -5817.8008  0.2874 
   00846    0.5044   -5869.2876  0.2818 
   00847    0.4860   -5903.8237  0.2807 
   00848    0.4876   -5951.3486  0.2780 
   00849    0.4948   -5944.8447  0.2814 
   00850    0.4892   -5990.3452  0.2808 
   00851    0.4852   -5992.9653  0.2826 
   00852    0.4900   -5955.7861  0.2779 
   00853    0.4852   -6046.2148  0.2755 
   00854    0.5036   -6025.2158  0.2666 
   00855    0.4924   -5977.4746  0.2682 
   00856    0.4936   -5982.7119  0.2809 
   00857    0.4948   -6059.8706  0.2661 
   00858    0.4668   -6031.6870  0.2688 
   00859    0.4868   -6004.3193  0.2707 
   00860    0.4932   -5953.6953  0.2709 
   00861    0.4872   -5902.1284  0.2704 
   00862    0.4800   -5945.6069  0.2657 
   00863    0.4816   -5961.8887  0.2635 
   00864    0.4740   -6006.6982  0.2647 
   00865    0.4972   -6000.0845  0.2626 
   00866    0.4884   -5966.9492  0.2609 
   00867    0.5168   -5954.8945  0.2761 
   00868    0.5012   -6027.2100  0.2820 
   00869    0.4632   -5987.1860  0.2881 
   00870    0.5032   -5937.7983  0.2975 
   00871    0.4784   -5955.0557  0.2922 
   00872    0.4864   -5948.4795  0.2689 
   00873    0.4904   -5849.4717  0.2586 
   00874    0.4876   -5804.0962  0.2624 
   00875    0.5004   -5873.7476  0.2619 
   00876    0.5016   -5843.0957  0.2642 
   00877    0.4920   -5985.9341  0.2653 
   00878    0.4936   -5965.8599  0.2729 
   00879    0.4984   -5922.0776  0.2674 
   00880    0.5056   -5862.3354  0.2679 
   00881    0.5152   -5829.2515  0.2672 
   00882    0.5076   -5703.3999  0.2582 
   00883    0.4932   -5696.6230  0.2680 
   00884    0.4980   -5724.7329  0.2581 
   00885    0.5264   -5783.2476  0.2610 
   00886    0.4936   -5875.9663  0.2573 
   00887    0.4968   -5863.1069  0.2624 
   00888    0.5128   -5809.4248  0.2762 
   00889    0.5040   -5698.8696  0.2680 
   00890    0.4952   -5786.9849  0.2676 
   00891    0.5108   -5754.9814  0.2700 
   00892    0.4860   -5724.4922  0.2712 
   00893    0.5032   -5842.7607  0.2848 
   00894    0.4960   -5850.2817  0.2996 
   00895    0.5016   -5857.8574  0.3064 
   00896    0.4860   -5857.7539  0.2970 
   00897    0.5024   -6045.4829  0.3121 
   00898    0.4792   -5948.1777  0.3176 
   00899    0.4928   -5931.3926  0.3038 
   00900    0.4944   -6019.4731  0.3100 
   00901    0.4792   -6004.9653  0.3094 
   00902    0.4832   -6014.9175  0.3135 
   00903    0.5028   -5998.4507  0.3138 
   00904    0.4796   -6069.1782  0.3164 
   00905    0.4884   -5982.6079  0.3196 
   00906    0.4896   -6040.4741  0.3270 
   00907    0.4852   -6174.8633  0.3294 
   00908    0.4792   -6101.9473  0.3182 
   00909    0.4916   -5992.1602  0.3200 
   00910    0.4788   -5995.4834  0.3150 
   00911    0.4764   -5993.7563  0.3089 
   00912    0.4852   -5951.9023  0.3141 
   00913    0.4752   -5968.6021  0.3036 
   00914    0.4856   -5924.2539  0.3032 
   00915    0.4904   -5920.0610  0.3053 
   00916    0.4920   -5902.7900  0.3081 
   00917    0.4980   -5891.8706  0.3027 
   00918    0.5004   -5912.0820  0.3049 
   00919    0.4904   -5843.5957  0.3030 
   00920    0.5032   -5825.8257  0.2991 
   00921    0.4944   -5893.6621  0.3027 
   00922    0.4932   -5766.2456  0.3088 
   00923    0.4952   -5739.3604  0.2996 
   00924    0.5100   -5794.5332  0.2853 
   00925    0.4924   -5766.1055  0.2934 
   00926    0.4940   -5730.6831  0.2843 
   00927    0.4812   -5749.7334  0.2747 
   00928    0.4960   -5771.5283  0.2761 
   00929    0.4944   -5805.3643  0.2845 
   00930    0.5016   -5871.2305  0.2923 
   00931    0.4892   -5832.8105  0.2872 
   00932    0.5044   -5725.6753  0.2831 
   00933    0.5008   -5879.4033  0.2861 
   00934    0.4836   -5893.0000  0.2900 
   00935    0.4936   -5935.6128  0.2846 
   00936    0.5084   -5848.9585  0.2911 
   00937    0.5120   -5838.0811  0.2974 
   00938    0.5040   -5843.3257  0.3011 
   00939    0.4912   -5813.9927  0.2986 
   00940    0.4932   -5902.8521  0.3069 
   00941    0.4864   -5931.5205  0.3095 
   00942    0.4804   -6022.9141  0.3252 
   00943    0.4776   -5934.8774  0.3386 
   00944    0.4964   -5933.7695  0.3337 
   00945    0.5004   -6003.9849  0.3301 
   00946    0.4972   -6043.7427  0.3310 
   00947    0.4756   -6055.7930  0.3475 
   00948    0.4916   -5961.0703  0.3439 
   00949    0.4924   -6007.9468  0.3532 
   00950    0.4956   -6059.6226  0.3537 
   00951    0.4700   -5990.6558  0.3558 
   00952    0.4904   -5824.5854  0.3625 
   00953    0.5032   -5908.5708  0.3508 
   00954    0.4856   -5876.9404  0.3519 
   00955    0.5060   -5950.1724  0.3443 
   00956    0.4976   -5928.5781  0.3447 
   00957    0.4904   -5839.4712  0.3311 
   00958    0.4932   -5780.1860  0.3349 
   00959    0.4976   -5784.2759  0.3387 
   00960    0.4844   -5797.6206  0.3368 
   00961    0.5004   -5881.9492  0.3385 
   00962    0.4876   -5942.6089  0.3467 
   00963    0.4732   -5969.8447  0.3400 
   00964    0.4988   -5885.6548  0.3406 
   00965    0.4740   -5899.2002  0.3446 
   00966    0.4948   -5951.9424  0.3417 
   00967    0.4896   -5920.5186  0.3422 
   00968    0.4752   -6100.1519  0.3468 
   00969    0.4916   -6122.8325  0.3616 
   00970    0.4796   -6093.4380  0.3546 
   00971    0.4728   -6215.1543  0.3533 
   00972    0.4780   -6093.2739  0.3668 
   00973    0.4836   -6071.8110  0.3741 
   00974    0.4788   -5973.6768  0.3703 
   00975    0.4840   -5934.6025  0.3571 
   00976    0.4552   -6023.8081  0.3335 
   00977    0.4896   -6074.6392  0.3294 
   00978    0.4792   -6081.4414  0.3307 
   00979    0.4832   -6006.8989  0.3267 
   00980    0.4848   -6005.4810  0.3311 
   00981    0.4872   -6016.3047  0.3204 
   00982    0.4732   -6057.2627  0.3169 
   00983    0.4852   -6043.0908  0.3077 
   00984    0.4880   -5998.2251  0.3214 
   00985    0.4768   -5874.3149  0.3278 
   00986    0.4900   -5897.9058  0.3334 
   00987    0.4924   -5942.7300  0.3383 
   00988    0.4936   -5972.3574  0.3387 
   00989    0.4932   -6029.0317  0.3380 
   00990    0.4928   -6038.5879  0.3330 
   00991    0.4816   -6194.5859  0.3426 
   00992    0.4724   -6141.4204  0.3482 
   00993    0.4768   -6134.8726  0.3467 
   00994    0.4704   -6122.3350  0.3364 
   00995    0.4668   -6047.5688  0.3254 
   00996    0.4824   -5963.8325  0.3221 
   00997    0.4876   -5956.3486  0.3326 
   00998    0.5096   -6026.9624  0.3356 
   00999    0.4948   -6082.3696  0.3369 
   01000    0.4824   -6023.2168  0.3409 
