#=====================================================
# File created:        Tue-12-Mar-2024-at-03-28-01PM
# Size of lattice:     50x50
# Number of MC steps:  1000
# Reduced temperature: 1.000
# Run time (s):        13.052857
#=====================================================
# MC step:  Ratio:     Energy:   Order:
#=====================================================
   00000    0.5000   -2575.8057  0.2628 
   00001    0.6968   -3781.0593  0.2735 
   00002    0.6080   -4317.4989  0.2714 
   00003    0.5920   -4665.3669  0.2695 
   00004    0.5868   -4887.9318  0.2794 
   00005    0.5552   -5068.2582  0.2762 
   00006    0.5400   -5233.1023  0.2782 
   00007    0.5376   -5341.7090  0.2668 
   00008    0.5348   -5365.1582  0.2600 
   00009    0.5280   -5377.1245  0.2572 
   00010    0.5288   -5441.1218  0.2684 
   00011    0.5132   -5516.0070  0.2734 
   00012    0.5308   -5508.4888  0.2730 
   00013    0.5072   -5594.0529  0.2813 
   00014    0.5048   -5575.9809  0.2888 
   00015    0.5080   -5625.4889  0.2718 
   00016    0.5068   -5657.2859  0.2628 
   00017    0.5012   -5699.3890  0.2687 
   00018    0.5016   -5803.2731  0.2781 
   00019    0.5056   -5709.4853  0.2711 
   00020    0.5096   -5712.0117  0.2799 
   00021    0.5088   -5739.1712  0.2847 
   00022    0.5264   -5783.5972  0.2951 
   00023    0.5040   -5841.1034  0.2954 
   00024    0.4980   -5792.8799  0.2917 
   00025    0.4892   -5791.8298  0.2912 
   00026    0.4980   -5804.3872  0.2821 
   00027    0.4936   -5726.0569  0.2698 
   00028    0.5096   -5754.6473  0.2791 
   00029    0.5244   -5911.5922  0.2825 
   00030    0.4936   -5949.9217  0.2930 
   00031    0.4928   -5927.1682  0.2938 
   00032    0.4816   -5934.9870  0.2845 
   00033    0.4844   -5812.3151  0.2843 
   00034    0.5052   -5818.8017  0.2910 
   00035    0.5004   -5870.0239  0.3011 
   00036    0.4972   -5794.0188  0.3030 
   00037    0.5012   -5688.3959  0.3066 
   00038    0.5056   -5747.2959  0.2979 
   00039    0.4904   -5797.0413  0.3130 
   00040    0.5104   -5858.4220  0.3117 
   00041    0.4972   -5888.4565  0.3148 
   00042    0.5036   -5941.8330  0.3183 
   00043    0.4908   -5961.9988  0.3180 
   00044    0.4852   -5895.0483  0.3103 
   00045    0.5168   -5811.7265  0.3072 
   00046    0.5244   -5692.8502  0.3078 
   00047    0.5012   -5810.6148  0.3068 
   00048    0.4968   -5852.1468  0.3113 
   00049    0.5104   -5747.7478  0.2938 
   00050    0.4956   -5780.3371  0.3081 
   00051    0.5056   -5733.7090  0.3059 
   00052    0.5140   -5768.9283  0.2991 
   00053    0.5040   -5810.9246  0.3038 
   00054    0.5032   -5844.4372  0.2967 
   00055    0.4780   -5823.4993  0.2996 
   00056    0.4964   -5848.7091  0.2888 
   00057    0.5028   -5866.3765  0.2912 
   00058    0.4960   -5762.2938  0.2790 
   00059    0.5008   -5843.0383  0.2765 
   00060    0.5036   -5815.6853  0.2736 
   00061    0.5148   -5890.3479  0.2733 
   00062    0.4988   -5893.3354  0.2761 
   00063    0.4812   -5958.3130  0.2654 
   00064    0.5028   -5845.5251  0.2585 
   00065    0.4956   -5821.2829  0.2584 
   00066    0.4908   -5980.1632  0.2662 
   00067    0.4812   -6037.4923  0.2605 
   00068    0.4888   -6039.0816  0.2707 
   00069    0.4972   -6000.7600  0.2784 
   00070    0.4620   -5954.8314  0.2753 
   00071    0.4932   -5982.5231  0.2736 
   00072    0.4924   -5983.8956  0.2724 
   00073    0.4968   -5900.7959  0.2797 
   00074    0.4996   -5907.7913  0.2674 
   00075    0.4828   -6053.0732  0.2634 
   00076    0.4800   -6022.6914  0.2699 
   00077    0.5028   -5934.6890  0.2702 
   00078    0.4920   -5945.2068  0.2695 
   00079    0.5060   -5930.2808  0.2648 
   00080    0.4964   -5896.3825  0.2599 
   00081    0.4944   -5840.4385  0.2642 
   00082    0.4884   -5826.5501  0.2747 
   00083    0.4932   -5764.6667  0.2667 
   00084    0.4980   -5758.8214  0.2611 
   00085    0.5112   -5774.2176  0.2713 
   00086    0.5168   -5759.7436  0.2882 
   00087    0.5168   -5809.2467  0.2950 
   00088    0.5168   -5772.6719  0.2802 
   00089    0.5104   -5784.2830  0.2831 
   00090    0.5072   -5775.1420  0.2864 
   00091    0.5064   -5834.5515  0.2856 
   00092    0.5192   -5766.1682  0.2919 
   00093    0.5016   -5785.1571  0.2884 
   00094    0.4824   -5819.6555  0.2995 
   00095    0.5080   -5974.7995  0.2979 
   00096    0.4908   -5930.5766  0.2873 
   00097    0.4968   -5832.2062  0.2795 
   00098    0.4920   -5799.9085  0.2997 
   00099    0.4936   -5859.8899  0.3056 
   00100    0.4952   -5915.6342  0.2982 
   00101    0.4872   -5839.3669  0.2993 
   00102    0.4968   -5919.0131  0.3031 
   00103    0.4960   -5927.0754  0.2893 
   00104    0.4944   -5964.5899  0.2914 
   00105    0.4920   -5830.3756  0.2944 
   00106    0.4896   -5834.7487  0.2975 
   00107    0.4904   -5816.4471  0.3011 
   00108    0.4984   -5832.2344  0.3087 
   00109    0.5044   -5889.6156  0.2973 
   00110    0.4864   -5853.2089  0.3012 
   00111    0.5156   -5825.1422  0.2976 
   00112    0.4792   -5885.1717  0.2944 
   00113    0.4844   -5991.1807  0.3084 
   00114    0.4836   -5960.2577  0.3127 
   00115    0.4904   -5965.5591  0.3254 
   00116    0.4972   -6035.7503  0.3350 
   00117    0.4920   -5952.5005  0.3157 
   00118    0.4952   -5971.5230  0.3030 
   00119    0.4876   -5985.5876  0.3094 
   00120    0.5100   -5938.6283  0.2945 
   00121    0.4952   -5991.9981  0.2959 
   00122    0.4852   -6029.0830  0.2874 
   00123    0.4888   -5987.5695  0.2763 
   00124    0.4844   -5982.0467  0.2793 
   00125    0.4808   -5911.8237  0.2766 
   00126    0.4940   -5951.7770  0.2741 
   00127    0.4888   -5877.7209  0.2807 
   00128    0.4812   -5888.9405  0.2780 
   00129    0.4796   -6009.3193  0.2688 
   00130    0.4896   -6012.5863  0.2906 
   00131    0.4700   -6006.9739  0.3003 
   00132    0.4832   -6051.4088  0.2930 
   00133    0.4764   -6045.9476  0.2976 
   00134    0.4772   -6015.4492  0.3022 
   00135    0.4872   -6019.0660  0.3046 
   00136    0.4812   -5970.3273  0.3116 
   00137    0.4868   -5947.7948  0.3035 
   00138    0.4836   -5874.8830  0.3051 
   00139    0.4920   -5983.8319  0.3029 
   00140    0.4672   -5940.7349  0.3097 
   00141    0.4780   -6074.4895  0.3109 
   00142    0.4804   -6073.7065  0.3168 
   00143    0.4712   -5992.5849  0.3149 
   00144    0.4944   -5985.7580  0.3151 
   00145    0.5092   -5938.0700  0.3288 
   00146    0.5012   -5921.6019  0.3275 
   00147    0.4868   -5940.6997  0.3148 
   00148    0.4788   -5961.7264  0.3094 
   00149    0.4652   -6093.5632  0.3043 
   00150    0.4752   -6016.8981  0.3064 
   00151    0.4892   -5964.6000  0.2960 
   00152    0.4856   -5942.7140  0.2989 
   00153    0.4884   -5939.2058  0.3017 
   00154    0.4864   -5984.6272  0.3110 
   00155    0.4868   -5958.3975  0.3116 
   00156    0.4936   -5960.8462  0.2939 
   00157    0.4792   -5985.1737  0.2864 
   00158    0.4956   -5928.1275  0.2896 
   00159    0.4848   -5880.4740  0.2754 
   00160    0.4732   -5890.5547  0.2783 
   00161    0.4984   -5864.3181  0.2871 
   00162    0.5112   -5951.3675  0.3040 
   00163    0.4844   -5982.3328  0.2971 
   00164    0.4720   -6015.4910  0.2979 
   00165    0.4900   -6009.6619  0.2927 
   00166    0.4800   -6028.4314  0.2883 
   00167    0.4872   -6034.6819  0.2982 
   00168    0.4848   -6032.5551  0.2999 
   00169    0.4980   -5993.4662  0.3143 
   00170    0.4896   -5926.2970  0.3124 
   00171    0.4836   -5922.5232  0.3090 
   00172    0.4892   -5979.4041  0.3075 
   00173    0.5024   -5986.6718  0.3137 
   00174    0.4904   -5929.1309  0.2998 
   00175    0.4936   -5973.5014  0.3027 
   00176    0.4828   -5977.5790  0.3027 
   00177    0.4824   -5950.0448  0.3143 
   00178    0.4928   -5954.2469  0.3247 
   00179    0.4784   -6000.7608  0.3441 
   00180    0.4892   -5983.1376  0.3449 
   00181    0.4640   -5984.8939  0.3542 
   00182    0.4948   -6028.6557  0.3553 
   00183    0.4892   -5959.8038  0.3544 
   00184    0.4848   -5936.2767  0.3480 
   00185    0.5004   -5928.0661  0.3545 
   00186    0.5124   -5987.9634  0.3540 
   00187    0.4708   -5984.3030  0.3447 
   00188    0.4908   -6040.5501  0.3419 
   00189    0.4888   -6099.1971  0.3328 
   00190    0.4700   -6085.3564  0.3378 
   00191    0.4752   -6072.8150  0.3290 
   00192    0.4904   -6036.1910  0.3144 
   00193    0.4808   -6068.3609  0.3143 
   00194    0.4860   -6043.2660  0.3126 
   00195    0.4920   -5969.1785  0.3065 
   00196    0.4912   -5866.9701  0.3074 
   00197    0.5180   -5912.3283  0.3021 
   00198    0.4984   -5921.0622  0.2957 
   00199    0.4912   -5995.5206  0.2915 
   00200    0.5040   -5814.9957  0.2995 
   00201    0.4900   -5961.5312  0.2931 
   00202    0.4852   -5872.6978  0.2889 
   00203    0.5040   -5908.9118  0.2819 
   00204    0.5068   -5922.1277  0.2804 
   00205    0.4796   -5939.4616  0.2897 
   00206    0.4996   -5951.1351  0.2801 
   00207    0.4924   -5946.9322  0.2738 
   00208    0.4984   -5912.0475  0.2724 
   00209    0.4796   -5941.4739  0.2612 
   00210    0.4852   -5897.4075  0.2590 
   00211    0.4672   -5888.6077  0.2606 
   00212    0.4868   -5883.1681  0.2593 
   00213    0.4788   -5821.8199  0.2565 
   00214    0.4904   -5833.7289  0.2792 
   00215    0.4824   -5858.2800  0.2851 
   00216    0.4760   -5921.3188  0.2921 
   00217    0.4920   -5977.9695  0.2884 
   00218    0.4904   -6004.8561  0.2821 
   00219    0.4928   -5981.5211  0.2806 
   00220    0.5004   -5985.0657  0.2741 
   00221    0.4808   -5977.8665  0.2707 
   00222    0.4908   -6000.3108  0.2747 
   00223    0.4796   -5983.2436  0.2793 
   00224    0.4848   -5943.8541  0.2787 
   00225    0.4952   -5901.3666  0.2852 
   00226    0.4876   -5906.6426  0.3074 
   00227    0.5068   -5902.9168  0.3125 
   00228    0.5016   -5827.3084  0.3092 
   00229    0.4980   -5830.0485  0.3116 
   00230    0.5152   -5926.0709  0.3239 
   00231    0.5180   -5898.5763  0.3349 
   00232    0.4936   -5865.9168  0.3362 
   00233    0.4992   -5811.9691  0.3447 
   00234    0.5140   -5734.1344  0.3464 
   00235    0.5100   -5761.3225  0.3554 
   00236    0.5052   -5810.6660  0.3520 
   00237    0.5180   -5902.5479  0.3548 
   00238    0.4800   -5898.1531  0.3471 
   00239    0.4936   -5875.0101  0.3504 
   00240    0.4956   -5875.7116  0.3445 
   00241    0.4808   -5891.6860  0.3496 
   00242    0.5092   -5860.8851  0.3332 
   00243    0.5004   -5829.5406  0.3178 
   00244    0.4852   -5896.8128  0.3288 
   00245    0.5044   -5820.1661  0.3175 
   00246    0.5208   -5772.3391  0.3040 
   00247    0.5160   -5758.3794  0.3067 
   00248    0.4992   -5820.8024  0.3101 
   00249    0.5152   -5755.2068  0.3152 
   00250    0.4912   -5774.3575  0.3326 
   00251    0.4752   -5902.1888  0.3238 
   00252    0.4844   -5871.4123  0.3255 
   00253    0.4988   -5828.3462  0.3206 
   00254    0.4908   -5903.6252  0.3226 
   00255    0.5016   -5857.6927  0.3118 
   00256    0.4892   -5951.4233  0.3018 
   00257    0.4676   -5989.2145  0.3001 
   00258    0.4812   -5967.9764  0.3082 
   00259    0.4828   -5972.6136  0.3057 
   00260    0.4864   -5974.7168  0.2972 
   00261    0.4892   -5948.1547  0.2904 
   00262    0.5008   -5745.5888  0.2880 
   00263    0.5080   -5760.8981  0.2910 
   00264    0.5016   -5770.7320  0.2896 
   00265    0.5236   -5817.8965  0.2971 
   00266    0.5252   -5804.7317  0.2929 
   00267    0.4700   -5702.2134  0.2772 
   00268    0.5164   -5678.9909  0.2724 
   00269    0.5028   -5765.9120  0.2634 
   00270    0.5104   -5729.1513  0.2617 
   00271    0.5012   -5769.3336  0.2567 
   00272    0.4996   -5771.0497  0.2515 
   00273    0.5028   -5844.8339  0.2595 
   00274    0.4932   -5940.9854  0.2695 
   00275    0.4912   -5910.4975  0.2829 
   00276    0.4956   -5957.0160  0.2868 
   00277    0.4888   -5973.2410  0.3039 
   00278    0.4772   -5998.6994  0.3070 
   00279    0.4864   -5996.6004  0.2876 
   00280    0.4992   -5999.3652  0.2901 
   00281    0.4948   -6020.8571  0.2913 
   00282    0.4908   -6023.1967  0.2948 
   00283    0.4780   -5959.0617  0.3089 
   00284    0.4748   -6052.3686  0.3178 
   00285    0.4880   -6073.7880  0.3007 
   00286    0.4932   -5983.3757  0.2967 
   00287    0.5032   -5937.4514  0.2947 
   00288    0.4976   -5974.7380  0.2901 
   00289    0.4940   -5938.1934  0.2987 
   00290    0.4924   -5958.3845  0.2965 
   00291    0.4948   -5983.1406  0.2996 
   00292    0.4944   -5967.3761  0.3035 
   00293    0.4768   -6029.9107  0.3050 
   00294    0.4928   -5932.8271  0.3085 
   00295    0.4920   -5941.1416  0.3060 
   00296    0.4780   -5852.3217  0.3022 
   00297    0.4900   -5902.3357  0.3059 
   00298    0.4804   -5928.9563  0.2991 
   00299    0.5012   -5918.4572  0.3031 
   00300    0.4880   -5967.1155  0.3100 
   00301    0.4852   -5962.5950  0.3172 
   00302    0.4708   -6094.5859  0.3157 
   00303    0.4704   -6112.3398  0.3038 
   00304    0.4872   -5910.9302  0.3166 
   00305    0.4832   -5950.4371  0.3070 
   00306    0.4896   -5980.4478  0.3025 
   00307    0.4692   -6006.4053  0.3097 
   00308    0.4884   -5888.8898  0.3152 
   00309    0.4888   -5978.0499  0.3290 
   00310    0.4788   -6041.0797  0.3250 
   00311    0.4872   -6061.2856  0.3105 
   00312    0.4944   -5987.3582  0.3204 
   00313    0.4948   -6084.3298  0.3250 
   00314    0.4728   -6001.2377  0.3256 
   00315    0.4924   -5997.4573  0.3312 
   00316    0.4604   -6013.3097  0.3348 
   00317    0.4836   -6033.8587  0.3227 
   00318    0.4984   -6053.5867  0.3364 
   00319    0.4776   -6023.1416  0.3490 
   00320    0.4796   -6002.0044  0.3543 
   00321    0.4856   -5880.1026  0.3522 
   00322    0.4896   -5835.1582  0.3458 
   00323    0.5148   -5815.8184  0.3349 
   00324    0.4896   -5809.5032  0.3312 
   00325    0.4984   -5882.3940  0.3319 
   00326    0.5160   -5830.2386  0.3118 
   00327    0.5060   -5873.5998  0.2930 
   00328    0.4928   -5883.3423  0.2886 
   00329    0.5000   -5840.3088  0.2858 
   00330    0.4968   -5831.6417  0.2653 
   00331    0.4960   -5834.2977  0.2582 
   00332    0.4948   -5840.5438  0.2689 
   00333    0.5032   -5755.1819  0.2700 
   00334    0.4908   -5807.6613  0.2764 
   00335    0.4968   -5900.4895  0.2864 
   00336    0.4976   -5853.7447  0.2936 
   00337    0.4932   -5858.0915  0.2976 
   00338    0.5020   -5841.3038  0.3033 
   00339    0.4812   -5862.2676  0.3059 
   00340    0.5100   -5906.8645  0.2956 
   00341    0.4976   -5894.8221  0.2861 
   00342    0.4940   -5984.7292  0.2841 
   00343    0.4916   -5933.3691  0.2813 
   00344    0.4948   -5952.0066  0.2764 
   00345    0.4904   -5957.5643  0.2823 
   00346    0.4816   -5888.5120  0.2831 
   00347    0.4944   -5847.5652  0.2836 
   00348    0.4964   -5879.4132  0.2942 
   00349    0.5008   -5845.2550  0.2882 
   00350    0.5028   -5878.3141  0.2827 
   00351    0.4972   -5863.4475  0.2735 
   00352    0.5096   -5781.6328  0.2714 
   00353    0.4900   -5758.6748  0.2621 
   00354    0.4980   -5811.9494  0.2716 
   00355    0.4952   -5775.0914  0.2786 
   00356    0.5204   -5768.4237  0.2761 
   00357    0.5020   -5769.4522  0.2855 
   00358    0.4976   -5815.7871  0.2792 
   00359    0.4912   -5808.8413  0.2810 
   00360    0.5116   -5787.8569  0.2855 
   00361    0.4888   -5808.5524  0.2842 
   00362    0.4992   -5797.6891  0.2900 
   00363    0.4996   -5814.6375  0.3095 
   00364    0.5076   -5813.7526  0.2894 
   00365    0.4964   -5823.1720  0.2953 
   00366    0.5012   -5845.7489  0.2843 
   00367    0.5160   -5785.2702  0.2808 
   00368    0.5020   -5836.7485  0.2638 
   00369    0.5108   -5950.1764  0.2617 
   00370    0.5156   -5883.2557  0.2582 
   00371    0.5132   -5861.6516  0.2662 
   00372    0.5052   -5770.6340  0.2636 
   00373    0.5016   -5774.0898  0.2608 
   00374    0.5088   -5825.8016  0.2698 
   00375    0.4748   -5874.3003  0.2659 
   00376    0.4956   -5982.5922  0.2591 
   00377    0.4972   -6012.8018  0.2696 
   00378    0.4784   -5995.8079  0.2680 
   00379    0.4940   -5993.7890  0.2704 
   00380    0.4808   -6045.5656  0.2754 
   00381    0.4760   -6043.4605  0.2630 
   00382    0.4872   -6078.2573  0.2737 
   00383    0.4704   -6149.4240  0.2739 
   00384    0.4856   -6053.2341  0.2811 
   00385    0.4656   -6089.8959  0.2745 
   00386    0.4848   -6041.4675  0.2766 
   00387    0.4820   -5980.6701  0.2974 
   00388    0.5016   -5926.2201  0.2949 
   00389    0.4916   -5975.0518  0.2880 
   00390    0.4840   -6067.1285  0.3004 
   00391    0.4824   -6097.7374  0.2913 
   00392    0.4740   -6068.4115  0.2853 
   00393    0.4736   -6004.5177  0.3022 
   00394    0.4868   -5914.8768  0.2848 
   00395    0.4980   -5894.6997  0.2826 
   00396    0.4676   -5851.0762  0.2814 
   00397    0.4932   -5919.3095  0.2770 
   00398    0.4880   -5932.2497  0.2668 
   00399    0.4864   -5967.6416  0.2591 
   00400    0.4928   -5925.3344  0.2667 
   00401    0.5044   -5838.4822  0.2683 
   00402    0.5028   -5867.6083  0.2612 
   00403    0.4976   -5755.4776  0.2629 
   00404    0.5156   -5777.8079  0.2549 
   00405    0.4936   -5784.0189  0.2675 
   00406    0.5060   -5793.9831  0.2704 
   00407    0.4876   -5861.9733  0.2533 
   00408    0.5008   -5822.5874  0.2728 
   00409    0.4936   -5852.6972  0.2717 
   00410    0.4836   -5829.0256  0.2727 
   00411    0.4964   -5789.5846  0.2706 
   00412    0.5072   -5872.7668  0.2735 
   00413    0.5044   -5839.5402  0.2773 
   00414    0.5032   -5828.4512  0.2711 
   00415    0.5052   -5792.3111  0.2798 
   00416    0.5128   -5893.0474  0.2804 
   00417    0.4928   -5923.1483  0.2703 
   00418    0.5032   -5992.7820  0.2845 
   00419    0.4928   -5869.2782  0.2932 
   00420    0.4936   -5908.5532  0.2841 
   00421    0.5088   -5817.2052  0.2865 
   00422    0.4936   -5906.1042  0.2853 
   00423    0.4864   -5829.7735  0.2972 
   00424    0.4896   -5836.8319  0.2964 
   00425    0.5056   -5758.3216  0.3132 
   00426    0.4884   -5800.7167  0.3095 
   00427    0.5032   -5754.7201  0.3114 
   00428    0.4876   -5808.4447  0.3073 
   00429    0.5056   -5760.7788  0.3095 
   00430    0.4976   -5826.0104  0.3043 
   00431    0.4964   -5832.7476  0.3037 
   00432    0.5096   -5804.8129  0.3084 
   00433    0.5000   -5787.7263  0.3016 
   00434    0.4976   -5863.5598  0.2965 
   00435    0.5012   -5882.1248  0.2993 
   00436    0.4812   -5838.8163  0.3013 
   00437    0.4856   -5679.2951  0.3061 
   00438    0.4968   -5736.4683  0.3057 
   00439    0.4988   -5777.0423  0.3267 
   00440    0.4880   -5866.9032  0.3208 
   00441    0.5024   -5788.9928  0.3071 
   00442    0.4884   -5808.3341  0.3071 
   00443    0.5028   -5915.0550  0.2990 
   00444    0.5020   -5864.2917  0.3068 
   00445    0.4908   -5906.1186  0.3104 
   00446    0.4936   -5968.8262  0.3054 
   00447    0.5004   -5942.5153  0.3076 
   00448    0.4864   -6003.9758  0.3099 
   00449    0.4820   -5986.5006  0.3098 
   00450    0.4972   -6018.2916  0.3142 
   00451    0.4892   -5974.0932  0.3152 
   00452    0.5024   -5973.4277  0.3230 
   00453    0.4916   -5892.0399  0.3151 
   00454    0.4688   -5935.8047  0.3128 
   00455    0.4788   -5966.9942  0.3113 
   00456    0.4932   -5927.6557  0.2946 
   00457    0.4900   -5905.1162  0.3035 
   00458    0.4764   -5968.9875  0.2946 
   00459    0.4992   -5863.6662  0.3040 
   00460    0.4716   -6057.0799  0.3045 
   00461    0.4692   -6050.6653  0.3082 
   00462    0.4892   -6030.7862  0.2912 
   00463    0.4756   -5960.2636  0.3025 
   00464    0.4856   -5952.3833  0.3000 
   00465    0.4876   -5929.8379  0.2863 
   00466    0.4980   -5934.4559  0.2926 
   00467    0.4864   -5997.9348  0.2798 
   00468    0.4920   -6072.3992  0.2916 
   00469    0.4656   -6132.7495  0.3123 
   00470    0.4896   -5936.1574  0.3175 
   00471    0.4884   -6019.4978  0.3257 
   00472    0.4804   -6065.9041  0.3282 
   00473    0.4612   -6060.9108  0.3196 
   00474    0.4764   -6079.4671  0.3262 
   00475    0.4832   -6004.2068  0.3339 
   00476    0.4828   -6014.7657  0.3256 
   00477    0.4896   -5927.3708  0.3399 
   00478    0.4880   -5925.5583  0.3496 
   00479    0.4952   -5974.9579  0.3553 
   00480    0.4684   -5931.2641  0.3562 
   00481    0.4952   -5876.3861  0.3448 
   00482    0.4864   -5810.0276  0.3544 
   00483    0.5392   -5828.4856  0.3538 
   00484    0.5184   -5903.2723  0.3468 
   00485    0.4900   -5974.1676  0.3510 
   00486    0.4964   -5940.5204  0.3374 
   00487    0.4992   -5974.2138  0.3351 
   00488    0.4952   -6003.2559  0.3319 
   00489    0.4984   -5950.9723  0.3086 
   00490    0.4828   -5861.5469  0.3155 
   00491    0.5076   -5969.6909  0.3234 
   00492    0.4840   -5909.0562  0.3240 
   00493    0.4844   -5837.3810  0.3319 
   00494    0.5268   -5912.2480  0.3267 
   00495    0.4728   -5881.4836  0.3225 
   00496    0.5040   -5843.9305  0.3193 
   00497    0.4920   -5874.8117  0.3143 
   00498    0.4940   -5904.8118  0.3129 
   00499    0.4888   -5908.8390  0.3141 
   00500    0.4848   -5928.1937  0.3224 
   00501    0.4888   -5847.6055  0.3278 
   00502    0.4960   -5857.6931  0.3448 
   00503    0.4928   -5929.9805  0.3492 
   00504    0.5056   -5949.1501  0.3403 
   00505    0.4852   -5918.2863  0.3380 
   00506    0.5056   -5973.2137  0.3193 
   00507    0.4792   -5970.6307  0.3242 
   00508    0.4844   -6076.0209  0.3307 
   00509    0.4756   -6120.9733  0.3282 
   00510    0.4836   -6111.8588  0.3200 
   00511    0.4952   -5855.4596  0.3145 
   00512    0.4940   -5861.5828  0.3132 
   00513    0.4944   -5807.3990  0.3322 
   00514    0.5060   -5895.0682  0.3176 
   00515    0.4868   -5856.0615  0.3171 
   00516    0.4832   -5959.2133  0.3125 
   00517    0.4740   -5923.1909  0.3078 
   00518    0.5084   -5847.0444  0.2942 
   00519    0.5036   -5831.7863  0.2894 
   00520    0.5048   -5674.2109  0.2894 
   00521    0.4908   -5737.6476  0.2955 
   00522    0.5048   -5833.5159  0.2876 
   00523    0.5044   -5844.6863  0.3082 
   00524    0.4948   -5913.4467  0.3138 
   00525    0.5032   -5824.2722  0.3161 
   00526    0.4832   -5797.3540  0.3174 
   00527    0.5212   -5823.2988  0.3188 
   00528    0.4968   -5835.5714  0.3069 
   00529    0.5092   -5735.5398  0.3038 
   00530    0.5024   -5858.0019  0.3176 
   00531    0.4808   -5879.6294  0.3162 
   00532    0.4896   -5827.5734  0.3228 
   00533    0.5000   -5781.4048  0.3324 
   00534    0.5036   -5903.9447  0.3368 
   00535    0.5192   -5894.7839  0.3298 
   00536    0.4960   -5997.9678  0.3414 
   00537    0.4864   -6056.9055  0.3547 
   00538    0.4920   -5943.0555  0.3449 
   00539    0.4896   -5924.3005  0.3420 
   00540    0.4872   -6000.8691  0.3264 
   00541    0.4800   -6026.8674  0.3130 
   00542    0.4964   -5990.0673  0.3148 
   00543    0.4692   -5965.6976  0.3099 
   00544    0.4976   -5919.5009  0.3118 
   00545    0.4904   -5939.9108  0.3134 
   00546    0.4656   -5898.6150  0.3158 
   00547    0.5068   -5952.1290  0.3193 
   00548    0.5008   -5905.5516  0.3218 
   00549    0.4920   -5971.9597  0.3257 
   00550    0.4748   -6054.3322  0.3266 
   00551    0.4776   -6053.9294  0.3389 
   00552    0.4704   -5997.7341  0.3412 
   00553    0.4716   -6060.2965  0.3313 
   00554    0.4928   -6103.5563  0.3414 
   00555    0.4796   -6030.0264  0.3444 
   00556    0.4776   -6001.4824  0.3410 
   00557    0.4716   -6017.1132  0.3445 
   00558    0.4968   -5870.8490  0.3369 
   00559    0.4828   -5856.5877  0.3519 
   00560    0.4996   -5822.3096  0.3510 
   00561    0.5052   -5854.5175  0.3550 
   00562    0.4896   -5830.6560  0.3519 
   00563    0.5060   -5824.0057  0.3581 
   00564    0.4984   -5911.1131  0.3559 
   00565    0.4896   -5925.9041  0.3522 
   00566    0.4912   -6028.6610  0.3658 
   00567    0.4884   -5990.6210  0.3685 
   00568    0.4928   -6025.8181  0.3744 
   00569    0.4916   -5910.3816  0.3723 
   00570    0.4872   -5908.7343  0.3753 
   00571    0.4824   -5905.1028  0.3675 
   00572    0.4804   -5919.9027  0.3652 
   00573    0.4996   -5903.5028  0.3718 
   00574    0.4896   -5872.9923  0.3654 
   00575    0.4912   -5887.6828  0.3610 
   00576    0.4912   -5918.8467  0.3710 
   00577    0.4916   -5926.2432  0.3638 
   00578    0.4896   -5908.4284  0.3696 
   00579    0.4940   -6004.8594  0.3644 
   00580    0.4792   -6007.2033  0.3651 
   00581    0.4844   -6061.6924  0.3842 
   00582    0.4824   -6017.6943  0.3786 
   00583    0.4792   -5988.5378  0.3873 
   00584    0.4852   -5938.5622  0.3780 
   00585    0.4832   -5998.2934  0.3787 
   00586    0.4928   -5969.0501  0.3744 
   00587    0.4756   -5980.6235  0.3775 
   00588    0.4668   -5963.4140  0.3914 
   00589    0.4616   -6088.7797  0.4059 
   00590    0.4824   -6001.1732  0.4119 
   00591    0.4772   -5953.2205  0.4153 
   00592    0.4836   -5920.8639  0.4082 
   00593    0.4956   -5825.3712  0.3984 
   00594    0.5072   -5775.4365  0.3882 
   00595    0.5108   -5715.0980  0.3728 
   00596    0.4920   -5775.5817  0.3678 
   00597    0.5000   -5826.1985  0.3676 
   00598    0.5156   -5957.8805  0.3732 
   00599    0.4796   -5874.6819  0.3630 
   00600    0.4948   -5826.4828  0.3726 
   00601    0.4956   -5862.3038  0.3753 
   00602    0.4868   -5818.2418  0.3746 
   00603    0.5076   -5815.2501  0.3668 
   00604    0.4984   -5851.6261  0.3758 
   00605    0.5092   -5870.6525  0.3731 
   00606    0.4960   -5887.5844  0.3634 
   00607    0.4984   -5956.9240  0.3691 
   00608    0.4996   -5959.6004  0.3677 
   00609    0.4840   -5923.4553  0.3738 
   00610    0.4956   -5918.0589  0.3595 
   00611    0.5012   -5880.7004  0.3672 
   00612    0.4792   -5921.7652  0.3620 
   00613    0.4788   -6012.7616  0.3586 
   00614    0.4972   -5941.4828  0.3613 
   00615    0.4784   -5906.1205  0.3440 
   00616    0.4876   -5894.9768  0.3394 
   00617    0.4904   -5932.6025  0.3492 
   00618    0.4924   -5915.8529  0.3523 
   00619    0.4800   -5867.7603  0.3501 
   00620    0.5012   -5860.7258  0.3599 
   00621    0.4992   -5978.0958  0.3620 
   00622    0.4860   -5952.4169  0.3670 
   00623    0.4996   -6005.8982  0.3572 
   00624    0.4848   -6005.6646  0.3590 
   00625    0.4876   -5989.9055  0.3725 
   00626    0.4828   -5946.1324  0.3698 
   00627    0.4924   -5825.0481  0.3768 
   00628    0.4824   -5809.3371  0.3771 
   00629    0.5016   -5853.4127  0.3724 
   00630    0.4952   -5924.6806  0.3642 
   00631    0.4912   -5944.3098  0.3485 
   00632    0.5184   -5936.6539  0.3539 
   00633    0.5132   -5851.9281  0.3526 
   00634    0.4968   -5859.3135  0.3494 
   00635    0.4996   -5918.6090  0.3450 
   00636    0.4948   -5916.9160  0.3576 
   00637    0.4828   -5945.9292  0.3513 
   00638    0.4968   -5897.6883  0.3405 
   00639    0.5100   -5870.5029  0.3312 
   00640    0.4756   -5933.2821  0.3206 
   00641    0.4840   -5982.9444  0.3176 
   00642    0.4856   -5932.4337  0.3157 
   00643    0.5000   -6016.2668  0.3234 
   00644    0.4892   -6045.1062  0.3132 
   00645    0.4960   -5966.1149  0.3064 
   00646    0.4884   -5920.5429  0.3207 
   00647    0.5004   -5834.0970  0.3141 
   00648    0.4868   -5770.6958  0.3203 
   00649    0.4904   -5853.9121  0.3124 
   00650    0.5120   -5848.2881  0.3028 
   00651    0.5024   -5780.9243  0.3028 
   00652    0.4780   -5755.2035  0.3031 
   00653    0.4920   -5822.3632  0.3106 
   00654    0.5008   -5823.2856  0.3156 
   00655    0.4916   -5909.4912  0.3115 
   00656    0.5032   -5964.8376  0.2887 
   00657    0.4924   -5926.5889  0.2808 
   00658    0.4824   -5869.7392  0.2728 
   00659    0.4928   -5791.0318  0.2685 
   00660    0.5120   -5842.3610  0.2688 
   00661    0.4844   -5808.6598  0.2695 
   00662    0.4960   -5756.7633  0.2648 
   00663    0.5124   -5794.8938  0.2692 
   00664    0.5124   -5776.4979  0.2798 
   00665    0.5052   -5783.9711  0.2769 
   00666    0.5120   -5881.0639  0.2761 
   00667    0.4956   -5941.1825  0.2710 
   00668    0.4872   -5932.7493  0.2797 
   00669    0.5024   -6024.3230  0.2805 
   00670    0.4736   -6006.0965  0.2890 
   00671    0.4804   -5917.3347  0.2827 
   00672    0.5016   -5958.0131  0.2911 
   00673    0.4996   -5954.9087  0.2911 
   00674    0.4852   -5992.1623  0.2907 
   00675    0.4924   -6049.4962  0.2995 
   00676    0.4888   -6005.5281  0.3030 
   00677    0.4772   -5927.7245  0.3002 
   00678    0.4968   -5845.5482  0.2985 
   00679    0.5044   -5842.4480  0.3030 
   00680    0.4920   -5803.2408  0.2870 
   00681    0.5068   -5833.5391  0.2926 
   00682    0.4948   -5778.0672  0.3066 
   00683    0.5140   -5819.4839  0.3049 
   00684    0.4968   -5809.9572  0.2960 
   00685    0.5024   -5742.7962  0.2906 
   00686    0.4992   -5881.3662  0.3123 
   00687    0.4944   -5924.0990  0.3076 
   00688    0.5044   -5943.4858  0.3201 
   00689    0.4864   -5902.7660  0.3066 
   00690    0.4776   -5902.6620  0.3107 
   00691    0.4864   -5902.7837  0.3019 
   00692    0.4932   -5901.0461  0.3040 
   00693    0.5012   -5895.9278  0.3077 
   00694    0.5044   -5808.7739  0.3020 
   00695    0.4952   -5759.3028  0.3152 
   00696    0.4940   -5767.8954  0.3172 
   00697    0.5004   -5796.5671  0.3126 
   00698    0.5164   -5857.1744  0.3159 
   00699    0.4988   -5826.6445  0.3113 
   00700    0.4940   -5889.6431  0.3111 
   00701    0.5052   -5876.3713  0.3094 
   00702    0.4924   -5869.9902  0.3129 
   00703    0.4792   -5878.9209  0.3017 
   00704    0.5028   -5844.9618  0.2871 
   00705    0.5012   -5813.0297  0.2824 
   00706    0.4948   -5893.4328  0.2854 
   00707    0.4936   -5932.1750  0.2935 
   00708    0.4996   -5920.1758  0.2864 
   00709    0.4896   -5940.0094  0.2911 
   00710    0.4876   -5950.7126  0.2772 
   00711    0.4964   -5887.4403  0.2630 
   00712    0.5040   -5918.6994  0.2598 
   00713    0.4788   -5950.9078  0.2702 
   00714    0.4980   -5916.6791  0.2709 
   00715    0.5172   -5859.8590  0.2789 
   00716    0.4860   -5932.1936  0.2939 
   00717    0.5036   -5902.6563  0.2975 
   00718    0.4736   -5914.4644  0.2823 
   00719    0.4960   -5791.7146  0.2730 
   00720    0.4948   -5750.8423  0.2862 
   00721    0.5096   -5855.6879  0.2709 
   00722    0.4856   -5765.5928  0.2588 
   00723    0.5136   -5757.7888  0.2615 
   00724    0.5140   -5929.3055  0.2611 
   00725    0.5160   -5815.7527  0.2716 
   00726    0.4956   -5851.2791  0.2775 
   00727    0.4800   -5840.1848  0.2856 
   00728    0.5048   -5885.3998  0.2866 
   00729    0.4932   -5839.9942  0.2993 
   00730    0.5024   -5952.9871  0.2889 
   00731    0.4972   -5808.4812  0.2998 
   00732    0.4940   -5841.4607  0.3046 
   00733    0.5188   -5759.8044  0.3022 
   00734    0.5072   -5753.9760  0.3001 
   00735    0.5048   -5838.0119  0.3137 
   00736    0.5096   -5898.7547  0.3136 
   00737    0.5168   -5999.0913  0.3099 
   00738    0.4636   -5998.8366  0.3162 
   00739    0.4804   -5903.4639  0.3227 
   00740    0.4920   -6004.9342  0.3099 
   00741    0.5052   -5906.3831  0.3082 
   00742    0.4940   -5952.2650  0.3011 
   00743    0.4776   -5959.6247  0.3018 
   00744    0.4832   -5988.5395  0.3089 
   00745    0.4648   -6074.5387  0.3179 
   00746    0.4880   -6042.0080  0.3088 
   00747    0.4908   -6102.6636  0.3060 
   00748    0.4760   -6080.1566  0.3033 
   00749    0.4768   -6132.2697  0.3051 
   00750    0.4680   -6240.1275  0.3199 
   00751    0.4660   -6313.3715  0.3231 
   00752    0.4724   -6341.0730  0.3258 
   00753    0.4552   -6213.3320  0.3290 
   00754    0.4576   -6175.4328  0.3259 
   00755    0.4900   -6150.7731  0.3278 
   00756    0.4800   -6071.1819  0.3150 
   00757    0.4832   -6146.2039  0.3179 
   00758    0.4744   -6165.2750  0.3144 
   00759    0.4792   -6142.8953  0.3192 
   00760    0.4740   -5953.2529  0.3122 
   00761    0.4884   -5983.9895  0.3179 
   00762    0.4856   -5996.2751  0.3257 
   00763    0.4848   -6004.1842  0.3374 
   00764    0.4800   -6014.7527  0.3324 
   00765    0.4892   -6039.1566  0.3328 
   00766    0.4940   -6041.7964  0.3274 
   00767    0.4740   -6043.8241  0.3332 
   00768    0.4936   -6125.1936  0.3243 
   00769    0.4764   -6059.1549  0.3236 
   00770    0.4776   -6054.9371  0.3001 
   00771    0.4688   -6045.6201  0.2924 
   00772    0.4696   -6002.1636  0.2930 
   00773    0.4860   -6009.9872  0.2938 
   00774    0.4908   -5927.3196  0.2902 
   00775    0.5140   -5927.5558  0.2886 
   00776    0.5008   -5930.8976  0.3001 
   00777    0.4884   -5925.1798  0.3011 
   00778    0.4868   -5874.5186  0.3113 
   00779    0.4824   -5973.3910  0.3036 
   00780    0.4872   -5957.9677  0.3016 
   00781    0.4816   -5960.9690  0.2884 
   00782    0.4804   -5955.0429  0.2966 
   00783    0.4776   -6082.8288  0.2880 
   00784    0.4872   -5999.8018  0.2922 
   00785    0.4816   -6036.9061  0.2956 
   00786    0.4804   -6050.8073  0.2876 
   00787    0.5048   -6004.5274  0.2898 
   00788    0.5020   -5999.9246  0.2836 
   00789    0.4852   -5970.4383  0.2799 
   00790    0.4936   -6045.5788  0.2792 
   00791    0.4856   -6011.7047  0.2869 
   00792    0.4624   -6011.6398  0.2870 
   00793    0.4884   -5956.2597  0.2817 
   00794    0.4868   -5952.0278  0.2864 
   00795    0.4868   -5929.2325  0.2742 
   00796    0.4976   -5958.9007  0.2668 
   00797    0.4864   -5913.9747  0.2714 
   00798    0.4892   -5800.0920  0.2795 
   00799    0.5156   -5780.8487  0.2838 
   00800    0.5148   -5805.4621  0.2776 
   00801    0.4980   -5783.2090  0.2800 
   00802    0.4992   -5782.0262  0.2890 
   00803    0.5040   -5793.3873  0.2962 
   00804    0.4864   -5851.8256  0.3097 
   00805    0.4988   -5885.2675  0.2998 
   00806    0.5020   -5912.2440  0.2964 
   00807    0.4924   -5863.7481  0.2838 
   00808    0.5096   -5927.5314  0.2802 
   00809    0.4892   -5889.4406  0.2876 
   00810    0.5116   -5934.0385  0.2922 
   00811    0.4776   -5939.9143  0.3037 
   00812    0.5020   -5931.7852  0.3048 
   00813    0.4940   -5861.8932  0.3009 
   00814    0.4972   -5809.3497  0.3145 
   00815    0.5028   -5834.3489  0.3209 
   00816    0.5052   -5848.9419  0.3299 
   00817    0.4828   -5791.3975  0.3228 
   00818    0.5108   -5841.9464  0.3177 
   00819    0.4940   -5793.8153  0.3076 
   00820    0.4996   -6001.9929  0.3014 
   00821    0.4732   -6007.3608  0.2949 
   00822    0.4888   -5945.8025  0.2924 
   00823    0.4820   -5915.5952  0.3016 
   00824    0.5128   -5855.0551  0.2895 
   00825    0.5020   -5881.9617  0.2829 
   00826    0.5088   -5998.4334  0.2877 
   00827    0.4800   -5949.1817  0.2807 
   00828    0.4768   -5931.3009  0.2760 
   00829    0.4780   -5850.7321  0.2758 
   00830    0.4936   -5878.7556  0.2739 
   00831    0.4784   -5847.3845  0.2906 
   00832    0.5052   -5761.0461  0.2918 
   00833    0.4936   -5698.6248  0.2914 
   00834    0.5248   -5715.2206  0.2981 
   00835    0.4824   -5749.9412  0.3022 
   00836    0.4744   -5815.0626  0.2991 
   00837    0.4884   -5858.8480  0.3037 
   00838    0.5124   -5916.7051  0.3002 
   00839    0.4852   -5872.0412  0.2881 
   00840    0.5140   -5740.1027  0.2804 
   00841    0.4968   -5740.3756  0.2740 
   00842    0.5264   -5799.6242  0.2978 
   00843    0.4964   -5783.9886  0.3019 
   00844    0.5008   -5816.6730  0.3086 
   00845    0.5036   -5791.6382  0.3175 
   00846    0.5092   -5937.6433  0.3190 
   00847    0.4964   -5886.6583  0.3254 
   00848    0.5092   -5801.4323  0.3165 
   00849    0.5120   -5822.2700  0.3144 
   00850    0.5004   -5737.1523  0.3259 
   00851    0.4988   -5793.2501  0.3243 
   00852    0.4876   -5764.7550  0.3229 
   00853    0.4952   -5800.9522  0.3324 
   00854    0.5136   -5757.5494  0.3248 
   00855    0.5020   -5783.4775  0.3330 
   00856    0.5156   -5795.9048  0.3342 
   00857    0.5048   -5805.9058  0.3310 
   00858    0.4900   -5738.4853  0.3382 
   00859    0.4936   -5782.1487  0.3291 
   00860    0.5000   -5831.7607  0.3401 
   00861    0.4952   -5980.4025  0.3448 
   00862    0.4996   -5984.3315  0.3559 
   00863    0.4848   -5944.3795  0.3659 
   00864    0.4736   -5967.9565  0.3635 
   00865    0.4952   -5951.3857  0.3704 
   00866    0.4812   -5970.1247  0.3754 
   00867    0.4896   -5959.1667  0.3814 
   00868    0.4812   -5978.5377  0.3874 
   00869    0.4844   -5994.0422  0.3893 
   00870    0.4848   -6032.8237  0.3971 
   00871    0.4840   -6076.9537  0.4033 
   00872    0.4552   -6093.3663  0.3938 
   00873    0.4744   -6058.3609  0.3945 
   00874    0.4816   -6027.6348  0.4041 
   00875    0.4800   -6026.6047  0.4073 
   00876    0.4780   -5994.4904  0.3951 
   00877    0.4748   -6059.4833  0.3867 
   00878    0.4804   -6034.3378  0.3725 
   00879    0.4828   -5997.9181  0.3611 
   00880    0.4880   -5978.1445  0.3544 
   00881    0.4840   -5901.7791  0.3398 
   00882    0.4828   -5869.5818  0.3527 
   00883    0.4880   -5846.7329  0.3504 
   00884    0.4984   -6022.4776  0.3443 
   00885    0.4812   -5947.7434  0.3361 
   00886    0.4868   -5912.6288  0.3410 
   00887    0.5044   -5928.6465  0.3414 
   00888    0.4692   -5932.4243  0.3330 
   00889    0.4824   -5919.6114  0.3332 
   00890    0.4820   -5785.4234  0.3304 
   00891    0.4932   -5892.4626  0.3255 
   00892    0.5136   -5874.2154  0.3173 
   00893    0.4992   -5868.8797  0.3211 
   00894    0.4984   -5911.3551  0.3143 
   00895    0.4952   -5980.6762  0.3021 
   00896    0.4912   -5981.7747  0.3033 
   00897    0.4756   -6013.6263  0.3056 
   00898    0.4756   -6087.7492  0.3151 
   00899    0.4620   -6074.2608  0.3138 
   00900    0.4792   -6051.9373  0.3207 
   00901    0.4980   -5997.6285  0.3109 
   00902    0.4896   -6058.8712  0.2922 
   00903    0.4828   -6041.8468  0.2905 
   00904    0.4896   -5886.0678  0.2897 
   00905    0.4908   -5877.8880  0.2861 
   00906    0.4800   -5860.7460  0.2785 
   00907    0.4920   -5902.3702  0.2702 
   00908    0.4904   -5856.7854  0.2699 
   00909    0.4900   -5781.9536  0.2615 
   00910    0.5248   -5971.2764  0.2573 
   00911    0.4880   -5925.5948  0.2676 
   00912    0.5000   -6015.4216  0.2795 
   00913    0.4832   -6011.4566  0.2819 
   00914    0.4896   -5986.7685  0.2893 
   00915    0.4880   -5905.3739  0.2859 
   00916    0.4968   -5928.3130  0.2842 
   00917    0.4824   -5851.8274  0.2839 
   00918    0.5144   -5843.5097  0.2881 
   00919    0.5028   -5893.7324  0.2927 
   00920    0.4948   -5825.1525  0.2874 
   00921    0.5000   -5861.6519  0.2891 
   00922    0.4932   -5905.3174  0.2853 
   00923    0.5028   -5926.3758  0.2764 
   00924    0.4864   -5920.4737  0.2959 
   00925    0.5012   -5956.7044  0.2950 
   00926    0.5020   -5884.4753  0.3047 
   00927    0.4920   -5857.9131  0.3003 
   00928    0.4976   -5841.4490  0.3042 
   00929    0.4956   -5758.6446  0.2850 
   00930    0.4956   -5850.7821  0.2814 
   00931    0.4956   -5862.2674  0.2842 
   00932    0.5120   -5898.6405  0.2886 
   00933    0.4876   -5882.9032  0.2914 
   00934    0.4972   -5945.9169  0.2902 
   00935    0.4812   -6011.3804  0.2914 
   00936    0.5032   -5947.2728  0.3097 
   00937    0.4868   -5898.3668  0.3117 
   00938    0.4764   -5877.0004  0.3231 
   00939    0.5064   -5837.7020  0.3319 
   00940    0.4944   -5879.7978  0.3318 
   00941    0.4912   -5831.0044  0.3260 
   00942    0.4956   -5755.5396  0.3329 
   00943    0.5004   -5779.7593  0.3240 
   00944    0.5136   -5819.0469  0.3239 
   00945    0.5116   -5720.4280  0.3262 
   00946    0.4944   -5790.3374  0.3347 
   00947    0.5020   -5831.0899  0.3284 
   00948    0.5024   -5883.4025  0.3224 
   00949    0.5084   -5883.1122  0.3051 
   00950    0.4964   -5921.8450  0.2808 
   00951    0.4912   -5966.7946  0.2847 
   00952    0.4916   -5968.1164  0.2773 
   00953    0.4936   -5959.7744  0.2587 
   00954    0.4784   -5990.5807  0.2585 
   00955    0.4820   -5919.5502  0.2599 
   00956    0.4972   -5985.3760  0.2688 
   00957    0.4768   -5934.2235  0.2794 
   00958    0.4684   -6016.8229  0.2753 
   00959    0.4840   -5984.6095  0.2713 
   00960    0.4996   -6000.5758  0.2791 
   00961    0.4772   -5964.7481  0.2878 
   00962    0.4776   -5894.3713  0.2963 
   00963    0.4968   -5926.2707  0.2983 
   00964    0.4952   -5842.4978  0.2931 
   00965    0.5180   -5821.6985  0.2944 
   00966    0.4876   -5744.4473  0.3037 
   00967    0.4772   -5879.3023  0.3100 
   00968    0.4888   -5939.0961  0.3198 
   00969    0.5048   -5961.9588  0.3250 
   00970    0.4980   -5913.6251  0.3245 
   00971    0.4932   -6031.2671  0.3212 
   00972    0.4932   -6017.8212  0.3122 
   00973    0.4996   -5967.7222  0.3172 
   00974    0.5064   -5915.8995  0.3223 
   00975    0.4976   -5915.2037  0.3198 
   00976    0.4808   -5998.6452  0.3083 
   00977    0.4808   -6003.4105  0.3072 
   00978    0.4832   -6067.8721  0.3147 
   00979    0.4940   -6016.4713  0.3061 
   00980    0.4820   -6086.7165  0.3062 
   00981    0.4660   -6030.3208  0.3094 
   00982    0.4832   -6134.8766  0.3015 
   00983    0.4752   -6082.9409  0.3077 
   00984    0.4840   -6221.0641  0.3007 
   00985    0.4636   -6151.6352  0.3025 
   00986    0.4760   -6167.3407  0.3059 
   00987    0.4884   -6077.7108  0.3054 
   00988    0.4880   -6024.7857  0.3100 
   00989    0.4872   -6044.5995  0.3228 
   00990    0.4912   -5997.7109  0.3156 
   00991    0.5008   -5955.2758  0.3268 
   00992    0.4776   -5971.0263  0.3174 
   00993    0.4952   -5896.9135  0.3119 
   00994    0.4892   -5832.7981  0.3163 
   00995    0.4924   -5874.3064  0.3212 
   00996    0.4728   -5955.0197  0.3196 
   00997    0.4744   -6024.6321  0.3143 
   00998    0.4820   -5954.7663  0.3229 
   00999    0.4788   -6012.9355  0.3267 
   01000    0.4928   -6026.8845  0.3290 
