#=====================================================
# File created:        Tue-12-Mar-2024-at-11-39-10AM
# Size of lattice:     50x50
# Number of MC steps:  1000
# Reduced temperature: 1.000
# Run time (s):        39.420944
#=====================================================
# MC step:  Ratio:     Energy:   Order:
#=====================================================
   00000    0.5000   -2563.0228  0.2535 
   00001    0.6720   -3896.5095  0.2547 
   00002    0.6064   -4499.7518  0.2584 
   00003    0.5920   -4717.5566  0.2620 
   00004    0.5544   -4937.2788  0.2616 
   00005    0.5784   -5046.0832  0.2608 
   00006    0.5440   -5106.0000  0.2651 
   00007    0.5396   -5231.5286  0.2624 
   00008    0.5560   -5361.0107  0.2686 
   00009    0.5096   -5413.8038  0.2630 
   00010    0.5364   -5422.7682  0.2638 
   00011    0.5420   -5429.2642  0.2595 
   00012    0.5220   -5494.1867  0.2605 
   00013    0.5208   -5565.9934  0.2617 
   00014    0.5000   -5584.8631  0.2615 
   00015    0.5016   -5663.9000  0.2634 
   00016    0.5132   -5765.2120  0.2628 
   00017    0.5016   -5796.6316  0.2638 
   00018    0.5148   -5717.3891  0.2624 
   00019    0.5192   -5830.2413  0.2668 
   00020    0.4904   -5843.7796  0.2684 
   00021    0.4872   -5805.4935  0.2692 
   00022    0.4952   -5889.4148  0.2666 
   00023    0.4896   -5950.1041  0.2649 
   00024    0.5008   -5881.6832  0.2667 
   00025    0.4896   -5884.2269  0.2657 
   00026    0.4864   -5846.1385  0.2688 
   00027    0.5008   -5930.1921  0.2658 
   00028    0.4932   -5977.4082  0.2668 
   00029    0.5028   -5917.0478  0.2688 
   00030    0.4972   -5870.1430  0.2703 
   00031    0.4852   -5936.2920  0.2713 
   00032    0.4780   -5975.5652  0.2710 
   00033    0.4732   -5963.4137  0.2716 
   00034    0.5080   -5962.7733  0.2727 
   00035    0.4724   -5950.5765  0.2721 
   00036    0.5064   -5905.8420  0.2726 
   00037    0.4956   -6011.7714  0.2738 
   00038    0.4752   -6056.8649  0.2716 
   00039    0.4688   -6045.5482  0.2697 
   00040    0.4868   -6100.4869  0.2703 
   00041    0.4956   -6006.5037  0.2671 
   00042    0.4916   -5980.9768  0.2680 
   00043    0.4932   -5888.2234  0.2664 
   00044    0.4928   -5885.8441  0.2688 
   00045    0.5088   -5858.1092  0.2706 
   00046    0.5020   -5904.8907  0.2748 
   00047    0.4864   -5783.2209  0.2719 
   00048    0.4960   -5860.0080  0.2715 
   00049    0.4956   -5893.7192  0.2735 
   00050    0.5072   -5919.9032  0.2728 
   00051    0.5148   -5864.9622  0.2705 
   00052    0.5028   -5929.9260  0.2678 
   00053    0.4948   -5956.2292  0.2680 
   00054    0.4980   -6001.5654  0.2670 
   00055    0.4920   -5999.0808  0.2617 
   00056    0.4840   -5966.4661  0.2648 
   00057    0.4996   -5931.0547  0.2679 
   00058    0.4852   -6006.0962  0.2679 
   00059    0.5060   -5989.8698  0.2664 
   00060    0.4900   -5881.6484  0.2660 
   00061    0.5000   -5808.0446  0.2666 
   00062    0.4924   -5792.6394  0.2651 
   00063    0.5056   -5826.7633  0.2678 
   00064    0.4868   -5900.0829  0.2647 
   00065    0.5080   -5930.8107  0.2646 
   00066    0.5040   -5900.7554  0.2602 
   00067    0.5128   -5805.0969  0.2587 
   00068    0.5152   -5842.6140  0.2603 
   00069    0.4816   -5814.2987  0.2602 
   00070    0.4940   -5744.9365  0.2657 
   00071    0.5064   -5747.2929  0.2611 
   00072    0.4900   -5816.6971  0.2607 
   00073    0.4972   -5868.2047  0.2619 
   00074    0.4860   -5870.5559  0.2644 
   00075    0.4936   -5890.8272  0.2663 
   00076    0.4944   -5875.0051  0.2643 
   00077    0.4892   -5793.2760  0.2636 
   00078    0.4952   -5792.1814  0.2639 
   00079    0.4872   -5828.3252  0.2661 
   00080    0.4936   -5784.4912  0.2682 
   00081    0.5128   -5881.8245  0.2669 
   00082    0.5032   -5868.7949  0.2652 
   00083    0.4916   -5874.3117  0.2693 
   00084    0.4952   -5839.6575  0.2712 
   00085    0.4836   -5913.5823  0.2701 
   00086    0.4828   -5850.4813  0.2694 
   00087    0.5220   -5821.8909  0.2691 
   00088    0.4980   -5856.6574  0.2668 
   00089    0.4800   -5996.4618  0.2708 
   00090    0.4808   -6036.9447  0.2707 
   00091    0.4772   -6001.1843  0.2665 
   00092    0.4948   -5921.2086  0.2631 
   00093    0.5092   -5933.6598  0.2643 
   00094    0.4688   -5961.4122  0.2654 
   00095    0.4972   -5905.8992  0.2619 
   00096    0.4908   -5894.9837  0.2604 
   00097    0.5024   -5877.1216  0.2629 
   00098    0.4980   -5818.9947  0.2621 
   00099    0.4908   -5807.6805  0.2584 
   00100    0.5072   -5745.8660  0.2619 
   00101    0.5040   -5835.6754  0.2642 
   00102    0.4996   -5875.4299  0.2645 
   00103    0.4868   -5871.4418  0.2627 
   00104    0.5040   -5854.0993  0.2615 
   00105    0.4932   -5941.5282  0.2629 
   00106    0.4908   -5975.6082  0.2595 
   00107    0.4996   -5905.7701  0.2606 
   00108    0.4944   -5934.1578  0.2590 
   00109    0.4704   -5887.3345  0.2568 
   00110    0.4884   -5940.2519  0.2559 
   00111    0.5004   -5912.1326  0.2528 
   00112    0.4976   -5870.8170  0.2528 
   00113    0.5064   -5877.0788  0.2553 
   00114    0.4992   -5897.6781  0.2522 
   00115    0.4868   -5863.6994  0.2506 
   00116    0.5132   -5871.1949  0.2536 
   00117    0.4936   -5886.4905  0.2563 
   00118    0.4992   -5969.7448  0.2576 
   00119    0.4864   -5902.7062  0.2639 
   00120    0.4840   -5930.1456  0.2610 
   00121    0.4812   -5919.1284  0.2605 
   00122    0.4820   -5884.5397  0.2623 
   00123    0.4996   -5955.4753  0.2621 
   00124    0.4880   -6041.6012  0.2644 
   00125    0.4904   -6048.5918  0.2580 
   00126    0.4700   -5991.8158  0.2566 
   00127    0.4816   -5976.0298  0.2581 
   00128    0.4884   -5982.7960  0.2542 
   00129    0.4808   -5944.7459  0.2600 
   00130    0.4780   -5890.1910  0.2567 
   00131    0.5000   -5849.1943  0.2545 
   00132    0.5036   -5861.6764  0.2505 
   00133    0.5012   -5953.9570  0.2522 
   00134    0.5032   -5912.6831  0.2501 
   00135    0.4968   -5935.1182  0.2517 
   00136    0.4904   -5952.6498  0.2543 
   00137    0.5120   -5914.7166  0.2557 
   00138    0.4868   -5893.3164  0.2554 
   00139    0.5124   -5962.1071  0.2565 
   00140    0.4984   -5974.3557  0.2609 
   00141    0.4944   -6020.0498  0.2638 
   00142    0.4792   -5995.1952  0.2655 
   00143    0.5048   -5878.1076  0.2675 
   00144    0.4988   -5873.5566  0.2692 
   00145    0.4808   -5984.0242  0.2655 
   00146    0.4792   -6001.7257  0.2649 
   00147    0.5152   -6042.4434  0.2657 
   00148    0.4844   -6002.1646  0.2642 
   00149    0.4840   -5945.7915  0.2629 
   00150    0.4900   -6003.3062  0.2647 
   00151    0.4868   -6002.4013  0.2644 
   00152    0.4952   -5921.3960  0.2666 
   00153    0.4964   -5934.5217  0.2627 
   00154    0.4956   -5933.8827  0.2659 
   00155    0.4924   -5869.9083  0.2624 
   00156    0.5004   -5905.4251  0.2572 
   00157    0.4988   -5844.4352  0.2602 
   00158    0.4984   -5841.7360  0.2581 
   00159    0.4932   -5943.3853  0.2561 
   00160    0.4860   -6049.2912  0.2610 
   00161    0.4828   -6118.3664  0.2616 
   00162    0.4700   -6109.9355  0.2593 
   00163    0.4856   -6003.6676  0.2645 
   00164    0.4944   -5914.5573  0.2642 
   00165    0.5068   -5853.2872  0.2627 
   00166    0.4892   -5990.1072  0.2614 
   00167    0.4756   -5927.7513  0.2637 
   00168    0.5012   -5815.0090  0.2633 
   00169    0.4988   -5725.9684  0.2642 
   00170    0.5328   -5791.2047  0.2651 
   00171    0.5116   -5799.2349  0.2647 
   00172    0.5024   -5881.7057  0.2638 
   00173    0.5072   -5880.3816  0.2648 
   00174    0.4988   -5930.5899  0.2615 
   00175    0.4848   -5974.3970  0.2645 
   00176    0.4824   -5929.5279  0.2679 
   00177    0.5144   -5948.1408  0.2677 
   00178    0.4812   -5852.0701  0.2671 
   00179    0.5124   -5906.4310  0.2631 
   00180    0.4956   -5962.6158  0.2611 
   00181    0.4776   -6021.0275  0.2621 
   00182    0.5060   -5950.2001  0.2591 
   00183    0.4940   -5911.9885  0.2581 
   00184    0.4704   -5941.2663  0.2597 
   00185    0.4796   -5844.0464  0.2605 
   00186    0.5132   -5833.9592  0.2615 
   00187    0.4808   -5835.8656  0.2616 
   00188    0.5100   -5801.4148  0.2600 
   00189    0.5208   -5850.9689  0.2629 
   00190    0.4928   -5755.2478  0.2616 
   00191    0.4916   -5870.3821  0.2640 
   00192    0.5100   -5912.5213  0.2679 
   00193    0.4800   -5951.0701  0.2655 
   00194    0.4840   -5883.6593  0.2668 
   00195    0.4648   -5844.4393  0.2658 
   00196    0.4976   -5821.1670  0.2673 
   00197    0.4832   -5880.4070  0.2669 
   00198    0.5000   -5928.6071  0.2663 
   00199    0.4948   -5879.9706  0.2715 
   00200    0.4940   -5907.8088  0.2692 
   00201    0.5016   -5903.2796  0.2720 
   00202    0.4736   -5956.1119  0.2742 
   00203    0.5024   -5920.7086  0.2810 
   00204    0.5048   -5933.8800  0.2839 
   00205    0.5204   -5892.8686  0.2808 
   00206    0.4908   -5934.1416  0.2803 
   00207    0.4896   -5946.8087  0.2842 
   00208    0.4804   -5919.2746  0.2837 
   00209    0.4856   -5885.9380  0.2864 
   00210    0.4972   -5898.4941  0.2842 
   00211    0.4900   -6005.8127  0.2882 
   00212    0.4784   -6018.1040  0.2902 
   00213    0.4816   -5916.4194  0.2917 
   00214    0.4728   -6001.7596  0.2894 
   00215    0.4636   -6024.3524  0.2802 
   00216    0.4808   -6054.0841  0.2824 
   00217    0.4684   -6110.5616  0.2806 
   00218    0.4936   -6135.7506  0.2786 
   00219    0.4900   -6096.8367  0.2813 
   00220    0.4820   -5971.4508  0.2817 
   00221    0.4832   -5932.1379  0.2871 
   00222    0.4984   -5945.2894  0.2877 
   00223    0.4956   -5934.2198  0.2863 
   00224    0.4812   -5905.9030  0.2864 
   00225    0.4876   -5931.5971  0.2837 
   00226    0.4940   -5920.4687  0.2852 
   00227    0.4964   -5904.4943  0.2912 
   00228    0.4972   -5885.0781  0.2903 
   00229    0.5144   -5911.4774  0.2878 
   00230    0.5008   -5886.6117  0.2857 
   00231    0.5060   -5823.6250  0.2812 
   00232    0.4876   -5823.7997  0.2831 
   00233    0.5036   -5817.3107  0.2815 
   00234    0.4828   -5845.2178  0.2801 
   00235    0.4788   -5887.2048  0.2793 
   00236    0.4992   -5880.9469  0.2798 
   00237    0.4940   -5868.1242  0.2829 
   00238    0.5028   -5820.7411  0.2802 
   00239    0.5184   -5787.0016  0.2803 
   00240    0.5088   -5766.7032  0.2777 
   00241    0.4904   -5827.8225  0.2777 
   00242    0.4904   -5840.9871  0.2780 
   00243    0.4980   -5832.2944  0.2757 
   00244    0.5112   -5908.1616  0.2760 
   00245    0.4916   -5924.8929  0.2762 
   00246    0.4904   -5972.9039  0.2772 
   00247    0.4896   -5912.5991  0.2753 
   00248    0.4948   -5961.1296  0.2725 
   00249    0.4892   -6026.1121  0.2733 
   00250    0.4916   -5991.4349  0.2719 
   00251    0.4868   -5920.8700  0.2742 
   00252    0.5104   -5928.1532  0.2733 
   00253    0.5036   -5932.1509  0.2682 
   00254    0.4736   -5980.6640  0.2712 
   00255    0.4880   -5968.5457  0.2702 
   00256    0.5052   -6006.5648  0.2699 
   00257    0.4876   -5934.7439  0.2651 
   00258    0.4916   -5829.2170  0.2647 
   00259    0.5060   -5809.4821  0.2655 
   00260    0.4844   -5881.3165  0.2659 
   00261    0.5008   -5849.6816  0.2686 
   00262    0.4928   -5924.7081  0.2738 
   00263    0.4896   -6008.7794  0.2736 
   00264    0.4960   -5909.7382  0.2714 
   00265    0.5064   -5916.7383  0.2702 
   00266    0.5120   -5904.4305  0.2690 
   00267    0.5096   -5914.5424  0.2655 
   00268    0.4816   -5956.6038  0.2681 
   00269    0.4948   -5888.7711  0.2640 
   00270    0.4856   -5741.0414  0.2631 
   00271    0.5012   -5796.7738  0.2620 
   00272    0.4884   -5813.2831  0.2651 
   00273    0.5124   -5839.5872  0.2647 
   00274    0.4988   -5796.0998  0.2658 
   00275    0.4948   -5828.9240  0.2624 
   00276    0.4988   -5793.1668  0.2602 
   00277    0.5184   -5797.7485  0.2606 
   00278    0.5012   -5804.5224  0.2623 
   00279    0.5020   -5773.7653  0.2616 
   00280    0.5104   -5807.3533  0.2625 
   00281    0.4984   -5778.9458  0.2591 
   00282    0.5108   -5814.1810  0.2600 
   00283    0.4932   -5835.4832  0.2616 
   00284    0.4996   -5870.4162  0.2637 
   00285    0.4992   -5911.1577  0.2650 
   00286    0.4900   -5838.9280  0.2645 
   00287    0.4992   -5843.5569  0.2637 
   00288    0.5092   -5928.5629  0.2694 
   00289    0.4764   -6049.2087  0.2730 
   00290    0.4772   -5942.3192  0.2751 
   00291    0.4932   -5941.8045  0.2743 
   00292    0.4944   -5924.0462  0.2738 
   00293    0.4952   -6015.9959  0.2717 
   00294    0.4924   -5955.5588  0.2666 
   00295    0.5004   -5932.9616  0.2706 
   00296    0.4888   -5957.0823  0.2683 
   00297    0.4952   -5849.0567  0.2631 
   00298    0.5036   -5873.3653  0.2685 
   00299    0.4944   -5719.5321  0.2664 
   00300    0.4968   -5728.2402  0.2624 
   00301    0.5248   -5763.7779  0.2651 
   00302    0.4896   -5822.3630  0.2655 
   00303    0.5160   -5823.3132  0.2660 
   00304    0.4888   -5802.8605  0.2656 
   00305    0.5200   -5750.6500  0.2743 
   00306    0.4944   -5735.1257  0.2681 
   00307    0.5052   -5751.3858  0.2658 
   00308    0.5000   -5779.4174  0.2582 
   00309    0.5000   -5688.8512  0.2576 
   00310    0.5076   -5691.5030  0.2540 
   00311    0.5052   -5728.7028  0.2526 
   00312    0.5040   -5747.6866  0.2543 
   00313    0.4836   -5899.0640  0.2571 
   00314    0.5132   -5891.2377  0.2561 
   00315    0.5124   -5860.3483  0.2583 
   00316    0.4720   -5799.5265  0.2589 
   00317    0.4944   -5813.7903  0.2627 
   00318    0.5036   -5836.3143  0.2619 
   00319    0.5080   -5770.1727  0.2595 
   00320    0.4988   -5790.4056  0.2632 
   00321    0.4920   -5798.8229  0.2664 
   00322    0.5052   -5770.2171  0.2699 
   00323    0.5220   -5786.8182  0.2653 
   00324    0.4840   -5868.8472  0.2667 
   00325    0.4792   -5952.0221  0.2692 
   00326    0.5004   -5954.8354  0.2692 
   00327    0.4880   -5805.8727  0.2654 
   00328    0.4928   -5867.4454  0.2665 
   00329    0.4936   -5783.7565  0.2664 
   00330    0.4828   -5830.5264  0.2668 
   00331    0.4924   -5856.4613  0.2635 
   00332    0.4944   -5960.3303  0.2665 
   00333    0.4952   -5852.4284  0.2682 
   00334    0.5136   -5925.7784  0.2668 
   00335    0.5124   -5947.6957  0.2664 
   00336    0.4768   -6019.9271  0.2675 
   00337    0.4720   -6071.5459  0.2662 
   00338    0.4796   -6054.8274  0.2650 
   00339    0.4800   -6106.1065  0.2668 
   00340    0.4896   -5973.8301  0.2674 
   00341    0.4984   -5930.9043  0.2685 
   00342    0.4908   -5943.2397  0.2712 
   00343    0.4780   -5847.5468  0.2750 
   00344    0.4880   -6021.5682  0.2801 
   00345    0.4980   -6053.5206  0.2800 
   00346    0.4852   -6073.9896  0.2791 
   00347    0.4732   -6070.0738  0.2815 
   00348    0.4736   -6067.2491  0.2799 
   00349    0.4808   -5924.7816  0.2773 
   00350    0.4872   -6052.9620  0.2806 
   00351    0.4940   -5973.5388  0.2807 
   00352    0.4852   -5901.7324  0.2759 
   00353    0.4940   -5918.6279  0.2767 
   00354    0.4908   -5939.5786  0.2786 
   00355    0.4844   -5984.0822  0.2808 
   00356    0.5072   -5915.7506  0.2838 
   00357    0.5004   -5910.8726  0.2856 
   00358    0.4924   -5874.1205  0.2876 
   00359    0.5128   -6027.1631  0.2935 
   00360    0.4748   -5949.6485  0.2938 
   00361    0.4916   -6038.1709  0.2898 
   00362    0.5000   -6150.4865  0.2877 
   00363    0.4848   -5976.4005  0.2828 
   00364    0.4900   -5994.2364  0.2856 
   00365    0.4820   -6025.7430  0.2831 
   00366    0.4812   -6105.2481  0.2834 
   00367    0.4988   -5961.4051  0.2859 
   00368    0.4752   -5934.6551  0.2876 
   00369    0.4944   -5940.8189  0.2846 
   00370    0.4836   -5882.4730  0.2778 
   00371    0.4976   -5894.4358  0.2788 
   00372    0.5016   -5944.7436  0.2770 
   00373    0.4976   -5909.3244  0.2769 
   00374    0.4936   -5815.1755  0.2740 
   00375    0.5008   -5886.8174  0.2778 
   00376    0.4932   -5850.9727  0.2773 
   00377    0.5044   -5940.1281  0.2740 
   00378    0.4844   -5944.9888  0.2694 
   00379    0.4988   -5829.8340  0.2723 
   00380    0.4920   -5779.8797  0.2748 
   00381    0.5212   -5685.7605  0.2776 
   00382    0.4992   -5708.8802  0.2777 
   00383    0.5028   -5735.6988  0.2702 
   00384    0.4876   -5814.4947  0.2713 
   00385    0.4928   -5849.4296  0.2695 
   00386    0.4924   -5859.7617  0.2662 
   00387    0.4948   -5943.0936  0.2662 
   00388    0.4828   -5946.0268  0.2681 
   00389    0.4904   -5885.1206  0.2682 
   00390    0.4876   -5855.0181  0.2662 
   00391    0.4884   -5868.6377  0.2655 
   00392    0.4904   -5808.8187  0.2704 
   00393    0.5096   -5848.3404  0.2709 
   00394    0.4864   -5760.2785  0.2694 
   00395    0.4864   -5816.3111  0.2673 
   00396    0.4896   -5845.4329  0.2680 
   00397    0.4832   -5869.1387  0.2663 
   00398    0.4804   -5929.2747  0.2664 
   00399    0.5076   -5889.0687  0.2662 
   00400    0.5024   -5829.1467  0.2707 
   00401    0.4976   -5794.5759  0.2708 
   00402    0.5044   -5756.8922  0.2695 
   00403    0.5000   -5875.0289  0.2723 
   00404    0.5076   -5881.4964  0.2720 
   00405    0.4964   -5891.0702  0.2695 
   00406    0.4892   -5853.0049  0.2706 
   00407    0.5268   -5789.1972  0.2724 
   00408    0.5064   -5837.7720  0.2728 
   00409    0.4920   -5884.1826  0.2761 
   00410    0.4928   -5803.6488  0.2711 
   00411    0.5108   -5816.5554  0.2707 
   00412    0.4900   -5910.7221  0.2732 
   00413    0.4804   -5927.8383  0.2767 
   00414    0.4792   -5901.1558  0.2724 
   00415    0.5036   -5891.4908  0.2689 
   00416    0.5112   -5876.3068  0.2692 
   00417    0.5072   -5840.6033  0.2691 
   00418    0.5092   -5788.0248  0.2724 
   00419    0.4948   -5889.0406  0.2685 
   00420    0.4896   -5960.8506  0.2657 
   00421    0.4936   -5935.3913  0.2679 
   00422    0.5004   -5892.7819  0.2683 
   00423    0.4792   -5858.7100  0.2673 
   00424    0.4860   -5886.4506  0.2705 
   00425    0.5012   -5875.1170  0.2665 
   00426    0.4892   -5921.7173  0.2657 
   00427    0.4776   -5877.6848  0.2655 
   00428    0.4904   -5903.5842  0.2680 
   00429    0.4972   -5963.3957  0.2667 
   00430    0.4848   -5843.3394  0.2623 
   00431    0.5060   -5750.8545  0.2625 
   00432    0.5036   -5764.9583  0.2583 
   00433    0.4908   -5729.1565  0.2564 
   00434    0.5072   -5800.1738  0.2560 
   00435    0.5056   -5835.2920  0.2554 
   00436    0.4996   -5894.4599  0.2548 
   00437    0.4924   -5885.9314  0.2555 
   00438    0.4968   -5777.9703  0.2515 
   00439    0.4992   -5939.9159  0.2573 
   00440    0.4936   -5778.5908  0.2547 
   00441    0.5044   -5737.4763  0.2538 
   00442    0.5180   -5719.5039  0.2589 
   00443    0.5144   -5759.9183  0.2612 
   00444    0.5248   -5812.4417  0.2617 
   00445    0.4900   -5800.0186  0.2560 
   00446    0.5020   -5760.4887  0.2564 
   00447    0.5196   -5708.6067  0.2529 
   00448    0.5308   -5675.8091  0.2508 
   00449    0.4992   -5759.3278  0.2504 
   00450    0.4988   -5804.6688  0.2527 
   00451    0.4828   -5883.3173  0.2566 
   00452    0.4712   -5890.0716  0.2567 
   00453    0.4992   -5930.6929  0.2556 
   00454    0.5016   -5900.9149  0.2566 
   00455    0.5048   -5846.3371  0.2570 
   00456    0.5012   -5846.2884  0.2551 
   00457    0.5032   -5830.5949  0.2519 
   00458    0.4848   -5941.1685  0.2579 
   00459    0.4976   -5944.7890  0.2588 
   00460    0.4944   -5987.9405  0.2565 
   00461    0.5056   -6011.0930  0.2584 
   00462    0.5116   -6090.2309  0.2554 
   00463    0.4772   -5988.7058  0.2573 
   00464    0.4736   -5955.0654  0.2611 
   00465    0.4996   -5783.6480  0.2644 
   00466    0.5096   -5846.9597  0.2658 
   00467    0.5028   -5943.8639  0.2657 
   00468    0.4780   -5951.5421  0.2667 
   00469    0.4952   -5855.0218  0.2636 
   00470    0.4732   -5858.6559  0.2603 
   00471    0.5236   -5900.5588  0.2574 
   00472    0.4756   -5882.8977  0.2587 
   00473    0.4940   -5850.0431  0.2598 
   00474    0.4840   -5816.2246  0.2587 
   00475    0.4944   -5880.3471  0.2596 
   00476    0.4900   -5768.2866  0.2595 
   00477    0.5108   -5837.5440  0.2590 
   00478    0.5036   -5869.6505  0.2592 
   00479    0.4900   -5957.3733  0.2525 
   00480    0.4864   -5917.6515  0.2525 
   00481    0.5160   -5769.2697  0.2555 
   00482    0.5080   -5774.9720  0.2547 
   00483    0.4940   -5795.4535  0.2579 
   00484    0.5124   -5748.4977  0.2565 
   00485    0.4972   -5755.2907  0.2584 
   00486    0.5104   -5787.8029  0.2627 
   00487    0.5164   -5809.2375  0.2609 
   00488    0.4800   -5800.5092  0.2580 
   00489    0.5072   -5789.4196  0.2539 
   00490    0.4960   -5783.8668  0.2601 
   00491    0.4856   -5791.4632  0.2615 
   00492    0.4916   -5918.1713  0.2581 
   00493    0.4676   -5964.9523  0.2607 
   00494    0.4936   -5901.8496  0.2608 
   00495    0.5004   -5893.0603  0.2608 
   00496    0.4920   -5944.7399  0.2623 
   00497    0.4872   -5883.2380  0.2621 
   00498    0.5108   -5864.1285  0.2612 
   00499    0.4916   -5819.1024  0.2625 
   00500    0.5148   -5703.6892  0.2638 
   00501    0.5120   -5856.8110  0.2619 
   00502    0.4732   -5918.3470  0.2678 
   00503    0.4788   -5936.3014  0.2668 
   00504    0.4844   -5994.9369  0.2666 
   00505    0.4780   -6007.6093  0.2644 
   00506    0.4788   -5898.9166  0.2624 
   00507    0.4768   -5903.5755  0.2637 
   00508    0.5156   -5897.9861  0.2639 
   00509    0.4824   -5892.7296  0.2645 
   00510    0.4844   -5940.5264  0.2639 
   00511    0.4852   -5992.5440  0.2624 
   00512    0.4984   -5923.5526  0.2607 
   00513    0.4848   -5970.1225  0.2599 
   00514    0.4840   -5921.5050  0.2613 
   00515    0.4804   -5792.9829  0.2588 
   00516    0.5120   -5875.7776  0.2580 
   00517    0.4988   -5896.5203  0.2577 
   00518    0.4852   -5815.9661  0.2612 
   00519    0.4968   -5808.8002  0.2567 
   00520    0.5112   -5844.6247  0.2593 
   00521    0.5048   -5857.7342  0.2635 
   00522    0.4944   -5844.4528  0.2653 
   00523    0.4884   -5860.2818  0.2587 
   00524    0.5020   -5811.8876  0.2588 
   00525    0.4976   -5724.5094  0.2581 
   00526    0.5212   -5760.8777  0.2610 
   00527    0.5032   -5811.1568  0.2576 
   00528    0.4904   -5855.5080  0.2590 
   00529    0.4968   -5812.9712  0.2588 
   00530    0.4868   -5842.6726  0.2557 
   00531    0.5052   -5828.5121  0.2603 
   00532    0.5144   -5802.5006  0.2682 
   00533    0.4816   -5829.8347  0.2639 
   00534    0.4924   -5834.0130  0.2661 
   00535    0.4780   -5741.7094  0.2639 
   00536    0.5108   -5780.2504  0.2665 
   00537    0.5088   -5782.9613  0.2660 
   00538    0.4924   -5764.2533  0.2622 
   00539    0.5052   -5775.2969  0.2662 
   00540    0.4960   -5793.0429  0.2669 
   00541    0.4856   -5870.4959  0.2661 
   00542    0.4796   -5881.1843  0.2673 
   00543    0.5028   -5877.1185  0.2697 
   00544    0.5084   -5802.0277  0.2682 
   00545    0.5128   -5817.2193  0.2754 
   00546    0.4936   -5797.2808  0.2714 
   00547    0.4944   -5731.2233  0.2717 
   00548    0.5116   -5795.3644  0.2677 
   00549    0.5004   -5858.1976  0.2666 
   00550    0.4992   -5719.4962  0.2646 
   00551    0.5036   -5771.4374  0.2580 
   00552    0.5200   -5794.2355  0.2602 
   00553    0.5028   -5827.2280  0.2687 
   00554    0.4952   -5863.8842  0.2609 
   00555    0.5056   -5762.9170  0.2579 
   00556    0.4856   -5719.8330  0.2598 
   00557    0.5076   -5774.5543  0.2603 
   00558    0.4892   -5758.9118  0.2618 
   00559    0.5168   -5763.0454  0.2636 
   00560    0.5092   -5761.3297  0.2684 
   00561    0.4940   -5726.2643  0.2707 
   00562    0.5228   -5736.7899  0.2729 
   00563    0.5004   -5794.1744  0.2707 
   00564    0.5100   -5729.5474  0.2743 
   00565    0.5128   -5834.5345  0.2783 
   00566    0.5008   -5809.0977  0.2764 
   00567    0.4944   -5888.9666  0.2774 
   00568    0.5112   -5878.8937  0.2762 
   00569    0.4820   -5916.5885  0.2767 
   00570    0.4944   -5956.9617  0.2779 
   00571    0.4936   -5976.0081  0.2788 
   00572    0.5116   -5918.4030  0.2770 
   00573    0.4920   -5948.8357  0.2772 
   00574    0.4796   -5996.2302  0.2782 
   00575    0.4740   -5982.8308  0.2812 
   00576    0.4836   -6059.3617  0.2814 
   00577    0.4820   -6063.8797  0.2777 
   00578    0.4648   -6019.1274  0.2794 
   00579    0.5052   -5944.3781  0.2757 
   00580    0.4964   -5901.1519  0.2700 
   00581    0.5036   -5900.8839  0.2699 
   00582    0.4952   -5936.4064  0.2749 
   00583    0.4908   -5888.8208  0.2719 
   00584    0.4836   -5800.8246  0.2708 
   00585    0.4996   -5819.1617  0.2786 
   00586    0.5056   -5813.6529  0.2803 
   00587    0.4932   -5831.8756  0.2805 
   00588    0.4996   -5913.2968  0.2825 
   00589    0.5044   -5861.3671  0.2828 
   00590    0.4900   -5817.2213  0.2843 
   00591    0.4864   -5802.5009  0.2832 
   00592    0.4980   -5856.0835  0.2834 
   00593    0.5060   -5988.4520  0.2823 
   00594    0.4952   -5892.9643  0.2825 
   00595    0.4824   -5889.6037  0.2842 
   00596    0.4908   -5809.8604  0.2805 
   00597    0.5076   -5777.1296  0.2781 
   00598    0.5096   -5791.8954  0.2758 
   00599    0.5012   -5857.4893  0.2787 
   00600    0.5068   -5924.7087  0.2792 
   00601    0.4824   -5858.8304  0.2756 
   00602    0.5072   -5849.0553  0.2770 
   00603    0.4936   -5844.4567  0.2804 
   00604    0.4940   -5990.3219  0.2777 
   00605    0.4876   -6095.4972  0.2822 
   00606    0.4628   -6055.5967  0.2842 
   00607    0.4808   -6051.1982  0.2894 
   00608    0.4640   -5990.4328  0.2873 
   00609    0.4744   -5977.1815  0.2862 
   00610    0.5024   -5811.7794  0.2878 
   00611    0.5148   -5772.8981  0.2854 
   00612    0.4916   -5779.7903  0.2887 
   00613    0.4984   -5908.1025  0.2927 
   00614    0.4952   -5948.8739  0.2908 
   00615    0.5048   -5892.1872  0.2933 
   00616    0.4976   -5942.7364  0.2887 
   00617    0.4948   -5998.0271  0.2890 
   00618    0.5092   -5974.8774  0.2904 
   00619    0.4932   -6057.5032  0.2903 
   00620    0.4892   -6047.1713  0.2894 
   00621    0.4968   -6050.5585  0.2862 
   00622    0.4952   -6019.3932  0.2866 
   00623    0.4712   -6076.2000  0.2869 
   00624    0.4644   -5991.4236  0.2869 
   00625    0.5032   -5983.6341  0.2873 
   00626    0.4720   -5984.3688  0.2919 
   00627    0.4844   -6013.6957  0.2949 
   00628    0.4680   -5956.4728  0.2936 
   00629    0.5016   -6035.4471  0.2976 
   00630    0.4848   -6007.0174  0.2967 
   00631    0.4692   -6054.1605  0.2911 
   00632    0.4852   -5973.5405  0.2935 
   00633    0.4840   -5925.4725  0.2896 
   00634    0.5016   -5915.3533  0.2931 
   00635    0.4976   -5957.1845  0.2904 
   00636    0.4988   -5905.8874  0.2875 
   00637    0.5036   -5941.3410  0.2827 
   00638    0.4704   -5917.3635  0.2794 
   00639    0.4812   -5968.7660  0.2800 
   00640    0.4880   -5905.8180  0.2795 
   00641    0.4840   -5950.3746  0.2839 
   00642    0.4976   -5831.0647  0.2817 
   00643    0.4972   -5787.6894  0.2790 
   00644    0.4896   -5890.4482  0.2807 
   00645    0.4792   -5877.0847  0.2810 
   00646    0.5084   -5941.1925  0.2845 
   00647    0.4900   -5927.5218  0.2877 
   00648    0.4932   -5908.4068  0.2886 
   00649    0.5084   -5863.8344  0.2901 
   00650    0.4892   -5817.1673  0.2948 
   00651    0.4828   -5868.0434  0.2954 
   00652    0.4976   -5880.5041  0.2950 
   00653    0.4876   -5845.1506  0.2919 
   00654    0.5160   -5817.8888  0.2966 
   00655    0.4928   -5898.2943  0.3009 
   00656    0.4988   -5945.3306  0.3005 
   00657    0.4804   -5915.1616  0.3019 
   00658    0.4896   -5907.4414  0.3040 
   00659    0.4796   -6047.0224  0.3079 
   00660    0.4888   -6008.6206  0.3066 
   00661    0.4956   -6048.3825  0.3079 
   00662    0.4816   -6042.3440  0.3075 
   00663    0.4664   -6060.5078  0.3078 
   00664    0.4692   -5940.5135  0.3102 
   00665    0.4776   -5939.9720  0.3102 
   00666    0.5044   -6005.8100  0.3136 
   00667    0.4820   -6033.7964  0.3126 
   00668    0.4960   -6020.9579  0.3121 
   00669    0.4952   -6128.2135  0.3140 
   00670    0.4704   -6125.5912  0.3120 
   00671    0.4788   -6170.2281  0.3067 
   00672    0.4708   -6128.8150  0.3056 
   00673    0.4808   -6095.1337  0.3032 
   00674    0.4808   -6065.6265  0.2988 
   00675    0.4884   -6046.3414  0.2992 
   00676    0.4784   -5989.3958  0.3006 
   00677    0.4812   -6089.3381  0.3006 
   00678    0.4640   -6136.7870  0.2994 
   00679    0.4668   -6058.4940  0.3014 
   00680    0.4936   -6029.6131  0.3027 
   00681    0.4872   -5960.9025  0.3009 
   00682    0.4664   -6010.6995  0.3033 
   00683    0.4936   -6001.4661  0.3046 
   00684    0.4888   -6029.5040  0.3057 
   00685    0.4788   -6020.5793  0.3029 
   00686    0.4864   -6055.0006  0.3011 
   00687    0.4820   -6002.4189  0.2993 
   00688    0.4976   -6071.5881  0.3003 
   00689    0.4636   -6145.3990  0.3008 
   00690    0.4772   -6051.1270  0.3018 
   00691    0.4728   -6104.5821  0.3002 
   00692    0.4892   -6071.3653  0.2966 
   00693    0.4868   -6058.6433  0.2974 
   00694    0.4844   -6080.4407  0.2955 
   00695    0.4920   -6033.9616  0.2953 
   00696    0.4884   -6031.3595  0.2940 
   00697    0.4908   -5957.3590  0.2904 
   00698    0.4976   -5972.1740  0.2887 
   00699    0.4832   -5936.4065  0.2851 
   00700    0.5060   -5921.9436  0.2839 
   00701    0.4988   -5958.9569  0.2868 
   00702    0.4920   -6014.6828  0.2846 
   00703    0.4672   -6003.2325  0.2847 
   00704    0.4988   -5955.1513  0.2826 
   00705    0.4816   -5946.6683  0.2844 
   00706    0.4832   -6002.8167  0.2871 
   00707    0.4824   -5981.6845  0.2869 
   00708    0.4992   -5986.8960  0.2911 
   00709    0.4904   -5980.5255  0.2930 
   00710    0.4936   -5942.6647  0.2903 
   00711    0.5004   -5954.0383  0.2927 
   00712    0.5040   -5959.4675  0.2949 
   00713    0.4956   -5876.3364  0.2944 
   00714    0.4936   -5862.2788  0.2902 
   00715    0.4672   -5872.8583  0.2879 
   00716    0.4856   -5996.3242  0.2847 
   00717    0.4656   -5960.1913  0.2823 
   00718    0.4764   -5941.8030  0.2844 
   00719    0.4860   -5885.1299  0.2814 
   00720    0.4968   -5951.1990  0.2846 
   00721    0.5012   -5915.3516  0.2826 
   00722    0.4744   -5856.1821  0.2830 
   00723    0.4964   -5908.4108  0.2758 
   00724    0.4992   -5893.7872  0.2695 
   00725    0.4824   -5862.8288  0.2681 
   00726    0.4928   -5965.9543  0.2664 
   00727    0.4976   -5937.2286  0.2674 
   00728    0.4872   -5895.4625  0.2693 
   00729    0.4908   -5976.1425  0.2741 
   00730    0.5048   -5974.9630  0.2750 
   00731    0.4972   -5950.1037  0.2759 
   00732    0.4732   -5907.1015  0.2751 
   00733    0.4852   -5969.1941  0.2733 
   00734    0.4948   -5962.5695  0.2730 
   00735    0.4912   -5990.7684  0.2713 
   00736    0.4960   -6006.2250  0.2731 
   00737    0.4964   -5949.0002  0.2746 
   00738    0.4732   -5923.9757  0.2757 
   00739    0.4992   -5877.7931  0.2704 
   00740    0.4848   -5892.1208  0.2750 
   00741    0.4900   -5878.9640  0.2741 
   00742    0.4852   -5993.3568  0.2819 
   00743    0.4684   -6015.3932  0.2824 
   00744    0.4960   -5918.9884  0.2793 
   00745    0.4996   -5988.8100  0.2775 
   00746    0.4604   -5944.6729  0.2736 
   00747    0.4932   -5896.9899  0.2723 
   00748    0.4908   -5885.4059  0.2710 
   00749    0.4840   -5895.3012  0.2702 
   00750    0.4800   -5947.5570  0.2750 
   00751    0.5012   -5968.0222  0.2776 
   00752    0.4952   -5912.2173  0.2781 
   00753    0.4592   -5933.3926  0.2753 
   00754    0.4848   -5997.3648  0.2746 
   00755    0.4800   -5947.3837  0.2756 
   00756    0.4832   -5891.3137  0.2722 
   00757    0.4928   -5920.3742  0.2727 
   00758    0.5060   -6073.8674  0.2727 
   00759    0.4952   -6020.9772  0.2710 
   00760    0.4792   -6138.5026  0.2713 
   00761    0.4696   -6085.9026  0.2672 
   00762    0.4920   -6068.2110  0.2655 
   00763    0.4816   -6045.7625  0.2597 
   00764    0.4852   -6016.3421  0.2622 
   00765    0.4860   -5981.1108  0.2642 
   00766    0.4792   -6076.3287  0.2606 
   00767    0.4976   -5932.7997  0.2579 
   00768    0.4880   -6021.6946  0.2590 
   00769    0.4960   -6023.3980  0.2648 
   00770    0.5088   -5971.1640  0.2623 
   00771    0.4988   -5932.6760  0.2626 
   00772    0.5004   -6001.7398  0.2644 
   00773    0.4772   -5989.8663  0.2642 
   00774    0.4852   -5932.9607  0.2605 
   00775    0.4800   -5879.1908  0.2602 
   00776    0.5224   -5859.2641  0.2573 
   00777    0.4924   -5771.4830  0.2576 
   00778    0.5080   -5766.1058  0.2565 
   00779    0.4992   -5716.1201  0.2584 
   00780    0.4872   -5853.6218  0.2591 
   00781    0.4944   -5936.3849  0.2591 
   00782    0.4828   -5991.7616  0.2624 
   00783    0.4896   -6060.7827  0.2602 
   00784    0.4852   -6028.9613  0.2619 
   00785    0.4840   -6059.2750  0.2621 
   00786    0.4844   -6090.6561  0.2601 
   00787    0.4768   -6029.5257  0.2607 
   00788    0.4696   -6020.2310  0.2633 
   00789    0.5036   -5982.8045  0.2618 
   00790    0.5004   -5961.9724  0.2659 
   00791    0.4876   -5953.6111  0.2665 
   00792    0.4884   -5928.9507  0.2641 
   00793    0.5000   -5886.0870  0.2649 
   00794    0.4972   -5932.1173  0.2684 
   00795    0.4944   -5879.7296  0.2714 
   00796    0.4940   -5814.6909  0.2730 
   00797    0.4920   -5842.9063  0.2727 
   00798    0.4876   -5877.0787  0.2727 
   00799    0.4984   -5897.7569  0.2704 
   00800    0.5028   -5945.6202  0.2681 
   00801    0.4876   -5998.7300  0.2684 
   00802    0.4924   -6007.3121  0.2729 
   00803    0.4904   -6025.4986  0.2745 
   00804    0.4820   -6095.8536  0.2760 
   00805    0.4648   -6005.0804  0.2734 
   00806    0.4860   -6029.1715  0.2721 
   00807    0.4860   -6041.1246  0.2696 
   00808    0.4716   -5955.5142  0.2640 
   00809    0.4804   -6000.5413  0.2658 
   00810    0.4852   -6007.7786  0.2649 
   00811    0.4688   -5988.7553  0.2654 
   00812    0.4960   -5950.1022  0.2658 
   00813    0.4808   -6032.3919  0.2690 
   00814    0.4904   -6009.2987  0.2681 
   00815    0.4908   -5962.6756  0.2719 
   00816    0.5032   -5964.9953  0.2703 
   00817    0.4828   -6086.5708  0.2647 
   00818    0.4936   -6057.0226  0.2631 
   00819    0.4908   -6055.4919  0.2601 
   00820    0.4720   -5968.2951  0.2601 
   00821    0.4880   -5965.5841  0.2575 
   00822    0.4900   -5924.8186  0.2511 
   00823    0.5024   -5893.7188  0.2512 
   00824    0.5004   -5914.1112  0.2582 
   00825    0.5104   -6013.0853  0.2550 
   00826    0.4832   -6058.1983  0.2588 
   00827    0.4756   -5969.2783  0.2608 
   00828    0.4884   -5983.8625  0.2621 
   00829    0.4808   -5925.4822  0.2626 
   00830    0.5044   -5836.2409  0.2603 
   00831    0.5192   -5817.2500  0.2623 
   00832    0.4900   -5863.0008  0.2610 
   00833    0.4812   -5944.7951  0.2642 
   00834    0.4864   -5928.1006  0.2647 
   00835    0.4860   -5873.0704  0.2633 
   00836    0.4896   -5885.7781  0.2650 
   00837    0.4956   -5923.9347  0.2639 
   00838    0.4696   -5995.6179  0.2630 
   00839    0.4848   -5997.6442  0.2643 
   00840    0.4892   -5929.0120  0.2628 
   00841    0.4944   -5938.6792  0.2629 
   00842    0.5000   -5988.6280  0.2631 
   00843    0.5024   -5992.1204  0.2626 
   00844    0.4996   -5947.4529  0.2563 
   00845    0.4752   -5931.9513  0.2575 
   00846    0.4868   -5911.9022  0.2584 
   00847    0.4812   -5966.2905  0.2575 
   00848    0.5088   -6021.5533  0.2622 
   00849    0.4956   -6033.1718  0.2618 
   00850    0.4700   -6052.5518  0.2622 
   00851    0.4928   -6010.3763  0.2623 
   00852    0.4976   -5981.7867  0.2635 
   00853    0.4980   -5977.7252  0.2595 
   00854    0.4892   -5966.5675  0.2587 
   00855    0.4920   -6037.6879  0.2562 
   00856    0.4792   -5984.5571  0.2562 
   00857    0.4812   -5953.2273  0.2591 
   00858    0.4992   -5948.9980  0.2613 
   00859    0.4828   -5995.5744  0.2561 
   00860    0.5108   -5908.2368  0.2604 
   00861    0.4868   -5843.5050  0.2571 
   00862    0.4964   -5912.7231  0.2548 
   00863    0.5032   -5850.7988  0.2554 
   00864    0.5000   -5805.1285  0.2576 
   00865    0.5008   -5756.1564  0.2539 
   00866    0.5088   -5814.7892  0.2557 
   00867    0.5004   -5865.9318  0.2582 
   00868    0.4900   -5795.5069  0.2560 
   00869    0.5004   -5873.9623  0.2576 
   00870    0.5104   -5847.3788  0.2602 
   00871    0.4960   -5936.9454  0.2601 
   00872    0.4928   -5843.8701  0.2575 
   00873    0.4808   -5920.2790  0.2606 
   00874    0.5000   -5947.0824  0.2589 
   00875    0.4792   -5887.0059  0.2559 
   00876    0.4980   -5892.1337  0.2597 
   00877    0.5044   -5871.2081  0.2585 
   00878    0.4972   -5871.7494  0.2566 
   00879    0.4848   -5934.2426  0.2573 
   00880    0.4944   -5939.4843  0.2558 
   00881    0.5028   -5946.1971  0.2592 
   00882    0.5036   -5880.4201  0.2595 
   00883    0.4920   -5882.9366  0.2622 
   00884    0.4988   -5969.4708  0.2607 
   00885    0.5052   -5876.9543  0.2573 
   00886    0.5172   -5894.9710  0.2548 
   00887    0.4912   -5907.7647  0.2599 
   00888    0.4928   -5891.5781  0.2629 
   00889    0.5004   -5901.2553  0.2670 
   00890    0.4928   -5839.0327  0.2665 
   00891    0.4944   -5792.4776  0.2695 
   00892    0.4896   -5802.1896  0.2761 
   00893    0.4968   -5750.8707  0.2736 
   00894    0.4928   -5748.5368  0.2733 
   00895    0.4972   -5753.4838  0.2690 
   00896    0.5128   -5697.5389  0.2674 
   00897    0.5100   -5826.3146  0.2624 
   00898    0.4980   -5819.1314  0.2624 
   00899    0.5184   -5833.8306  0.2579 
   00900    0.4904   -5932.1870  0.2569 
   00901    0.4920   -5823.8300  0.2539 
   00902    0.4932   -5888.2161  0.2557 
   00903    0.5020   -5856.0868  0.2584 
   00904    0.4928   -6008.4412  0.2583 
   00905    0.4832   -6050.1088  0.2624 
   00906    0.4992   -6039.1037  0.2610 
   00907    0.4860   -5972.6968  0.2636 
   00908    0.4968   -5997.9626  0.2618 
   00909    0.4656   -6008.1195  0.2596 
   00910    0.4764   -6005.8662  0.2548 
   00911    0.4744   -6099.7400  0.2549 
   00912    0.4856   -6030.3483  0.2560 
   00913    0.4836   -6081.0997  0.2567 
   00914    0.4836   -5993.5908  0.2625 
   00915    0.4868   -5941.5013  0.2606 
   00916    0.4992   -5876.2442  0.2639 
   00917    0.5052   -5895.3146  0.2641 
   00918    0.5040   -5841.3088  0.2660 
   00919    0.4980   -5865.0649  0.2695 
   00920    0.4832   -5820.5487  0.2742 
   00921    0.4944   -5826.0970  0.2746 
   00922    0.4924   -5810.0242  0.2751 
   00923    0.5100   -5834.6672  0.2771 
   00924    0.5004   -5785.1693  0.2824 
   00925    0.5036   -5745.5778  0.2819 
   00926    0.5216   -5652.9462  0.2767 
   00927    0.5132   -5663.1108  0.2767 
   00928    0.5132   -5696.0262  0.2745 
   00929    0.5012   -5761.5529  0.2708 
   00930    0.4912   -5804.6365  0.2715 
   00931    0.4996   -5788.8039  0.2702 
   00932    0.4868   -5887.3623  0.2684 
   00933    0.4900   -5833.9291  0.2666 
   00934    0.4980   -5857.2074  0.2651 
   00935    0.4756   -5887.6878  0.2664 
   00936    0.4980   -5884.5376  0.2656 
   00937    0.4760   -5853.8829  0.2578 
   00938    0.4836   -5939.1329  0.2558 
   00939    0.4936   -5889.4454  0.2558 
   00940    0.4924   -5848.6711  0.2551 
   00941    0.4984   -5795.8508  0.2571 
   00942    0.4976   -5761.6778  0.2593 
   00943    0.5080   -5836.6126  0.2583 
   00944    0.4864   -5803.5567  0.2584 
   00945    0.4944   -5819.2329  0.2591 
   00946    0.4908   -5817.5001  0.2597 
   00947    0.4816   -5869.4667  0.2648 
   00948    0.5036   -5881.6425  0.2660 
   00949    0.5156   -5856.7105  0.2681 
   00950    0.4912   -5780.3873  0.2697 
   00951    0.5044   -5837.7095  0.2656 
   00952    0.5016   -5812.1394  0.2643 
   00953    0.5128   -5840.9565  0.2675 
   00954    0.4840   -5785.5201  0.2678 
   00955    0.5184   -5625.9477  0.2683 
   00956    0.5276   -5587.0487  0.2674 
   00957    0.5064   -5633.7702  0.2664 
   00958    0.4884   -5637.6664  0.2618 
   00959    0.5008   -5697.2339  0.2627 
   00960    0.4848   -5766.7826  0.2605 
   00961    0.4944   -5818.1961  0.2608 
   00962    0.5184   -5762.6630  0.2609 
   00963    0.4952   -5774.7101  0.2634 
   00964    0.5000   -5779.7511  0.2656 
   00965    0.5164   -5791.7533  0.2665 
   00966    0.5076   -5812.3952  0.2635 
   00967    0.4980   -5781.1999  0.2638 
   00968    0.4928   -5880.6674  0.2627 
   00969    0.4988   -5905.9889  0.2593 
   00970    0.4932   -5907.3884  0.2572 
   00971    0.4856   -5906.1184  0.2572 
   00972    0.4896   -5835.5148  0.2557 
   00973    0.5020   -5859.8796  0.2548 
   00974    0.4720   -5791.9854  0.2558 
   00975    0.4992   -5742.0072  0.2538 
   00976    0.5120   -5712.1754  0.2566 
   00977    0.5144   -5758.9385  0.2607 
   00978    0.4952   -5827.5386  0.2650 
   00979    0.4988   -5867.5743  0.2617 
   00980    0.4964   -5793.7694  0.2600 
   00981    0.5024   -5762.3660  0.2622 
   00982    0.4908   -5828.0263  0.2622 
   00983    0.4844   -5907.6858  0.2594 
   00984    0.4868   -5990.8020  0.2620 
   00985    0.4896   -5901.3405  0.2652 
   00986    0.5016   -5891.5437  0.2599 
   00987    0.5044   -5944.0626  0.2602 
   00988    0.4828   -5922.3925  0.2631 
   00989    0.4892   -6053.3565  0.2625 
   00990    0.4708   -6076.4155  0.2588 
   00991    0.5028   -6034.2289  0.2569 
   00992    0.4772   -5972.6082  0.2574 
   00993    0.4784   -6063.8883  0.2575 
   00994    0.4884   -6032.0976  0.2560 
   00995    0.4824   -5965.1787  0.2549 
   00996    0.4852   -6028.1356  0.2522 
   00997    0.4880   -6047.3701  0.2539 
   00998    0.4840   -6080.6448  0.2543 
   00999    0.4920   -6165.2653  0.2525 
   01000    0.4796   -6206.6707  0.2536 
