#=====================================================
# File created:        Tue-12-Mar-2024-at-11-49-17AM
# Size of lattice:     50x50
# Number of MC steps:  300
# Reduced temperature: 1.000
# Run time (s):        26.847595
#=====================================================
# MC step:  Ratio:     Energy:   Order:
#=====================================================
   00000    0.5000   -2540.0479  0.2652 
   00001    0.7000   -3728.3938  0.2538 
   00002    0.6376   -4437.9893  0.2773 
   00003    0.6084   -4707.6504  0.2771 
   00004    0.5468   -4988.0303  0.2702 
   00005    0.5412   -5272.5508  0.2525 
   00006    0.5264   -5351.0269  0.2682 
   00007    0.5052   -5476.6328  0.2668 
   00008    0.5040   -5519.0327  0.2726 
   00009    0.5204   -5588.4756  0.2703 
   00010    0.4976   -5583.3857  0.2748 
   00011    0.5212   -5563.4956  0.2850 
   00012    0.4896   -5682.6230  0.2878 
   00013    0.5144   -5738.1509  0.2706 
   00014    0.5080   -5740.4336  0.2688 
   00015    0.5076   -5809.9321  0.2772 
   00016    0.4992   -5818.6797  0.2776 
   00017    0.4976   -5808.7729  0.2775 
   00018    0.4844   -5832.1895  0.2568 
   00019    0.5060   -5766.3311  0.2573 
   00020    0.4924   -5756.7578  0.2677 
   00021    0.4960   -5831.8179  0.2706 
   00022    0.5036   -5874.7974  0.2681 
   00023    0.5008   -5807.8555  0.2693 
   00024    0.4924   -5917.4897  0.2627 
   00025    0.5032   -5891.6855  0.2752 
   00026    0.4900   -5863.1284  0.2880 
   00027    0.4988   -5903.9351  0.2905 
   00028    0.4964   -5842.9438  0.2873 
   00029    0.4900   -5896.0518  0.2948 
   00030    0.4816   -6049.1323  0.3070 
   00031    0.4796   -5994.4814  0.2965 
   00032    0.4908   -5954.8984  0.2947 
   00033    0.4864   -5891.8262  0.2875 
   00034    0.4760   -5933.0566  0.2846 
   00035    0.5052   -5836.1460  0.2642 
   00036    0.4952   -5796.9058  0.2540 
   00037    0.4940   -5799.4268  0.2693 
   00038    0.4940   -5886.0845  0.2625 
   00039    0.5120   -5947.0771  0.2671 
   00040    0.4928   -5939.5327  0.2906 
   00041    0.4824   -5924.1362  0.2972 
   00042    0.4960   -6039.2109  0.3091 
   00043    0.4960   -5986.2944  0.3190 
   00044    0.4900   -6018.4829  0.3070 
   00045    0.4800   -5969.7456  0.3130 
   00046    0.4784   -6004.9863  0.3061 
   00047    0.4940   -5850.6470  0.3133 
   00048    0.4764   -5893.2979  0.3063 
   00049    0.5048   -5820.1538  0.2995 
   00050    0.5100   -5882.2852  0.3020 
   00051    0.4888   -5925.3525  0.3018 
   00052    0.4864   -5893.5063  0.2969 
   00053    0.5056   -5924.0474  0.3019 
   00054    0.5036   -5863.7446  0.3005 
   00055    0.4840   -5871.1509  0.3042 
   00056    0.4912   -5907.1172  0.3043 
   00057    0.5088   -5970.1719  0.3003 
   00058    0.4916   -5946.3696  0.2952 
   00059    0.5092   -5925.0435  0.2901 
   00060    0.4940   -5852.0303  0.2961 
   00061    0.4972   -5914.7236  0.3039 
   00062    0.5052   -5860.4507  0.3037 
   00063    0.5120   -5873.2427  0.3005 
   00064    0.4784   -5895.8281  0.2911 
   00065    0.4936   -5921.5947  0.2835 
   00066    0.4964   -5910.8950  0.2751 
   00067    0.5024   -5874.0288  0.2732 
   00068    0.4844   -5895.1899  0.2808 
   00069    0.4912   -5909.8979  0.2750 
   00070    0.4840   -5878.4048  0.2623 
   00071    0.4860   -5931.0903  0.2596 
   00072    0.5024   -5835.4849  0.2853 
   00073    0.4976   -5916.2563  0.2728 
   00074    0.5112   -5860.1060  0.2881 
   00075    0.4880   -5771.5757  0.2854 
   00076    0.5040   -5745.9380  0.2780 
   00077    0.4980   -5771.7969  0.2746 
   00078    0.4956   -5767.8687  0.2767 
   00079    0.5020   -5779.1143  0.2790 
   00080    0.5040   -5790.0518  0.2658 
   00081    0.4900   -5843.1997  0.2629 
   00082    0.5056   -5966.9746  0.2692 
   00083    0.4948   -6056.0112  0.2750 
   00084    0.4892   -5977.0088  0.2763 
   00085    0.4872   -5887.7993  0.2805 
   00086    0.5072   -5941.7236  0.2928 
   00087    0.4856   -5904.5122  0.2961 
   00088    0.4828   -5871.8115  0.2998 
   00089    0.4956   -5915.5151  0.3042 
   00090    0.4776   -5988.4302  0.2910 
   00091    0.4876   -6000.9224  0.2917 
   00092    0.4936   -5855.0537  0.2898 
   00093    0.5044   -5898.9878  0.2925 
   00094    0.4820   -5897.5464  0.2884 
   00095    0.4936   -5989.3926  0.2778 
   00096    0.5016   -5831.5352  0.2757 
   00097    0.5104   -5827.6836  0.2807 
   00098    0.4836   -5845.1421  0.2685 
   00099    0.4852   -5846.4658  0.2755 
   00100    0.5080   -5846.0254  0.2913 
   00101    0.4956   -5858.2627  0.2874 
   00102    0.4980   -5809.4771  0.2881 
   00103    0.4888   -5742.3882  0.2749 
   00104    0.5116   -5783.3564  0.2896 
   00105    0.5148   -5830.5308  0.2722 
   00106    0.5024   -5892.1973  0.2671 
   00107    0.4884   -5861.3081  0.2587 
   00108    0.4992   -5785.6890  0.2590 
   00109    0.5120   -5822.9375  0.2645 
   00110    0.4888   -5894.1812  0.2796 
   00111    0.4924   -5898.7773  0.2950 
   00112    0.4900   -5826.8213  0.3037 
   00113    0.5000   -5750.0107  0.3078 
   00114    0.4976   -5810.0127  0.3125 
   00115    0.4976   -5795.5884  0.3042 
   00116    0.5064   -5896.6997  0.3017 
   00117    0.4908   -5828.7993  0.2901 
   00118    0.5024   -5750.2959  0.2823 
   00119    0.4980   -5819.5200  0.2719 
   00120    0.5000   -5899.4502  0.2772 
   00121    0.4992   -5890.3760  0.2743 
   00122    0.4956   -5888.7783  0.2735 
   00123    0.4792   -5897.8057  0.2883 
   00124    0.4996   -5838.7114  0.2686 
   00125    0.4924   -5773.8916  0.2797 
   00126    0.5208   -5712.5503  0.2978 
   00127    0.5040   -5739.4990  0.3150 
   00128    0.4972   -5754.7524  0.3103 
   00129    0.5080   -5807.0767  0.3235 
   00130    0.5080   -5750.8901  0.3345 
   00131    0.5156   -5659.6724  0.3403 
   00132    0.4876   -5701.2222  0.3442 
   00133    0.4984   -5703.6411  0.3611 
   00134    0.4980   -5760.1079  0.3577 
   00135    0.5084   -5806.9116  0.3679 
   00136    0.5060   -5806.2759  0.3531 
   00137    0.5004   -5822.4585  0.3526 
   00138    0.5124   -5839.1641  0.3488 
   00139    0.5168   -5848.7168  0.3406 
   00140    0.4992   -5839.1323  0.3301 
   00141    0.5060   -5847.1753  0.3416 
   00142    0.4836   -5791.2861  0.3474 
   00143    0.5132   -5765.1982  0.3517 
   00144    0.5020   -5816.8989  0.3628 
   00145    0.4908   -5841.6714  0.3593 
   00146    0.4932   -5846.5361  0.3752 
   00147    0.4900   -5872.7324  0.3699 
   00148    0.4920   -5960.6714  0.3879 
   00149    0.4684   -5997.1499  0.3763 
   00150    0.4744   -6002.9458  0.3770 
   00151    0.4960   -6017.6318  0.3699 
   00152    0.5116   -5952.5488  0.3667 
   00153    0.5044   -6010.0391  0.3648 
   00154    0.4912   -5973.2095  0.3497 
   00155    0.4988   -5943.7109  0.3503 
   00156    0.4868   -5903.5444  0.3629 
   00157    0.4896   -5861.3218  0.3525 
   00158    0.5032   -5852.1006  0.3468 
   00159    0.5060   -5807.5122  0.3406 
   00160    0.5020   -5840.3496  0.3335 
   00161    0.4840   -5845.5166  0.3314 
   00162    0.5212   -5813.9702  0.3265 
   00163    0.4980   -5811.5557  0.3196 
   00164    0.5220   -5847.3169  0.3214 
   00165    0.5092   -5781.2021  0.3331 
   00166    0.5056   -5731.1167  0.3374 
   00167    0.4992   -5766.2295  0.3303 
   00168    0.4992   -5710.7148  0.3201 
   00169    0.5072   -5836.0566  0.3248 
   00170    0.4748   -5832.0552  0.3078 
   00171    0.5036   -5794.2725  0.2982 
   00172    0.5012   -5793.1270  0.3001 
   00173    0.4976   -5751.3608  0.2930 
   00174    0.4848   -5712.6089  0.2984 
   00175    0.5036   -5688.6436  0.2938 
   00176    0.5000   -5772.8652  0.2970 
   00177    0.5004   -5807.3726  0.2906 
   00178    0.5020   -5760.7324  0.2823 
   00179    0.5044   -5785.8633  0.2977 
   00180    0.4932   -5842.5903  0.2879 
   00181    0.5120   -5872.2754  0.2845 
   00182    0.4968   -5868.8525  0.2914 
   00183    0.5076   -5869.0215  0.3004 
   00184    0.4740   -5854.6616  0.3026 
   00185    0.4944   -5849.9448  0.2993 
   00186    0.4792   -5945.7524  0.3024 
   00187    0.4960   -5888.9282  0.3150 
   00188    0.5028   -5920.8506  0.3140 
   00189    0.4936   -5998.3975  0.3232 
   00190    0.4904   -5944.5835  0.3270 
   00191    0.4640   -6041.4019  0.3276 
   00192    0.4936   -6023.1787  0.3332 
   00193    0.4924   -6043.0977  0.3371 
   00194    0.4844   -6097.9072  0.3330 
   00195    0.4808   -6129.2974  0.3377 
   00196    0.4884   -6100.7705  0.3391 
   00197    0.4740   -6095.2871  0.3413 
   00198    0.4652   -6083.7383  0.3401 
   00199    0.4904   -6036.9482  0.3351 
   00200    0.4768   -6042.0371  0.3397 
   00201    0.4740   -6062.0215  0.3406 
   00202    0.4868   -5977.9937  0.3269 
   00203    0.4908   -5937.8477  0.3215 
   00204    0.4968   -5868.2090  0.3197 
   00205    0.4924   -5832.4771  0.3160 
   00206    0.4936   -5853.2300  0.3275 
   00207    0.5068   -5901.4634  0.3367 
   00208    0.5012   -5876.8325  0.3259 
   00209    0.5104   -5865.6709  0.3273 
   00210    0.5004   -5824.8140  0.3221 
   00211    0.4796   -5754.2690  0.3223 
   00212    0.5156   -5799.3828  0.3249 
   00213    0.5060   -5800.3828  0.3173 
   00214    0.5160   -5682.3223  0.3176 
   00215    0.5088   -5718.4233  0.3161 
   00216    0.5048   -5759.5044  0.3007 
   00217    0.4864   -5787.3809  0.3140 
   00218    0.5048   -5773.6436  0.3080 
   00219    0.5136   -5784.1836  0.3197 
   00220    0.5056   -5706.5942  0.3056 
   00221    0.4872   -5731.7549  0.2986 
   00222    0.4972   -5704.5176  0.3036 
   00223    0.5128   -5762.9448  0.3052 
   00224    0.4884   -5818.0083  0.3006 
   00225    0.4872   -5794.0620  0.3100 
   00226    0.5088   -5862.9419  0.3219 
   00227    0.4948   -5851.7979  0.3182 
   00228    0.4848   -5910.0479  0.3281 
   00229    0.4940   -5892.2266  0.3229 
   00230    0.5028   -5884.0957  0.3307 
   00231    0.4840   -5917.6553  0.3314 
   00232    0.4848   -5860.1284  0.3286 
   00233    0.5128   -5799.7256  0.3276 
   00234    0.5020   -5786.3262  0.3159 
   00235    0.4844   -5691.3208  0.3044 
   00236    0.4980   -5806.7979  0.2993 
   00237    0.5064   -5794.9136  0.2856 
   00238    0.5212   -5894.5420  0.2966 
   00239    0.4840   -5924.6489  0.2961 
   00240    0.4944   -5939.0645  0.3075 
   00241    0.4960   -5849.6416  0.3059 
   00242    0.5024   -5907.0737  0.3067 
   00243    0.5008   -5792.1235  0.2981 
   00244    0.5140   -5750.3892  0.2878 
   00245    0.4960   -5756.1982  0.3001 
   00246    0.5072   -5694.2886  0.2976 
   00247    0.4948   -5680.4209  0.3090 
   00248    0.5084   -5729.2261  0.3000 
   00249    0.5324   -5672.2563  0.2989 
   00250    0.5192   -5699.4233  0.2916 
   00251    0.4948   -5793.0996  0.2977 
   00252    0.4900   -5967.4185  0.2972 
   00253    0.4968   -5935.1357  0.2885 
   00254    0.4896   -5915.6636  0.2906 
   00255    0.4972   -5749.8276  0.2946 
   00256    0.4824   -5755.1484  0.2987 
   00257    0.4884   -5840.2915  0.2841 
   00258    0.5100   -5802.9131  0.2674 
   00259    0.4944   -5721.1514  0.2718 
   00260    0.5160   -5738.5820  0.2711 
   00261    0.5084   -5769.3120  0.2647 
   00262    0.4948   -5822.8882  0.2661 
   00263    0.4868   -5847.4521  0.2704 
   00264    0.4864   -5846.2969  0.2923 
   00265    0.5064   -5950.5342  0.3003 
   00266    0.4840   -5947.5571  0.3193 
   00267    0.4896   -5941.7832  0.3120 
   00268    0.4848   -5912.8911  0.3184 
   00269    0.4992   -5792.8110  0.3164 
   00270    0.5148   -5803.9419  0.3036 
   00271    0.5176   -5853.3291  0.3080 
   00272    0.4976   -5872.9990  0.3019 
   00273    0.5144   -5871.5513  0.3079 
   00274    0.4988   -5895.8696  0.3137 
   00275    0.4776   -5905.2852  0.3262 
   00276    0.4772   -5903.6611  0.3299 
   00277    0.4804   -5845.3247  0.3249 
   00278    0.4928   -5849.7002  0.3268 
   00279    0.4928   -5936.2705  0.3370 
   00280    0.4868   -5948.3252  0.3449 
   00281    0.4988   -5939.7065  0.3369 
   00282    0.4848   -5901.1050  0.3423 
   00283    0.4912   -5914.2041  0.3466 
   00284    0.4980   -5931.0273  0.3392 
   00285    0.4764   -5923.9468  0.3315 
   00286    0.5080   -5887.4507  0.3428 
   00287    0.4976   -5982.7583  0.3343 
   00288    0.4860   -6012.0908  0.3488 
   00289    0.4904   -5967.8457  0.3498 
   00290    0.5008   -5851.5195  0.3474 
   00291    0.4824   -5862.8564  0.3411 
   00292    0.5016   -5963.0903  0.3461 
   00293    0.4800   -5885.2349  0.3367 
   00294    0.4876   -5861.6152  0.3331 
   00295    0.5028   -5746.5308  0.3262 
   00296    0.5188   -5783.7485  0.3273 
   00297    0.4968   -5861.4932  0.3278 
   00298    0.5056   -5781.4751  0.3418 
   00299    0.4796   -5768.0327  0.3383 
   00300    0.4952   -5897.9897  0.3308 
