#=====================================================
# File created:        Tue-12-Mar-2024-at-11-08-14AM
# Size of lattice:     300x300
# Number of MC steps:  50
# Reduced temperature: 1.000
# Run time (s):        108.417002
#=====================================================
# MC step:  Ratio:     Energy:   Order:
#=====================================================
   00000    0.5000  -89698.2005  0.2540 
   00001    0.6941 -136249.2082  0.2518 
   00002    0.6267 -158501.1379  0.2519 
   00003    0.5881 -171462.5242  0.2540 
   00004    0.5686 -179559.1108  0.2516 
   00005    0.5497 -186376.1062  0.2510 
   00006    0.5409 -191263.4242  0.2523 
   00007    0.5325 -194877.3823  0.2517 
   00008    0.5235 -197397.7946  0.2511 
   00009    0.5206 -200267.0952  0.2519 
   00010    0.5158 -202165.6840  0.2516 
   00011    0.5124 -203022.5682  0.2535 
   00012    0.5086 -203786.9249  0.2535 
   00013    0.5073 -205296.3839  0.2543 
   00014    0.5062 -206947.1375  0.2534 
   00015    0.5037 -207249.3760  0.2531 
   00016    0.5027 -208366.0980  0.2550 
   00017    0.4995 -209377.8168  0.2556 
   00018    0.4997 -209810.1376  0.2570 
   00019    0.4960 -210440.2187  0.2574 
   00020    0.4947 -210275.4952  0.2595 
   00021    0.4951 -210642.0173  0.2615 
   00022    0.4965 -210776.9972  0.2620 
   00023    0.4973 -210619.2952  0.2598 
   00024    0.5000 -210713.7190  0.2597 
   00025    0.4926 -210302.5560  0.2591 
   00026    0.4975 -210792.7287  0.2596 
   00027    0.4989 -210177.6265  0.2595 
   00028    0.4977 -210439.2491  0.2602 
   00029    0.4967 -210638.5804  0.2613 
   00030    0.4982 -211074.9163  0.2609 
   00031    0.4957 -211322.3299  0.2590 
   00032    0.4954 -210643.5490  0.2586 
   00033    0.4982 -210663.8807  0.2562 
   00034    0.4956 -210541.4978  0.2568 
   00035    0.4973 -211053.8456  0.2564 
   00036    0.4948 -211573.4458  0.2570 
   00037    0.4960 -212134.3107  0.2583 
   00038    0.4952 -211832.4398  0.2597 
   00039    0.4912 -212134.2088  0.2596 
   00040    0.4959 -211565.8999  0.2598 
   00041    0.4969 -212121.5699  0.2618 
   00042    0.4948 -212532.6094  0.2633 
   00043    0.4943 -212465.2685  0.2642 
   00044    0.4922 -212532.4445  0.2659 
   00045    0.4944 -212426.0764  0.2680 
   00046    0.4908 -212245.3596  0.2675 
   00047    0.4948 -211105.8545  0.2674 
   00048    0.4954 -211284.6431  0.2635 
   00049    0.4949 -211739.7630  0.2654 
   00050    0.4950 -210938.0971  0.2651 
