#=====================================================
# File created:        Tue-12-Mar-2024-at-11-28-57AM
# Size of lattice:     50x50
# Number of MC steps:  900
# Reduced temperature: 1.000
# Run time (s):        56.729965
#=====================================================
# MC step:  Ratio:     Energy:   Order:
#=====================================================
   00000    0.5000   -2509.4502  0.2670 
   00001    0.7056   -3855.2510  0.2751 
   00002    0.6124   -4388.8614  0.2795 
   00003    0.6036   -4664.4145  0.2831 
   00004    0.5704   -4869.2419  0.2921 
   00005    0.5788   -5020.4698  0.2945 
   00006    0.5472   -5115.9039  0.3057 
   00007    0.5460   -5227.6113  0.3084 
   00008    0.5408   -5363.7798  0.3019 
   00009    0.5184   -5452.0298  0.3097 
   00010    0.5104   -5498.8329  0.3093 
   00011    0.5076   -5673.3906  0.3202 
   00012    0.5148   -5721.1033  0.3267 
   00013    0.4992   -5786.5770  0.3173 
   00014    0.4908   -5841.9852  0.3277 
   00015    0.5124   -5753.2487  0.3404 
   00016    0.4924   -5802.6429  0.3398 
   00017    0.5096   -5827.8947  0.3422 
   00018    0.4912   -5906.4549  0.3412 
   00019    0.4968   -5855.3180  0.3356 
   00020    0.4980   -5856.7768  0.3211 
   00021    0.5072   -5970.2761  0.3318 
   00022    0.4740   -5882.7632  0.3266 
   00023    0.4920   -5930.0495  0.3175 
   00024    0.4780   -5930.8629  0.3255 
   00025    0.4984   -5947.9974  0.3180 
   00026    0.4952   -5855.7435  0.3252 
   00027    0.4896   -5870.7849  0.3389 
   00028    0.4920   -5885.0924  0.3412 
   00029    0.4756   -5866.8496  0.3274 
   00030    0.4992   -5845.2077  0.3142 
   00031    0.4980   -5984.5240  0.3173 
   00032    0.4796   -5855.5284  0.3104 
   00033    0.4956   -5923.6905  0.3103 
   00034    0.5008   -5917.8903  0.3109 
   00035    0.4908   -5927.1623  0.3100 
   00036    0.4960   -5858.5008  0.3044 
   00037    0.4932   -6025.0188  0.3234 
   00038    0.4744   -6093.2336  0.3266 
   00039    0.4840   -5970.9142  0.3189 
   00040    0.4996   -5890.5718  0.3165 
   00041    0.4832   -5938.2373  0.3138 
   00042    0.4912   -5830.0521  0.3187 
   00043    0.4788   -5956.2880  0.3120 
   00044    0.4896   -5996.2410  0.3127 
   00045    0.4828   -6038.5119  0.3159 
   00046    0.4780   -6086.3516  0.3249 
   00047    0.4716   -6018.6408  0.3258 
   00048    0.4596   -6043.8139  0.3246 
   00049    0.5028   -5991.5452  0.3161 
   00050    0.4924   -6026.0218  0.3010 
   00051    0.4948   -5970.4282  0.2923 
   00052    0.5080   -5933.6941  0.2982 
   00053    0.4912   -5932.3800  0.3030 
   00054    0.5060   -5898.3002  0.3064 
   00055    0.4900   -5912.0425  0.3087 
   00056    0.4964   -5909.7803  0.3132 
   00057    0.4868   -5990.2829  0.3008 
   00058    0.4724   -5969.4037  0.2996 
   00059    0.4792   -6078.5631  0.3057 
   00060    0.4800   -5970.7488  0.2952 
   00061    0.4696   -5949.8108  0.2892 
   00062    0.4968   -5837.0002  0.2881 
   00063    0.4800   -5861.1972  0.2911 
   00064    0.4980   -5902.5360  0.2904 
   00065    0.5032   -5929.2212  0.2895 
   00066    0.4864   -5826.9635  0.2988 
   00067    0.4956   -5799.3040  0.3065 
   00068    0.4924   -5739.9711  0.2995 
   00069    0.4980   -5861.5838  0.3059 
   00070    0.4868   -5874.5733  0.3095 
   00071    0.4880   -5842.3441  0.3071 
   00072    0.4908   -5810.8690  0.3013 
   00073    0.5016   -5823.5552  0.3048 
   00074    0.4820   -5977.0837  0.3144 
   00075    0.4924   -5947.6172  0.3199 
   00076    0.4928   -5907.2370  0.3143 
   00077    0.5116   -5871.7085  0.3174 
   00078    0.4976   -5886.2959  0.3150 
   00079    0.4876   -5826.9463  0.3188 
   00080    0.4956   -5782.1021  0.3175 
   00081    0.4976   -5857.5043  0.3248 
   00082    0.4776   -5960.2620  0.3193 
   00083    0.4920   -5931.6879  0.3137 
   00084    0.4948   -6037.9662  0.3230 
   00085    0.4848   -5934.0963  0.3170 
   00086    0.5008   -5911.2825  0.3283 
   00087    0.4844   -6030.9639  0.3291 
   00088    0.4680   -6119.3438  0.3354 
   00089    0.4796   -6054.5996  0.3349 
   00090    0.5020   -6005.4245  0.3474 
   00091    0.4980   -5952.0592  0.3394 
   00092    0.4968   -5922.9174  0.3246 
   00093    0.5072   -5884.7195  0.3295 
   00094    0.4868   -5953.6866  0.3349 
   00095    0.4972   -5887.4847  0.3353 
   00096    0.4972   -5823.9535  0.3410 
   00097    0.5080   -5856.3443  0.3478 
   00098    0.4808   -5810.5034  0.3613 
   00099    0.4940   -5874.0281  0.3386 
   00100    0.4888   -5989.9735  0.3376 
   00101    0.5000   -5923.1578  0.3567 
   00102    0.5048   -5938.7524  0.3517 
   00103    0.5004   -5836.1635  0.3538 
   00104    0.4736   -5944.6748  0.3610 
   00105    0.4928   -5980.8759  0.3426 
   00106    0.4876   -6026.5240  0.3312 
   00107    0.4784   -5952.7006  0.3362 
   00108    0.4852   -5983.5209  0.3390 
   00109    0.4696   -5993.9043  0.3397 
   00110    0.4884   -5917.7698  0.3372 
   00111    0.4800   -5988.9622  0.3286 
   00112    0.4844   -5943.4105  0.3219 
   00113    0.4812   -5901.2299  0.3138 
   00114    0.5116   -5934.3882  0.3118 
   00115    0.4868   -5988.1501  0.3119 
   00116    0.4952   -5960.2849  0.3060 
   00117    0.4984   -5911.5503  0.3136 
   00118    0.4988   -5758.9434  0.3033 
   00119    0.5016   -5713.0312  0.2947 
   00120    0.5048   -5795.7455  0.3007 
   00121    0.4856   -5748.1280  0.3116 
   00122    0.4948   -5833.9485  0.3287 
   00123    0.4924   -5922.3984  0.3266 
   00124    0.4888   -6068.7338  0.3190 
   00125    0.5032   -5940.0695  0.3182 
   00126    0.4928   -5963.6440  0.3153 
   00127    0.4788   -5943.4948  0.3168 
   00128    0.4820   -6001.3245  0.3207 
   00129    0.4888   -5899.2453  0.3309 
   00130    0.5084   -5714.5549  0.3275 
   00131    0.5032   -5783.5893  0.3146 
   00132    0.4976   -5847.5399  0.3155 
   00133    0.4832   -5871.7184  0.3071 
   00134    0.4808   -5943.3487  0.3255 
   00135    0.4840   -5844.4159  0.3260 
   00136    0.4876   -5795.0636  0.3143 
   00137    0.4868   -5812.1061  0.3129 
   00138    0.4940   -5855.8635  0.3013 
   00139    0.5060   -5826.4930  0.3049 
   00140    0.5000   -5844.1705  0.3106 
   00141    0.4944   -5828.2472  0.3111 
   00142    0.4848   -5885.0195  0.3131 
   00143    0.4992   -6037.2294  0.3164 
   00144    0.4956   -6088.8093  0.3185 
   00145    0.4880   -5992.3698  0.3093 
   00146    0.4976   -5982.0102  0.3054 
   00147    0.5064   -5963.5769  0.3155 
   00148    0.4884   -5904.6669  0.3189 
   00149    0.4916   -5901.3258  0.3170 
   00150    0.5028   -5928.3127  0.3101 
   00151    0.4916   -5886.7109  0.3090 
   00152    0.4920   -5872.2378  0.3077 
   00153    0.5016   -5923.4123  0.2976 
   00154    0.5108   -5818.0793  0.3085 
   00155    0.5048   -5887.8885  0.3123 
   00156    0.4984   -5786.0406  0.3244 
   00157    0.4928   -5803.9876  0.3283 
   00158    0.5016   -5832.5803  0.3292 
   00159    0.5076   -5777.4779  0.3246 
   00160    0.4972   -5873.9872  0.3149 
   00161    0.5036   -5932.1672  0.3149 
   00162    0.4872   -5862.7197  0.3245 
   00163    0.5004   -6018.6641  0.3266 
   00164    0.4740   -5966.7126  0.3168 
   00165    0.4988   -5891.9404  0.3120 
   00166    0.4960   -5945.7738  0.3123 
   00167    0.4964   -5938.2547  0.3261 
   00168    0.5044   -5819.7654  0.3197 
   00169    0.5088   -5831.4181  0.3198 
   00170    0.4812   -5830.7476  0.3063 
   00171    0.4820   -5884.9835  0.2950 
   00172    0.5000   -5869.7498  0.2996 
   00173    0.4900   -5837.1258  0.2922 
   00174    0.4980   -5827.7832  0.2936 
   00175    0.4892   -5853.8468  0.2915 
   00176    0.4936   -5874.0991  0.3027 
   00177    0.4888   -5896.4204  0.3130 
   00178    0.4916   -5886.3837  0.3187 
   00179    0.4916   -5867.4492  0.3160 
   00180    0.4968   -5836.3528  0.3158 
   00181    0.4976   -5902.6201  0.3259 
   00182    0.4728   -5900.7510  0.3300 
   00183    0.5024   -5870.3684  0.3477 
   00184    0.5104   -5903.4082  0.3426 
   00185    0.5072   -5872.2113  0.3473 
   00186    0.4856   -5847.3749  0.3470 
   00187    0.4780   -5873.4318  0.3507 
   00188    0.5028   -5894.6794  0.3393 
   00189    0.5036   -5894.4422  0.3420 
   00190    0.4980   -5776.9726  0.3314 
   00191    0.5104   -5799.5233  0.3267 
   00192    0.4992   -5892.9852  0.3292 
   00193    0.5108   -5842.5063  0.3061 
   00194    0.4948   -5854.7784  0.3034 
   00195    0.4992   -5841.7680  0.3051 
   00196    0.4912   -5860.6721  0.2988 
   00197    0.5008   -5879.3003  0.2967 
   00198    0.4968   -5870.0039  0.2986 
   00199    0.5112   -5939.7425  0.2890 
   00200    0.4852   -6069.4653  0.2831 
   00201    0.5144   -5848.0479  0.2802 
   00202    0.5008   -5843.9747  0.2878 
   00203    0.5160   -5835.0830  0.2897 
   00204    0.4920   -5757.4567  0.3000 
   00205    0.4856   -5754.2838  0.3147 
   00206    0.4992   -5746.6797  0.3218 
   00207    0.4988   -5804.1472  0.3281 
   00208    0.5000   -5900.5352  0.3322 
   00209    0.5072   -5967.2190  0.3365 
   00210    0.5012   -5899.2135  0.3426 
   00211    0.5040   -5972.9907  0.3562 
   00212    0.4936   -5936.4949  0.3733 
   00213    0.4968   -5980.0124  0.3646 
   00214    0.4688   -6015.2700  0.3553 
   00215    0.4640   -6043.4684  0.3631 
   00216    0.4964   -6100.4560  0.3614 
   00217    0.4684   -6157.9638  0.3667 
   00218    0.4880   -6051.2145  0.3564 
   00219    0.4976   -6138.2605  0.3558 
   00220    0.4652   -6136.2620  0.3603 
   00221    0.4832   -6056.9721  0.3610 
   00222    0.4944   -6124.0008  0.3532 
   00223    0.4684   -6163.6718  0.3677 
   00224    0.4956   -6176.8572  0.3727 
   00225    0.4728   -6101.0837  0.3865 
   00226    0.4664   -6106.7731  0.3893 
   00227    0.4932   -6020.0815  0.3915 
   00228    0.4876   -5972.4739  0.3687 
   00229    0.4992   -5922.0154  0.3650 
   00230    0.4864   -5955.5553  0.3706 
   00231    0.4868   -5899.0573  0.3706 
   00232    0.5012   -5871.8828  0.3708 
   00233    0.4784   -5989.3620  0.3698 
   00234    0.4804   -5845.8024  0.3583 
   00235    0.4772   -5886.4890  0.3525 
   00236    0.4900   -5840.8859  0.3565 
   00237    0.5032   -5807.0867  0.3527 
   00238    0.4964   -5728.5878  0.3528 
   00239    0.4900   -5773.6028  0.3585 
   00240    0.4868   -5816.8360  0.3562 
   00241    0.4936   -5821.8263  0.3488 
   00242    0.4836   -5842.9428  0.3409 
   00243    0.5052   -5866.1352  0.3262 
   00244    0.5032   -5785.0308  0.3220 
   00245    0.5020   -5842.2590  0.3181 
   00246    0.5064   -5859.0028  0.3148 
   00247    0.5064   -5816.9238  0.3114 
   00248    0.5096   -5838.8665  0.3003 
   00249    0.4924   -5918.3078  0.3123 
   00250    0.4856   -5912.6059  0.3130 
   00251    0.5192   -5797.7134  0.3012 
   00252    0.5092   -5720.4878  0.3057 
   00253    0.5124   -5750.5316  0.2910 
   00254    0.5084   -5725.5700  0.3078 
   00255    0.5236   -5721.9133  0.3040 
   00256    0.5164   -5718.8958  0.3111 
   00257    0.5096   -5784.0752  0.3172 
   00258    0.4888   -5754.8610  0.3137 
   00259    0.5148   -5788.0765  0.3167 
   00260    0.5068   -5669.3106  0.3033 
   00261    0.5124   -5643.5508  0.3010 
   00262    0.5284   -5656.8428  0.2986 
   00263    0.5344   -5630.6075  0.3176 
   00264    0.5000   -5754.8774  0.3156 
   00265    0.5072   -5704.3413  0.3330 
   00266    0.5008   -5672.9776  0.3308 
   00267    0.5092   -5731.5222  0.3353 
   00268    0.5184   -5717.2611  0.3427 
   00269    0.4976   -5713.5355  0.3353 
   00270    0.4964   -5835.7380  0.3422 
   00271    0.5152   -5883.2741  0.3435 
   00272    0.4964   -5834.4228  0.3270 
   00273    0.4928   -5906.7410  0.3249 
   00274    0.4816   -5848.1697  0.3244 
   00275    0.5000   -5915.6371  0.3239 
   00276    0.5048   -5911.1977  0.3282 
   00277    0.4932   -5928.9014  0.3324 
   00278    0.4972   -6018.8080  0.3431 
   00279    0.5028   -5975.8900  0.3464 
   00280    0.4892   -5969.8040  0.3498 
   00281    0.4936   -5954.5992  0.3419 
   00282    0.4932   -5908.8338  0.3384 
   00283    0.4892   -5877.9708  0.3518 
   00284    0.5000   -5941.3443  0.3600 
   00285    0.4992   -5862.5064  0.3708 
   00286    0.4820   -5917.8902  0.3802 
   00287    0.4964   -5948.0623  0.3712 
   00288    0.4944   -5812.7007  0.3675 
   00289    0.4928   -5803.7956  0.3639 
   00290    0.4960   -5779.1678  0.3617 
   00291    0.5128   -5790.4698  0.3431 
   00292    0.5204   -5742.0110  0.3436 
   00293    0.4972   -5839.3971  0.3303 
   00294    0.4976   -5828.4879  0.3303 
   00295    0.4832   -5867.1514  0.3358 
   00296    0.5148   -5842.7406  0.3262 
   00297    0.5080   -5805.0968  0.3255 
   00298    0.5028   -5795.3722  0.3449 
   00299    0.4784   -5757.2030  0.3415 
   00300    0.4988   -5728.9530  0.3419 
   00301    0.4984   -5778.3231  0.3449 
   00302    0.5084   -5764.7237  0.3295 
   00303    0.4864   -5864.0302  0.3304 
   00304    0.4924   -5848.3455  0.3463 
   00305    0.5144   -5825.7963  0.3262 
   00306    0.4988   -5882.6623  0.3314 
   00307    0.4892   -5937.8179  0.3180 
   00308    0.4828   -5864.6442  0.3151 
   00309    0.5160   -5843.4027  0.3116 
   00310    0.4888   -5838.7392  0.3161 
   00311    0.5076   -5913.1371  0.3178 
   00312    0.4864   -5946.0501  0.3282 
   00313    0.4816   -5914.7151  0.3264 
   00314    0.4884   -5871.0440  0.3308 
   00315    0.4860   -5903.7598  0.3332 
   00316    0.4964   -5870.8689  0.3457 
   00317    0.5092   -5942.8631  0.3469 
   00318    0.4812   -5877.2836  0.3483 
   00319    0.4876   -5834.5393  0.3513 
   00320    0.4880   -5857.7643  0.3622 
   00321    0.5032   -5903.6692  0.3577 
   00322    0.4860   -5899.6241  0.3441 
   00323    0.4804   -5907.2954  0.3458 
   00324    0.4980   -5888.0806  0.3453 
   00325    0.4812   -5945.9447  0.3412 
   00326    0.4908   -5951.6549  0.3391 
   00327    0.4888   -5999.9039  0.3551 
   00328    0.4824   -6024.2587  0.3673 
   00329    0.4772   -6105.9926  0.3668 
   00330    0.4932   -6069.1802  0.3693 
   00331    0.4812   -5951.8654  0.3681 
   00332    0.4856   -5964.6720  0.3663 
   00333    0.4816   -6099.2290  0.3604 
   00334    0.4684   -6101.6150  0.3623 
   00335    0.4920   -5981.1731  0.3606 
   00336    0.4856   -6075.2146  0.3459 
   00337    0.4740   -6074.2790  0.3452 
   00338    0.4768   -6015.3554  0.3482 
   00339    0.4924   -6010.5220  0.3340 
   00340    0.4848   -5981.5889  0.3351 
   00341    0.5076   -5872.1846  0.3145 
   00342    0.4960   -5906.6779  0.3089 
   00343    0.4792   -5990.5192  0.3093 
   00344    0.4700   -6040.8013  0.3109 
   00345    0.4788   -5979.2388  0.3179 
   00346    0.4980   -5963.4981  0.3275 
   00347    0.4824   -5982.9397  0.3326 
   00348    0.4860   -5894.9292  0.3211 
   00349    0.5000   -6076.8917  0.3079 
   00350    0.5108   -5947.8747  0.3047 
   00351    0.4832   -6067.7832  0.3130 
   00352    0.4892   -5950.3161  0.3118 
   00353    0.4700   -6022.0927  0.3150 
   00354    0.4896   -6032.6879  0.3084 
   00355    0.4876   -5932.8433  0.3205 
   00356    0.4860   -5979.4209  0.3235 
   00357    0.4944   -5997.4001  0.3361 
   00358    0.4732   -6068.5409  0.3379 
   00359    0.4924   -5994.7887  0.3292 
   00360    0.4884   -5986.2993  0.3243 
   00361    0.4900   -5965.5433  0.3108 
   00362    0.5104   -5911.3599  0.2994 
   00363    0.4916   -5994.4959  0.3073 
   00364    0.4848   -6032.7153  0.3051 
   00365    0.4684   -6030.0878  0.3004 
   00366    0.4900   -6124.3051  0.3085 
   00367    0.4928   -6019.8234  0.3093 
   00368    0.4920   -6005.7718  0.3082 
   00369    0.4904   -5881.6437  0.3150 
   00370    0.4976   -5804.1297  0.3236 
   00371    0.5120   -5875.9605  0.3190 
   00372    0.4880   -5923.6351  0.3057 
   00373    0.4792   -5936.1702  0.2952 
   00374    0.4684   -5970.3516  0.2909 
   00375    0.4968   -5991.1468  0.2882 
   00376    0.4864   -6003.3955  0.2883 
   00377    0.4768   -6011.1376  0.2918 
   00378    0.4776   -5991.9482  0.2746 
   00379    0.4788   -5900.8493  0.2825 
   00380    0.5000   -5933.8421  0.2811 
   00381    0.4780   -5847.6367  0.2799 
   00382    0.4888   -5932.4071  0.2834 
   00383    0.4612   -5912.3831  0.2972 
   00384    0.4740   -5947.2199  0.2953 
   00385    0.4944   -5900.3369  0.2792 
   00386    0.4820   -5811.0916  0.2746 
   00387    0.5000   -5849.9071  0.2842 
   00388    0.5028   -5827.0396  0.2897 
   00389    0.4940   -5842.2690  0.2817 
   00390    0.4956   -5915.7465  0.2769 
   00391    0.4980   -5775.2794  0.2704 
   00392    0.5148   -5826.6940  0.2769 
   00393    0.5196   -5808.6129  0.2671 
   00394    0.5020   -5847.1430  0.2657 
   00395    0.5000   -5861.3161  0.2686 
   00396    0.4968   -5807.1859  0.2714 
   00397    0.5036   -5811.5844  0.2749 
   00398    0.4840   -5810.0757  0.2852 
   00399    0.4888   -5944.1332  0.2945 
   00400    0.4880   -5897.8091  0.2882 
   00401    0.5028   -5791.9929  0.2853 
   00402    0.5048   -5806.0559  0.2784 
   00403    0.4960   -5877.7339  0.2853 
   00404    0.4912   -5890.6623  0.2893 
   00405    0.4944   -5874.7043  0.2891 
   00406    0.5124   -5859.1179  0.2883 
   00407    0.4868   -5907.5202  0.2716 
   00408    0.4844   -5853.1949  0.2764 
   00409    0.4940   -5918.8520  0.2804 
   00410    0.4636   -5965.3566  0.2797 
   00411    0.4960   -5864.7481  0.2890 
   00412    0.4960   -5917.8262  0.2876 
   00413    0.4832   -5934.2227  0.2962 
   00414    0.4992   -5852.1826  0.2912 
   00415    0.4860   -5841.0779  0.2949 
   00416    0.4936   -5873.2878  0.2988 
   00417    0.4860   -5950.1916  0.3000 
   00418    0.4920   -5789.4299  0.2951 
   00419    0.4960   -5719.4118  0.2890 
   00420    0.4836   -5754.4995  0.2961 
   00421    0.4876   -5818.4473  0.3046 
   00422    0.4968   -5913.6076  0.2996 
   00423    0.4828   -5975.5678  0.3162 
   00424    0.4852   -6006.2336  0.3188 
   00425    0.4812   -6072.1371  0.3237 
   00426    0.4844   -6064.5812  0.3251 
   00427    0.4892   -6087.1227  0.3237 
   00428    0.4720   -6036.0485  0.3196 
   00429    0.4636   -6005.5311  0.3222 
   00430    0.4964   -5928.4062  0.3160 
   00431    0.4964   -5838.2553  0.3391 
   00432    0.5008   -5866.8426  0.3228 
   00433    0.4992   -5867.8591  0.3070 
   00434    0.4888   -5891.9085  0.3174 
   00435    0.4964   -5901.3616  0.3155 
   00436    0.4876   -5867.8816  0.3065 
   00437    0.4992   -5911.4036  0.3179 
   00438    0.4816   -5922.6478  0.3176 
   00439    0.4912   -5953.1490  0.3187 
   00440    0.5040   -5840.8359  0.3083 
   00441    0.5140   -5879.8576  0.3261 
   00442    0.4896   -5841.5509  0.3240 
   00443    0.4896   -5873.0252  0.3095 
   00444    0.4956   -5807.8042  0.3072 
   00445    0.5132   -5739.3381  0.3107 
   00446    0.4868   -5812.2220  0.3022 
   00447    0.5044   -5867.7845  0.2937 
   00448    0.4928   -5810.8750  0.2903 
   00449    0.5076   -5783.6855  0.2909 
   00450    0.5112   -5806.6992  0.2805 
   00451    0.4928   -5858.3916  0.2833 
   00452    0.5036   -5846.9993  0.2722 
   00453    0.5112   -5751.8752  0.2874 
   00454    0.4964   -5744.0288  0.2916 
   00455    0.5256   -5755.9015  0.2815 
   00456    0.5076   -5728.4653  0.2806 
   00457    0.5060   -5785.1947  0.2626 
   00458    0.5156   -5844.6565  0.2599 
   00459    0.5004   -5864.8612  0.2636 
   00460    0.4988   -5912.5410  0.2598 
   00461    0.4948   -5914.7161  0.2643 
   00462    0.4816   -5945.7416  0.2660 
   00463    0.4848   -5977.2738  0.2690 
   00464    0.4912   -5871.5710  0.2634 
   00465    0.4860   -5922.8146  0.2601 
   00466    0.4804   -5912.2256  0.2672 
   00467    0.5004   -5870.9290  0.2804 
   00468    0.4924   -5863.1459  0.2742 
   00469    0.5020   -5919.6993  0.2831 
   00470    0.5000   -5844.7476  0.2880 
   00471    0.4976   -5846.2269  0.2808 
   00472    0.4896   -5937.4806  0.2769 
   00473    0.4964   -5951.5917  0.2738 
   00474    0.4960   -5936.5140  0.2753 
   00475    0.4720   -5935.4952  0.2765 
   00476    0.4876   -5963.5134  0.2767 
   00477    0.4984   -5960.9122  0.2688 
   00478    0.4812   -5857.8664  0.2709 
   00479    0.4876   -5966.3156  0.2792 
   00480    0.4728   -5994.1363  0.2678 
   00481    0.5032   -6008.9028  0.2605 
   00482    0.4784   -5883.1858  0.2592 
   00483    0.4748   -5883.5497  0.2683 
   00484    0.4916   -5829.8001  0.2794 
   00485    0.5108   -5761.2452  0.2943 
   00486    0.5028   -5844.3674  0.2902 
   00487    0.4856   -5831.9702  0.2896 
   00488    0.5020   -5869.6109  0.2788 
   00489    0.4816   -6015.3944  0.2944 
   00490    0.4904   -5969.4474  0.2950 
   00491    0.4872   -6035.7670  0.2836 
   00492    0.4724   -5985.3732  0.2845 
   00493    0.4848   -5980.9872  0.2993 
   00494    0.4664   -6036.4359  0.2884 
   00495    0.4692   -6054.1687  0.2898 
   00496    0.4664   -5986.3680  0.2867 
   00497    0.4992   -6002.5113  0.2851 
   00498    0.4584   -6026.2204  0.2809 
   00499    0.4820   -6021.4956  0.2849 
   00500    0.4900   -5903.7570  0.2793 
   00501    0.5108   -5875.8034  0.2890 
   00502    0.4940   -5849.4858  0.2733 
   00503    0.5076   -5843.1402  0.2822 
   00504    0.4916   -5854.3938  0.2917 
   00505    0.5132   -5888.0173  0.2925 
   00506    0.5096   -5838.7599  0.2859 
   00507    0.5164   -5819.7946  0.2812 
   00508    0.4956   -5862.0753  0.2826 
   00509    0.4912   -5926.9661  0.2931 
   00510    0.5052   -5884.2154  0.2936 
   00511    0.5144   -5884.1864  0.2989 
   00512    0.4936   -5836.0977  0.2906 
   00513    0.5044   -5937.1034  0.2978 
   00514    0.4856   -5899.1892  0.3073 
   00515    0.5076   -5879.9139  0.3164 
   00516    0.5036   -5875.3003  0.3122 
   00517    0.5128   -5828.8551  0.3080 
   00518    0.4904   -5798.2334  0.3015 
   00519    0.4944   -5782.2539  0.2974 
   00520    0.4956   -5790.8471  0.2933 
   00521    0.4972   -5832.4499  0.3002 
   00522    0.5100   -5788.2450  0.2910 
   00523    0.4836   -5773.8717  0.2880 
   00524    0.4980   -5801.6953  0.2844 
   00525    0.5300   -5820.5334  0.2957 
   00526    0.4956   -5833.8142  0.2790 
   00527    0.4972   -5896.6051  0.2608 
   00528    0.5140   -5844.2566  0.2610 
   00529    0.5136   -5854.5965  0.2719 
   00530    0.5232   -5851.5485  0.2815 
   00531    0.5060   -5926.3926  0.2733 
   00532    0.4852   -5843.6191  0.2833 
   00533    0.5220   -5832.0874  0.2807 
   00534    0.4980   -5863.4332  0.2915 
   00535    0.5016   -5882.6745  0.2932 
   00536    0.5088   -5681.3460  0.2937 
   00537    0.5120   -5785.2671  0.3011 
   00538    0.4916   -5771.6510  0.2882 
   00539    0.4928   -5863.3809  0.2813 
   00540    0.4852   -5876.5676  0.2723 
   00541    0.5052   -5779.3463  0.2648 
   00542    0.4968   -5868.7376  0.2692 
   00543    0.4992   -5895.4393  0.2783 
   00544    0.4796   -5899.2502  0.2799 
   00545    0.5036   -5718.6788  0.2825 
   00546    0.5000   -5639.9117  0.2829 
   00547    0.5036   -5745.5654  0.2967 
   00548    0.5020   -5881.6904  0.3045 
   00549    0.4912   -5790.3917  0.3080 
   00550    0.5072   -5840.6829  0.3006 
   00551    0.5044   -5828.4306  0.2923 
   00552    0.5152   -5718.7995  0.2697 
   00553    0.5080   -5736.0002  0.2827 
   00554    0.5252   -5804.1030  0.2788 
   00555    0.5012   -5745.9384  0.2836 
   00556    0.5064   -5804.6360  0.2883 
   00557    0.5016   -5805.8533  0.2960 
   00558    0.4852   -5863.3142  0.3025 
   00559    0.4908   -5845.0351  0.3108 
   00560    0.4988   -5950.0164  0.3042 
   00561    0.4856   -5937.7231  0.2953 
   00562    0.5008   -5952.1187  0.2924 
   00563    0.5000   -5977.4721  0.2892 
   00564    0.4832   -5978.6841  0.2974 
   00565    0.4984   -5966.4926  0.3073 
   00566    0.4800   -5916.1902  0.3150 
   00567    0.4852   -5962.5006  0.3169 
   00568    0.4948   -5899.5496  0.3165 
   00569    0.4948   -5843.9409  0.3197 
   00570    0.4892   -5785.2947  0.3194 
   00571    0.4928   -5813.8404  0.3116 
   00572    0.5064   -5865.9365  0.3192 
   00573    0.4816   -5843.0187  0.3003 
   00574    0.4888   -5871.8853  0.3017 
   00575    0.4888   -5787.4956  0.2994 
   00576    0.4932   -5810.7067  0.3094 
   00577    0.4880   -5884.9946  0.3081 
   00578    0.4904   -5926.2905  0.3058 
   00579    0.5064   -5873.5018  0.3035 
   00580    0.4984   -5907.8945  0.3110 
   00581    0.5104   -5914.5177  0.3035 
   00582    0.4696   -5901.8422  0.3043 
   00583    0.5072   -5862.9804  0.3121 
   00584    0.4956   -5871.6811  0.3184 
   00585    0.5256   -5892.9087  0.3053 
   00586    0.5052   -5821.3818  0.2988 
   00587    0.5104   -5895.0746  0.3063 
   00588    0.4848   -5848.9394  0.3017 
   00589    0.5040   -5870.7848  0.3159 
   00590    0.4968   -5854.2782  0.3194 
   00591    0.5120   -5857.7578  0.3077 
   00592    0.4944   -5888.1523  0.2993 
   00593    0.4948   -5873.1598  0.2968 
   00594    0.4856   -5864.8628  0.2966 
   00595    0.4908   -5920.4578  0.2942 
   00596    0.4768   -5920.8020  0.2924 
   00597    0.4848   -5877.8310  0.2971 
   00598    0.4980   -5873.7588  0.2935 
   00599    0.5016   -5839.4480  0.2915 
   00600    0.5116   -5812.6314  0.2917 
   00601    0.5056   -5830.8715  0.2956 
   00602    0.4884   -5802.6345  0.3114 
   00603    0.5132   -5808.6259  0.3101 
   00604    0.5016   -5776.9564  0.3098 
   00605    0.5140   -5707.1017  0.3023 
   00606    0.4976   -5687.0653  0.3024 
   00607    0.5044   -5801.8991  0.3013 
   00608    0.4884   -5849.3921  0.2959 
   00609    0.4864   -5750.2523  0.2870 
   00610    0.4820   -5821.0467  0.2884 
   00611    0.4972   -5821.4267  0.2887 
   00612    0.5204   -5854.5597  0.2853 
   00613    0.5036   -5849.8722  0.2795 
   00614    0.5104   -5797.8063  0.2878 
   00615    0.5044   -5820.3211  0.2756 
   00616    0.5004   -5778.4153  0.2771 
   00617    0.4960   -5762.7541  0.2789 
   00618    0.4980   -5902.2749  0.2875 
   00619    0.5148   -5801.7450  0.2779 
   00620    0.4824   -5834.0323  0.2844 
   00621    0.5124   -5913.7579  0.2763 
   00622    0.4892   -5925.1435  0.2820 
   00623    0.4708   -5921.5510  0.2888 
   00624    0.5084   -5860.0264  0.2952 
   00625    0.4916   -5866.8948  0.2741 
   00626    0.4912   -5845.3897  0.2845 
   00627    0.4948   -5867.9258  0.2909 
   00628    0.5064   -5740.4811  0.3045 
   00629    0.5064   -5822.6727  0.3002 
   00630    0.5076   -5809.4073  0.3098 
   00631    0.4928   -5851.5458  0.3086 
   00632    0.4960   -5918.7313  0.3073 
   00633    0.4872   -5869.7800  0.2990 
   00634    0.4852   -5866.0019  0.3101 
   00635    0.4780   -5842.5351  0.3066 
   00636    0.4964   -5826.9390  0.3135 
   00637    0.4976   -5923.0650  0.3229 
   00638    0.4820   -6048.8392  0.3236 
   00639    0.4824   -5922.5069  0.3116 
   00640    0.4852   -5962.9388  0.3172 
   00641    0.4964   -5934.9958  0.3222 
   00642    0.4768   -5934.3945  0.3296 
   00643    0.4980   -5853.8969  0.3351 
   00644    0.4856   -5913.0673  0.3446 
   00645    0.5028   -5915.8729  0.3612 
   00646    0.5008   -5888.5688  0.3531 
   00647    0.5060   -5982.0983  0.3509 
   00648    0.4900   -5971.8293  0.3333 
   00649    0.5012   -5928.9849  0.3354 
   00650    0.5036   -5813.7380  0.3277 
   00651    0.4976   -5819.5834  0.3071 
   00652    0.5028   -5942.9701  0.3107 
   00653    0.4880   -5920.6328  0.3008 
   00654    0.5028   -5888.4400  0.2993 
   00655    0.5020   -5920.8886  0.2813 
   00656    0.4996   -5790.0097  0.2748 
   00657    0.5168   -5814.5039  0.2669 
   00658    0.5040   -5799.1309  0.2689 
   00659    0.4936   -5650.7585  0.2726 
   00660    0.5140   -5801.6570  0.2671 
   00661    0.5096   -5724.7996  0.2784 
   00662    0.5208   -5719.2420  0.2851 
   00663    0.4944   -5785.4347  0.2764 
   00664    0.4964   -5871.2808  0.2797 
   00665    0.4892   -5739.6404  0.2809 
   00666    0.4952   -5837.6026  0.2886 
   00667    0.4808   -5942.0025  0.2966 
   00668    0.4884   -5978.0466  0.2917 
   00669    0.4968   -5974.2912  0.2838 
   00670    0.4976   -5963.0838  0.2745 
   00671    0.4960   -5966.3838  0.2783 
   00672    0.4852   -5898.4546  0.2865 
   00673    0.4924   -5845.0838  0.2845 
   00674    0.4756   -5860.9985  0.2784 
   00675    0.4932   -5871.4482  0.2882 
   00676    0.4900   -5898.1959  0.2936 
   00677    0.4860   -5877.9713  0.2908 
   00678    0.5076   -5832.2139  0.2856 
   00679    0.5056   -5903.7399  0.2905 
   00680    0.4828   -5934.7828  0.2735 
   00681    0.5052   -5928.9861  0.2722 
   00682    0.5064   -5933.9544  0.2802 
   00683    0.4812   -5883.4561  0.2845 
   00684    0.4892   -5995.8842  0.2733 
   00685    0.4572   -5962.9763  0.2680 
   00686    0.4932   -5967.1898  0.2847 
   00687    0.4900   -5993.6124  0.2960 
   00688    0.4796   -5958.1543  0.2934 
   00689    0.4840   -5925.8309  0.2893 
   00690    0.4924   -5936.1221  0.2932 
   00691    0.4844   -6042.6620  0.2791 
   00692    0.4888   -6089.6548  0.2759 
   00693    0.4812   -6057.9370  0.2780 
   00694    0.4740   -6016.5516  0.2830 
   00695    0.4688   -5949.8643  0.2742 
   00696    0.4868   -5982.1337  0.2728 
   00697    0.5048   -6012.5816  0.2752 
   00698    0.4756   -5987.4599  0.2787 
   00699    0.4856   -5994.6446  0.2755 
   00700    0.4892   -5819.1521  0.2760 
   00701    0.4992   -5874.3670  0.2720 
   00702    0.4792   -5944.4033  0.2865 
   00703    0.4956   -5950.7189  0.2767 
   00704    0.4724   -5934.0214  0.2825 
   00705    0.4920   -5859.8641  0.2783 
   00706    0.4924   -5879.4156  0.2815 
   00707    0.4848   -5966.6850  0.2833 
   00708    0.4900   -5860.9707  0.2791 
   00709    0.4856   -5825.6368  0.2933 
   00710    0.4768   -5811.8395  0.2864 
   00711    0.4964   -5753.6793  0.2954 
   00712    0.4808   -5878.8259  0.2965 
   00713    0.4948   -5831.3810  0.3007 
   00714    0.5020   -5845.4495  0.3012 
   00715    0.5004   -5781.8448  0.3094 
   00716    0.5080   -5724.8559  0.3055 
   00717    0.5036   -5830.0543  0.3138 
   00718    0.4816   -5843.9222  0.3166 
   00719    0.4920   -5880.6588  0.3084 
   00720    0.5000   -5867.9393  0.3055 
   00721    0.4876   -5894.5317  0.3082 
   00722    0.5032   -5932.1704  0.3033 
   00723    0.4932   -5989.3056  0.2895 
   00724    0.5076   -5902.4171  0.2819 
   00725    0.4864   -5804.9676  0.2855 
   00726    0.5024   -5828.5001  0.2979 
   00727    0.5008   -5868.5385  0.2895 
   00728    0.5064   -5864.7596  0.2845 
   00729    0.5088   -5906.1208  0.2715 
   00730    0.4828   -5894.5618  0.2937 
   00731    0.4952   -5869.3351  0.2961 
   00732    0.5188   -5877.4606  0.3072 
   00733    0.4724   -6012.4235  0.3055 
   00734    0.5016   -5952.8354  0.3041 
   00735    0.5096   -5942.9791  0.3036 
   00736    0.4932   -5848.8834  0.2963 
   00737    0.5032   -5744.9250  0.2964 
   00738    0.5100   -5724.1281  0.3093 
   00739    0.5000   -5778.0894  0.2994 
   00740    0.5140   -5664.5127  0.3064 
   00741    0.5000   -5767.4079  0.2949 
   00742    0.4968   -5765.7413  0.2913 
   00743    0.4964   -5732.3728  0.2964 
   00744    0.5168   -5799.2177  0.3087 
   00745    0.4976   -5868.2281  0.3240 
   00746    0.4964   -5900.1845  0.3308 
   00747    0.5092   -5837.6240  0.3267 
   00748    0.5212   -5878.6182  0.3262 
   00749    0.4888   -5856.0513  0.3343 
   00750    0.4868   -5845.0560  0.3339 
   00751    0.5012   -5846.0253  0.3409 
   00752    0.4940   -5945.4984  0.3317 
   00753    0.4984   -5801.9157  0.3309 
   00754    0.4956   -5843.5722  0.3214 
   00755    0.5196   -5887.0421  0.3314 
   00756    0.4792   -5805.1511  0.3303 
   00757    0.5064   -5782.6123  0.3303 
   00758    0.5168   -5802.2866  0.3372 
   00759    0.4916   -5912.1813  0.3378 
   00760    0.4872   -5952.5308  0.3225 
   00761    0.4912   -5807.4348  0.3224 
   00762    0.5020   -5797.7556  0.3042 
   00763    0.5000   -5777.7557  0.3018 
   00764    0.5032   -5852.8880  0.3037 
   00765    0.4980   -5870.5011  0.3031 
   00766    0.5032   -5830.6898  0.2932 
   00767    0.4868   -5855.3958  0.2979 
   00768    0.4884   -5938.4788  0.3028 
   00769    0.5112   -5917.5668  0.3118 
   00770    0.4736   -5922.0784  0.3118 
   00771    0.4820   -5919.0506  0.3105 
   00772    0.4988   -5897.1038  0.3273 
   00773    0.5064   -5862.1996  0.3099 
   00774    0.4924   -5802.9079  0.3077 
   00775    0.4956   -5799.2730  0.2920 
   00776    0.4824   -5822.2499  0.3022 
   00777    0.5104   -5860.0504  0.3010 
   00778    0.4796   -5943.8472  0.3067 
   00779    0.5052   -5829.7910  0.3088 
   00780    0.4884   -5801.0452  0.2990 
   00781    0.4948   -5916.8118  0.2983 
   00782    0.4920   -5882.5174  0.3054 
   00783    0.4820   -5942.5735  0.2953 
   00784    0.4900   -5934.0476  0.2937 
   00785    0.4900   -5951.2573  0.2935 
   00786    0.5064   -5867.9115  0.2904 
   00787    0.4864   -5902.8846  0.2954 
   00788    0.5164   -5856.8904  0.2862 
   00789    0.5008   -5831.4733  0.2875 
   00790    0.4916   -5914.2641  0.2867 
   00791    0.5008   -5818.5392  0.2827 
   00792    0.5016   -5807.5581  0.2796 
   00793    0.4868   -5857.1636  0.2822 
   00794    0.5004   -5841.1204  0.2767 
   00795    0.5068   -5845.3240  0.2745 
   00796    0.5104   -5855.9375  0.2710 
   00797    0.4960   -5810.0311  0.2721 
   00798    0.5012   -5778.6243  0.2719 
   00799    0.5032   -5853.0051  0.2629 
   00800    0.4872   -5816.1458  0.2628 
   00801    0.4968   -5835.8635  0.2600 
   00802    0.4908   -5872.2344  0.2760 
   00803    0.4908   -5989.1544  0.2662 
   00804    0.4952   -5955.2823  0.2600 
   00805    0.4720   -5928.6790  0.2554 
   00806    0.4976   -5883.3350  0.2516 
   00807    0.5084   -5737.4271  0.2590 
   00808    0.5012   -5851.9725  0.2552 
   00809    0.5104   -5828.9739  0.2623 
   00810    0.4944   -5832.0721  0.2638 
   00811    0.5036   -5857.2720  0.2698 
   00812    0.4868   -5941.2352  0.2613 
   00813    0.4872   -5958.6033  0.2659 
   00814    0.4996   -5901.2944  0.2617 
   00815    0.4920   -5940.8847  0.2708 
   00816    0.4896   -5927.2025  0.2695 
   00817    0.4952   -5923.1178  0.2609 
   00818    0.4876   -5895.2332  0.2633 
   00819    0.5036   -5875.4105  0.2780 
   00820    0.4940   -5806.8068  0.2837 
   00821    0.4820   -5935.9630  0.2935 
   00822    0.4852   -5874.7131  0.2918 
   00823    0.4952   -5873.3375  0.2903 
   00824    0.4748   -5839.5458  0.2979 
   00825    0.5008   -5834.1122  0.2873 
   00826    0.4972   -5942.9488  0.2873 
   00827    0.5072   -5937.8278  0.3008 
   00828    0.4968   -5994.1615  0.2888 
   00829    0.4880   -5999.3598  0.2841 
   00830    0.4916   -6068.4056  0.2923 
   00831    0.4948   -5973.0496  0.2917 
   00832    0.4780   -5913.9649  0.2826 
   00833    0.4852   -5850.7232  0.2848 
   00834    0.4892   -5846.5419  0.2806 
   00835    0.5012   -5857.8907  0.2684 
   00836    0.5092   -5930.9055  0.2727 
   00837    0.5096   -5891.4120  0.2564 
   00838    0.4928   -5820.0837  0.2634 
   00839    0.4988   -5941.1665  0.2645 
   00840    0.4788   -5982.1926  0.2645 
   00841    0.4864   -5937.1443  0.2720 
   00842    0.4804   -5889.4553  0.2757 
   00843    0.4976   -5910.3275  0.2843 
   00844    0.4844   -5938.0558  0.2867 
   00845    0.4912   -5952.4676  0.2745 
   00846    0.5076   -5921.7943  0.2892 
   00847    0.4744   -5985.3906  0.2837 
   00848    0.4640   -5971.2667  0.2760 
   00849    0.5028   -5715.7408  0.2650 
   00850    0.5080   -5807.9806  0.2675 
   00851    0.5024   -5909.4308  0.2669 
   00852    0.4948   -5996.6875  0.2682 
   00853    0.5128   -5982.3141  0.2658 
   00854    0.4972   -5954.3985  0.2746 
   00855    0.4900   -6029.3091  0.2737 
   00856    0.4988   -5973.5973  0.2639 
   00857    0.4960   -5979.8106  0.2690 
   00858    0.4976   -6062.6673  0.2636 
   00859    0.4752   -5979.2187  0.2613 
   00860    0.4940   -5997.8068  0.2590 
   00861    0.4800   -6093.4017  0.2663 
   00862    0.4716   -6000.0099  0.2713 
   00863    0.4872   -6023.2133  0.2680 
   00864    0.4864   -6031.8005  0.2651 
   00865    0.4952   -6018.3258  0.2655 
   00866    0.4840   -6108.0688  0.2685 
   00867    0.4808   -6099.2606  0.2653 
   00868    0.4816   -5988.7776  0.2731 
   00869    0.5068   -5984.7562  0.2776 
   00870    0.5008   -5991.8636  0.2879 
   00871    0.5016   -6007.7485  0.3061 
   00872    0.4740   -6065.1551  0.3054 
   00873    0.4908   -6058.9442  0.3091 
   00874    0.4800   -5995.7545  0.3031 
   00875    0.4884   -5953.5101  0.2946 
   00876    0.4992   -5952.0470  0.2803 
   00877    0.4796   -5925.4390  0.2815 
   00878    0.4864   -5988.4426  0.2783 
   00879    0.4912   -6004.5426  0.2779 
   00880    0.5016   -5916.9994  0.2811 
   00881    0.4980   -5824.2257  0.3016 
   00882    0.5068   -5797.4702  0.2982 
   00883    0.5108   -5774.4432  0.2904 
   00884    0.4960   -5717.3843  0.2896 
   00885    0.5108   -5770.2145  0.2845 
   00886    0.4860   -5755.6218  0.2783 
   00887    0.5052   -5857.1378  0.2780 
   00888    0.5220   -5797.9542  0.2779 
   00889    0.4784   -5821.0377  0.2865 
   00890    0.5048   -5858.6779  0.2796 
   00891    0.5004   -5893.0159  0.2720 
   00892    0.5024   -5909.7508  0.2728 
   00893    0.5000   -5927.2470  0.2762 
   00894    0.4900   -5933.5533  0.2813 
   00895    0.4776   -6032.5485  0.2857 
   00896    0.4656   -5976.8625  0.2988 
   00897    0.4984   -5846.8208  0.2933 
   00898    0.4864   -5854.0519  0.3049 
   00899    0.5004   -5828.2820  0.2995 
   00900    0.4876   -5869.0726  0.2925 
