#=====================================================
# File created:        Tue-12-Mar-2024-at-11-31-45AM
# Size of lattice:     50x50
# Number of MC steps:  500
# Reduced temperature: 1.000
# Run time (s):        29.903113
#=====================================================
# MC step:  Ratio:     Energy:   Order:
#=====================================================
   00000    0.5000   -2541.3033  0.2605 
   00001    0.6932   -3887.7631  0.2513 
   00002    0.6072   -4439.9574  0.2581 
   00003    0.5876   -4755.6993  0.2650 
   00004    0.5504   -5061.9905  0.2641 
   00005    0.5532   -5273.8655  0.2662 
   00006    0.5192   -5315.1665  0.2632 
   00007    0.5204   -5451.1540  0.2647 
   00008    0.5032   -5605.0253  0.2639 
   00009    0.5272   -5649.2336  0.2593 
   00010    0.4988   -5627.9216  0.2585 
   00011    0.5004   -5857.6153  0.2638 
   00012    0.4788   -5873.7942  0.2626 
   00013    0.5000   -5781.9952  0.2717 
   00014    0.5124   -5784.6036  0.2696 
   00015    0.4880   -5732.7132  0.2776 
   00016    0.5032   -5717.5987  0.2817 
   00017    0.4784   -5839.2922  0.2740 
   00018    0.4976   -5784.3883  0.2704 
   00019    0.4872   -5813.5641  0.2766 
   00020    0.4972   -5863.1353  0.2800 
   00021    0.5120   -5822.5870  0.2921 
   00022    0.4848   -5809.3061  0.2889 
   00023    0.5060   -5716.5842  0.2851 
   00024    0.5072   -5785.6142  0.2950 
   00025    0.5104   -5872.4220  0.2924 
   00026    0.4796   -5859.0112  0.2942 
   00027    0.4960   -5792.8582  0.2947 
   00028    0.4956   -5787.1221  0.2927 
   00029    0.4996   -5824.8735  0.2874 
   00030    0.5132   -5842.3765  0.2982 
   00031    0.5088   -5929.2462  0.2870 
   00032    0.4792   -5851.2786  0.2821 
   00033    0.4944   -5856.5495  0.2896 
   00034    0.4932   -5769.3424  0.2841 
   00035    0.4844   -5912.0219  0.2935 
   00036    0.4836   -5957.1638  0.2877 
   00037    0.4888   -5887.7173  0.2840 
   00038    0.4912   -5944.9590  0.2876 
   00039    0.5116   -5924.4935  0.2910 
   00040    0.4916   -5887.5752  0.2975 
   00041    0.4812   -6023.1443  0.3016 
   00042    0.4812   -6010.5784  0.3093 
   00043    0.4884   -5882.3515  0.3092 
   00044    0.4860   -5882.7502  0.3138 
   00045    0.4852   -5930.5480  0.3128 
   00046    0.4848   -5903.5782  0.3012 
   00047    0.4856   -5826.2626  0.2883 
   00048    0.4972   -5854.7391  0.2875 
   00049    0.5228   -5762.6252  0.2786 
   00050    0.4936   -5837.1493  0.2773 
   00051    0.5096   -5847.3496  0.2658 
   00052    0.4768   -5911.8480  0.2594 
   00053    0.5132   -5889.1358  0.2825 
   00054    0.4940   -5939.1038  0.2981 
   00055    0.4864   -5927.7806  0.2937 
   00056    0.5048   -5980.8920  0.2957 
   00057    0.5172   -5975.9269  0.2840 
   00058    0.4788   -5940.0360  0.2761 
   00059    0.4892   -5959.7461  0.2806 
   00060    0.4836   -5987.4206  0.2895 
   00061    0.4860   -5939.5589  0.2924 
   00062    0.4960   -5904.0975  0.2839 
   00063    0.4836   -5879.7977  0.2640 
   00064    0.4956   -5847.1134  0.2730 
   00065    0.4920   -5919.7599  0.2779 
   00066    0.4984   -5892.4132  0.2736 
   00067    0.4832   -5926.8653  0.2740 
   00068    0.4932   -5897.5629  0.2659 
   00069    0.4944   -5937.8861  0.2708 
   00070    0.5056   -5954.5225  0.2782 
   00071    0.4844   -5948.1776  0.2868 
   00072    0.4796   -5910.0465  0.2859 
   00073    0.5084   -5903.0440  0.2959 
   00074    0.4964   -5986.9743  0.3035 
   00075    0.5048   -5943.6437  0.3112 
   00076    0.4844   -5993.5253  0.3239 
   00077    0.4908   -5865.4835  0.3273 
   00078    0.5116   -5845.0044  0.3300 
   00079    0.4912   -5864.1637  0.3177 
   00080    0.4684   -5957.6256  0.3080 
   00081    0.4928   -5966.8415  0.3003 
   00082    0.4972   -5825.4389  0.2938 
   00083    0.4920   -5845.2226  0.2898 
   00084    0.5044   -5764.1189  0.2770 
   00085    0.5112   -5809.2572  0.2805 
   00086    0.5056   -5857.8282  0.2663 
   00087    0.4924   -5944.1922  0.2729 
   00088    0.4800   -5916.2529  0.2884 
   00089    0.4856   -5831.4923  0.2841 
   00090    0.4984   -5859.9711  0.2861 
   00091    0.5000   -5839.9498  0.2809 
   00092    0.4816   -5810.4380  0.2938 
   00093    0.4952   -5835.8921  0.3038 
   00094    0.5128   -5924.8777  0.3154 
   00095    0.4988   -5867.5580  0.3189 
   00096    0.4924   -5946.4694  0.3193 
   00097    0.4872   -5998.9562  0.3350 
   00098    0.4716   -5911.3843  0.3353 
   00099    0.4908   -5834.8040  0.3310 
   00100    0.5012   -5838.3236  0.3081 
   00101    0.4964   -5901.6869  0.3141 
   00102    0.4888   -5812.8117  0.3140 
   00103    0.4848   -5881.5119  0.3056 
   00104    0.4976   -5926.7777  0.3013 
   00105    0.5056   -5905.4692  0.2976 
   00106    0.5116   -5844.0701  0.2816 
   00107    0.4952   -5947.5787  0.2714 
   00108    0.4812   -5875.7059  0.2808 
   00109    0.5016   -5724.4141  0.2868 
   00110    0.4996   -5872.9600  0.2876 
   00111    0.4892   -5889.4980  0.2830 
   00112    0.4784   -5980.0203  0.2788 
   00113    0.5008   -5963.1574  0.2839 
   00114    0.4988   -5938.7178  0.2802 
   00115    0.4912   -5922.8594  0.2813 
   00116    0.4952   -5883.2727  0.2834 
   00117    0.4764   -5835.9774  0.2723 
   00118    0.5012   -5789.6078  0.2688 
   00119    0.4980   -5860.9967  0.2665 
   00120    0.4980   -5945.8507  0.2614 
   00121    0.4644   -5938.5785  0.2661 
   00122    0.4856   -5886.4027  0.2683 
   00123    0.4960   -5814.7312  0.2609 
   00124    0.4948   -5850.8342  0.2655 
   00125    0.5092   -5816.5574  0.2543 
   00126    0.4932   -5727.5470  0.2578 
   00127    0.5056   -5770.3657  0.2593 
   00128    0.4728   -5895.9596  0.2690 
   00129    0.4952   -5913.1105  0.2773 
   00130    0.4852   -6034.2543  0.2736 
   00131    0.4676   -5972.2648  0.2885 
   00132    0.4868   -6022.7356  0.2930 
   00133    0.4712   -5964.1420  0.2916 
   00134    0.5088   -5821.1178  0.2919 
   00135    0.4872   -5952.8921  0.2912 
   00136    0.5040   -5940.7559  0.2953 
   00137    0.4760   -5857.3629  0.2942 
   00138    0.4976   -5818.0297  0.3065 
   00139    0.5088   -5711.4039  0.2993 
   00140    0.4956   -5786.0075  0.3109 
   00141    0.4956   -5771.0921  0.3124 
   00142    0.4976   -5771.5711  0.3218 
   00143    0.4936   -5718.9376  0.3139 
   00144    0.4904   -5720.7690  0.3092 
   00145    0.5052   -5686.6736  0.3156 
   00146    0.5020   -5783.0609  0.3207 
   00147    0.5160   -5719.0826  0.3275 
   00148    0.5108   -5785.9190  0.3222 
   00149    0.4844   -5719.8539  0.3373 
   00150    0.5028   -5857.0127  0.3372 
   00151    0.5136   -5806.0284  0.3345 
   00152    0.4972   -5884.8696  0.3438 
   00153    0.5204   -5813.9492  0.3386 
   00154    0.4940   -5834.2191  0.3513 
   00155    0.5044   -5913.8026  0.3569 
   00156    0.4828   -5971.0226  0.3649 
   00157    0.4876   -5965.2297  0.3669 
   00158    0.4860   -6006.6728  0.3645 
   00159    0.4988   -5991.6790  0.3593 
   00160    0.4792   -6021.7067  0.3630 
   00161    0.4772   -5911.7877  0.3699 
   00162    0.4776   -5831.7266  0.3695 
   00163    0.4888   -5839.7664  0.3790 
   00164    0.5164   -5915.1230  0.3837 
   00165    0.4920   -5948.4403  0.3756 
   00166    0.5012   -5877.8741  0.3664 
   00167    0.4868   -5894.5453  0.3641 
   00168    0.4960   -5869.5188  0.3676 
   00169    0.4920   -5860.4255  0.3626 
   00170    0.4884   -5983.5264  0.3594 
   00171    0.4956   -5970.9250  0.3755 
   00172    0.4908   -5884.8664  0.3691 
   00173    0.5004   -5855.2073  0.3611 
   00174    0.4980   -5949.1356  0.3550 
   00175    0.4960   -5923.0682  0.3527 
   00176    0.4868   -5941.5307  0.3547 
   00177    0.5084   -5896.3671  0.3428 
   00178    0.4956   -5974.2305  0.3380 
   00179    0.5020   -6031.5165  0.3482 
   00180    0.4864   -6061.9486  0.3581 
   00181    0.4844   -6038.4038  0.3837 
   00182    0.4852   -5935.5627  0.3787 
   00183    0.4696   -5930.3567  0.3754 
   00184    0.5000   -5857.1780  0.3744 
   00185    0.4972   -5864.5750  0.3755 
   00186    0.4884   -5887.7125  0.3709 
   00187    0.4980   -5883.4511  0.3608 
   00188    0.5032   -5991.5325  0.3622 
   00189    0.4908   -6002.2432  0.3701 
   00190    0.4888   -6037.2251  0.3805 
   00191    0.4908   -6045.5504  0.3840 
   00192    0.4880   -6043.0604  0.3776 
   00193    0.4864   -6069.0492  0.3728 
   00194    0.4872   -6028.9831  0.3646 
   00195    0.4780   -5979.0936  0.3727 
   00196    0.4796   -5924.8100  0.3709 
   00197    0.4748   -5898.2056  0.3712 
   00198    0.4892   -5934.8440  0.3709 
   00199    0.4960   -5973.5584  0.3664 
   00200    0.4876   -5798.4991  0.3647 
   00201    0.5036   -5816.3680  0.3655 
   00202    0.5048   -5835.1460  0.3642 
   00203    0.5112   -5843.0753  0.3650 
   00204    0.4984   -5905.8878  0.3687 
   00205    0.5064   -5881.6181  0.3624 
   00206    0.4840   -5887.0479  0.3706 
   00207    0.4988   -5926.1295  0.3641 
   00208    0.4940   -5975.9113  0.3642 
   00209    0.4868   -5929.2380  0.3700 
   00210    0.5044   -5979.3833  0.3588 
   00211    0.4840   -5948.6195  0.3495 
   00212    0.5144   -5839.9962  0.3536 
   00213    0.5076   -5774.5418  0.3498 
   00214    0.5020   -5757.9505  0.3590 
   00215    0.5024   -5820.6160  0.3494 
   00216    0.5100   -5840.8457  0.3425 
   00217    0.4996   -5898.3401  0.3516 
   00218    0.5056   -5985.5559  0.3611 
   00219    0.4928   -6063.0717  0.3609 
   00220    0.4740   -6074.3115  0.3543 
   00221    0.4992   -5897.6013  0.3464 
   00222    0.4856   -6001.1960  0.3411 
   00223    0.4708   -6026.6595  0.3412 
   00224    0.4732   -6062.5109  0.3534 
   00225    0.4844   -5982.2273  0.3431 
   00226    0.4976   -5952.1445  0.3420 
   00227    0.4832   -5946.2295  0.3441 
   00228    0.4760   -5976.7707  0.3510 
   00229    0.4792   -6070.7095  0.3644 
   00230    0.4812   -6018.3987  0.3704 
   00231    0.4752   -6033.5102  0.3587 
   00232    0.4872   -6035.5733  0.3625 
   00233    0.4944   -6022.2346  0.3593 
   00234    0.4956   -6039.9991  0.3598 
   00235    0.4792   -6007.7257  0.3573 
   00236    0.4876   -6046.2111  0.3566 
   00237    0.4872   -6074.7766  0.3540 
   00238    0.4904   -6094.8547  0.3565 
   00239    0.4960   -6041.8838  0.3696 
   00240    0.5056   -5981.7974  0.3705 
   00241    0.4864   -5975.2795  0.3616 
   00242    0.4840   -5981.2317  0.3510 
   00243    0.5044   -5883.5798  0.3429 
   00244    0.4936   -6009.9567  0.3517 
   00245    0.4768   -6055.4319  0.3535 
   00246    0.4656   -6108.8657  0.3554 
   00247    0.4632   -6073.4815  0.3501 
   00248    0.4840   -6082.8608  0.3504 
   00249    0.4800   -6052.0676  0.3659 
   00250    0.4668   -6134.0210  0.3542 
   00251    0.4900   -6057.5927  0.3515 
   00252    0.4952   -6012.3162  0.3520 
   00253    0.4780   -6129.7982  0.3429 
   00254    0.4880   -5971.1008  0.3401 
   00255    0.4964   -5873.5967  0.3418 
   00256    0.4892   -5895.2270  0.3436 
   00257    0.4836   -5975.5408  0.3451 
   00258    0.5040   -5899.7568  0.3402 
   00259    0.4944   -5848.0699  0.3353 
   00260    0.4784   -5803.5083  0.3389 
   00261    0.4808   -5830.6971  0.3403 
   00262    0.5008   -5791.2639  0.3357 
   00263    0.5088   -5882.3142  0.3392 
   00264    0.5056   -5795.0801  0.3445 
   00265    0.5052   -5799.2572  0.3559 
   00266    0.5004   -5723.2665  0.3557 
   00267    0.5192   -5804.0643  0.3578 
   00268    0.5180   -5811.5185  0.3563 
   00269    0.5096   -5835.4986  0.3559 
   00270    0.5080   -5835.1423  0.3581 
   00271    0.4744   -5934.6168  0.3611 
   00272    0.4868   -6086.3884  0.3723 
   00273    0.4736   -5995.0068  0.3660 
   00274    0.4944   -5963.1710  0.3592 
   00275    0.4780   -6109.4257  0.3637 
   00276    0.4816   -6107.0291  0.3725 
   00277    0.4772   -6112.8375  0.3724 
   00278    0.4836   -6195.5358  0.3821 
   00279    0.4732   -6105.0738  0.3798 
   00280    0.4784   -6082.5601  0.3677 
   00281    0.4972   -5998.3151  0.3705 
   00282    0.4912   -5909.5919  0.3777 
   00283    0.4888   -5923.8737  0.3707 
   00284    0.4852   -5987.7959  0.3675 
   00285    0.4932   -5916.7012  0.3644 
   00286    0.4904   -5931.3337  0.3701 
   00287    0.4776   -5892.2788  0.3630 
   00288    0.5012   -6008.7485  0.3689 
   00289    0.4984   -5943.1059  0.3693 
   00290    0.5040   -6042.8535  0.3765 
   00291    0.4888   -6034.7302  0.3810 
   00292    0.4724   -5992.2547  0.3793 
   00293    0.4932   -5959.9621  0.3776 
   00294    0.4784   -5932.0101  0.3837 
   00295    0.4828   -6021.6820  0.3927 
   00296    0.4816   -5895.5818  0.3980 
   00297    0.4816   -5909.9733  0.3764 
   00298    0.4788   -5957.9308  0.3706 
   00299    0.4904   -6076.8562  0.3786 
   00300    0.4988   -5906.7098  0.3699 
   00301    0.4780   -5968.1184  0.3553 
   00302    0.4852   -5928.3344  0.3589 
   00303    0.4972   -5922.5351  0.3571 
   00304    0.4884   -5865.7464  0.3617 
   00305    0.5036   -5877.0507  0.3567 
   00306    0.5020   -5986.6737  0.3751 
   00307    0.4884   -5953.0773  0.3700 
   00308    0.4820   -5869.3850  0.3565 
   00309    0.4952   -5952.9308  0.3555 
   00310    0.4976   -5863.8618  0.3493 
   00311    0.5060   -5915.2169  0.3545 
   00312    0.4908   -5877.4677  0.3500 
   00313    0.5108   -5877.5147  0.3423 
   00314    0.4908   -5966.0225  0.3440 
   00315    0.4732   -5946.9347  0.3400 
   00316    0.4892   -6012.4580  0.3434 
   00317    0.4880   -5943.5787  0.3393 
   00318    0.4920   -5930.1839  0.3253 
   00319    0.4976   -6008.5826  0.3238 
   00320    0.4960   -5890.6168  0.3203 
   00321    0.4876   -5861.6739  0.3249 
   00322    0.4968   -5825.3217  0.3371 
   00323    0.5048   -5813.0734  0.3338 
   00324    0.5112   -5847.8758  0.3348 
   00325    0.4872   -5904.2667  0.3300 
   00326    0.4660   -5993.7922  0.3227 
   00327    0.4876   -5943.4102  0.3172 
   00328    0.4808   -5942.7017  0.3135 
   00329    0.4892   -5981.3939  0.3111 
   00330    0.4840   -5933.7185  0.3089 
   00331    0.4908   -5985.7369  0.3002 
   00332    0.4848   -5994.3038  0.3086 
   00333    0.4724   -5912.0990  0.3146 
   00334    0.4940   -5985.3726  0.3214 
   00335    0.4900   -6000.7654  0.3319 
   00336    0.4820   -5918.9653  0.3233 
   00337    0.4972   -5945.7555  0.3079 
   00338    0.4796   -5969.2115  0.3066 
   00339    0.4780   -5944.4926  0.3015 
   00340    0.4752   -5905.2402  0.3186 
   00341    0.4940   -5802.6078  0.3147 
   00342    0.4932   -5866.7307  0.3128 
   00343    0.5088   -5809.7751  0.3208 
   00344    0.5064   -5861.3262  0.3135 
   00345    0.5104   -5809.9546  0.3096 
   00346    0.5188   -5780.9188  0.2942 
   00347    0.5216   -5695.2887  0.3071 
   00348    0.5168   -5691.9269  0.3109 
   00349    0.4976   -5695.1556  0.3108 
   00350    0.5136   -5757.2109  0.3135 
   00351    0.5120   -5770.7220  0.2885 
   00352    0.4900   -5741.8177  0.2866 
   00353    0.5120   -5804.0340  0.2890 
   00354    0.4968   -5736.4156  0.2921 
   00355    0.4992   -5740.1422  0.2925 
   00356    0.5088   -5915.1309  0.3024 
   00357    0.4960   -5980.8480  0.3001 
   00358    0.4992   -6015.7582  0.2954 
   00359    0.4784   -6051.9701  0.3030 
   00360    0.4796   -5895.6195  0.3042 
   00361    0.4832   -5859.7907  0.3081 
   00362    0.4812   -5863.9210  0.3107 
   00363    0.4916   -5913.5496  0.3081 
   00364    0.5036   -5973.9543  0.3066 
   00365    0.4884   -5996.7225  0.2996 
   00366    0.4824   -5901.9132  0.3057 
   00367    0.4836   -5945.8980  0.3054 
   00368    0.4996   -5791.9241  0.2997 
   00369    0.5108   -5911.4488  0.3078 
   00370    0.4864   -6008.1088  0.3034 
   00371    0.4980   -5879.7207  0.3086 
   00372    0.5020   -5865.6524  0.3012 
   00373    0.4968   -5899.9035  0.3066 
   00374    0.4892   -5969.1799  0.3012 
   00375    0.4804   -5987.9483  0.3057 
   00376    0.4836   -5960.3376  0.3277 
   00377    0.4896   -5928.5674  0.3225 
   00378    0.5008   -5905.5376  0.3207 
   00379    0.4836   -5754.5570  0.3294 
   00380    0.5140   -5824.0489  0.3321 
   00381    0.4912   -5903.6919  0.3256 
   00382    0.4728   -5974.8657  0.3160 
   00383    0.4948   -5970.5041  0.3135 
   00384    0.4888   -5973.2938  0.3181 
   00385    0.4932   -6090.1175  0.3232 
   00386    0.4864   -6033.5455  0.3162 
   00387    0.4880   -6048.3175  0.3217 
   00388    0.4516   -6054.5247  0.3265 
   00389    0.4612   -6122.1405  0.3267 
   00390    0.4768   -6133.5212  0.3308 
   00391    0.4772   -6056.5582  0.3312 
   00392    0.4828   -5992.6398  0.3350 
   00393    0.5016   -5996.5017  0.3339 
   00394    0.4852   -6069.5485  0.3356 
   00395    0.4936   -6099.8971  0.3377 
   00396    0.4624   -6065.9567  0.3461 
   00397    0.4896   -5959.1013  0.3472 
   00398    0.5032   -5921.5935  0.3498 
   00399    0.4920   -5788.8479  0.3601 
   00400    0.5192   -5850.0096  0.3568 
   00401    0.4848   -5891.5384  0.3454 
   00402    0.4912   -6003.2788  0.3626 
   00403    0.5016   -5998.3197  0.3573 
   00404    0.4892   -5924.9807  0.3547 
   00405    0.4952   -5839.8801  0.3546 
   00406    0.4992   -5956.7237  0.3705 
   00407    0.5152   -5969.7607  0.3726 
   00408    0.4884   -6029.0185  0.3730 
   00409    0.4948   -5949.1360  0.3669 
   00410    0.4928   -6099.7354  0.3693 
   00411    0.4688   -6090.6235  0.3595 
   00412    0.4864   -6090.6908  0.3572 
   00413    0.4720   -5924.9431  0.3402 
   00414    0.4944   -5868.7425  0.3299 
   00415    0.4828   -5797.6935  0.3252 
   00416    0.5208   -5930.1505  0.3301 
   00417    0.4848   -5988.0980  0.3102 
   00418    0.5016   -6024.1622  0.3134 
   00419    0.5000   -5913.2270  0.3078 
   00420    0.5088   -5897.7001  0.3133 
   00421    0.5152   -5966.6787  0.3290 
   00422    0.4836   -5939.7085  0.3234 
   00423    0.4960   -5855.4496  0.3209 
   00424    0.5136   -5813.0408  0.3265 
   00425    0.5060   -5820.1362  0.3239 
   00426    0.5032   -5883.1138  0.3364 
   00427    0.5036   -5853.9168  0.3321 
   00428    0.5084   -5784.5637  0.3193 
   00429    0.5092   -5807.7230  0.3205 
   00430    0.5188   -5831.9525  0.3148 
   00431    0.4992   -5864.5816  0.3274 
   00432    0.4912   -5898.0050  0.3225 
   00433    0.4844   -5908.3782  0.3164 
   00434    0.4940   -5927.7304  0.3283 
   00435    0.4836   -5906.9342  0.3360 
   00436    0.4988   -5826.3831  0.3343 
   00437    0.4864   -5865.6143  0.3280 
   00438    0.4948   -5891.8805  0.3257 
   00439    0.4872   -5919.2101  0.3301 
   00440    0.4804   -5876.0870  0.3401 
   00441    0.5200   -5826.4097  0.3337 
   00442    0.4992   -5845.9751  0.3410 
   00443    0.5012   -5891.7611  0.3310 
   00444    0.4868   -5790.3422  0.3294 
   00445    0.5000   -5874.3958  0.3335 
   00446    0.4952   -5917.5844  0.3475 
   00447    0.4912   -6019.1848  0.3502 
   00448    0.4916   -6002.5180  0.3299 
   00449    0.4776   -5935.0913  0.3311 
   00450    0.4956   -5911.7852  0.3428 
   00451    0.4756   -5916.2573  0.3400 
   00452    0.5056   -5787.7946  0.3432 
   00453    0.4976   -5924.8525  0.3379 
   00454    0.4936   -5952.6620  0.3382 
   00455    0.4844   -5966.5819  0.3357 
   00456    0.4960   -5967.7650  0.3334 
   00457    0.4776   -5906.9846  0.3398 
   00458    0.4860   -5919.2504  0.3364 
   00459    0.5236   -6038.1384  0.3413 
   00460    0.4824   -5918.8825  0.3375 
   00461    0.5016   -5963.9305  0.3321 
   00462    0.4800   -6084.4636  0.3206 
   00463    0.4784   -6077.2355  0.3205 
   00464    0.4676   -5961.2208  0.3153 
   00465    0.4832   -5924.6484  0.3224 
   00466    0.4900   -5904.3396  0.3065 
   00467    0.4824   -5897.4624  0.3074 
   00468    0.4884   -5961.1134  0.3073 
   00469    0.4748   -6012.1687  0.2956 
   00470    0.4864   -5975.1340  0.3002 
   00471    0.4916   -5958.7401  0.3018 
   00472    0.4880   -5940.8080  0.2994 
   00473    0.4876   -6019.7344  0.3029 
   00474    0.5188   -5960.9840  0.3073 
   00475    0.5016   -5921.4174  0.3021 
   00476    0.4900   -5899.6899  0.3003 
   00477    0.4976   -5883.9537  0.3101 
   00478    0.5036   -5852.2338  0.3068 
   00479    0.4912   -5893.3380  0.2990 
   00480    0.4912   -5986.8405  0.2986 
   00481    0.4888   -5973.1844  0.3070 
   00482    0.4932   -5923.9780  0.3150 
   00483    0.4948   -5913.8383  0.3134 
   00484    0.4964   -5872.5015  0.2935 
   00485    0.4912   -5904.8974  0.2813 
   00486    0.5052   -5783.2386  0.2842 
   00487    0.4968   -5715.4044  0.3008 
   00488    0.4956   -5744.3643  0.2887 
   00489    0.4996   -5770.9435  0.2981 
   00490    0.5012   -5732.2256  0.3020 
   00491    0.4912   -5833.3866  0.3029 
   00492    0.4916   -5769.0890  0.3043 
   00493    0.5016   -5747.5142  0.3104 
   00494    0.5036   -5746.5899  0.3083 
   00495    0.4888   -5852.9924  0.3076 
   00496    0.4912   -5911.0096  0.3085 
   00497    0.4920   -5906.1416  0.3030 
   00498    0.4972   -5907.3286  0.2914 
   00499    0.5132   -5830.9513  0.2786 
   00500    0.4928   -5875.4599  0.2766 
