#=====================================================
# File created:        Tue-12-Mar-2024-at-10-30-19AM
# Size of lattice:     50x50
# Number of MC steps:  1000
# Reduced temperature: 1.000
# Run time (s):        68.335276
#=====================================================
# MC step:  Ratio:     Energy:   Order:
#=====================================================
   00000    0.5000   -2494.0617  0.2547 
   00001    0.6932   -3807.9280  0.2557 
   00002    0.6196   -4405.5915  0.2633 
   00003    0.5816   -4798.4737  0.2650 
   00004    0.5636   -5067.6598  0.2764 
   00005    0.5324   -5268.1453  0.2763 
   00006    0.5440   -5388.7237  0.2831 
   00007    0.5144   -5524.9065  0.2893 
   00008    0.5044   -5652.5756  0.2895 
   00009    0.5240   -5667.4562  0.3015 
   00010    0.5040   -5743.4489  0.3021 
   00011    0.5080   -5773.6604  0.2985 
   00012    0.5020   -5787.3133  0.2936 
   00013    0.4876   -5818.2240  0.2851 
   00014    0.5152   -5857.6832  0.2849 
   00015    0.5000   -5853.5378  0.2808 
   00016    0.4920   -5871.1449  0.2863 
   00017    0.4856   -5800.8448  0.3004 
   00018    0.4860   -5797.4958  0.2966 
   00019    0.5164   -5751.8596  0.2921 
   00020    0.4892   -5877.6106  0.2895 
   00021    0.4828   -5806.6122  0.2894 
   00022    0.5040   -5868.6622  0.2971 
   00023    0.5084   -5822.1133  0.2914 
   00024    0.4828   -5845.7497  0.3005 
   00025    0.4788   -5827.5457  0.2793 
   00026    0.5000   -5744.0341  0.2937 
   00027    0.5180   -5918.5819  0.2849 
   00028    0.4784   -5899.4489  0.2856 
   00029    0.4992   -5949.6517  0.2854 
   00030    0.4808   -5908.7672  0.2858 
   00031    0.4968   -5908.4666  0.2845 
   00032    0.4912   -6013.9578  0.2848 
   00033    0.4944   -5910.1631  0.2900 
   00034    0.4896   -5914.9692  0.2934 
   00035    0.4988   -5897.4449  0.2822 
   00036    0.5012   -5871.1129  0.2813 
   00037    0.4924   -5859.2068  0.2714 
   00038    0.5104   -5910.8422  0.2769 
   00039    0.4856   -5979.1297  0.2909 
   00040    0.4980   -5931.2601  0.2901 
   00041    0.4848   -5891.7149  0.2937 
   00042    0.4984   -5832.6146  0.3000 
   00043    0.4928   -5754.1269  0.3050 
   00044    0.5256   -5808.8449  0.3285 
   00045    0.4992   -5772.8334  0.3352 
   00046    0.5072   -5850.0100  0.3399 
   00047    0.4872   -5932.0963  0.3560 
   00048    0.4848   -5930.5066  0.3451 
   00049    0.4968   -5983.9343  0.3253 
   00050    0.4904   -5976.8456  0.3212 
   00051    0.4836   -5918.9745  0.3184 
   00052    0.4916   -5923.6986  0.3061 
   00053    0.4976   -5824.3317  0.2948 
   00054    0.4984   -5842.2662  0.3022 
   00055    0.4880   -5779.8805  0.3170 
   00056    0.5064   -5790.8828  0.3129 
   00057    0.4880   -5885.2499  0.3084 
   00058    0.5000   -5966.0841  0.3060 
   00059    0.4928   -6036.8369  0.2953 
   00060    0.4776   -5941.9545  0.2921 
   00061    0.4936   -5960.7009  0.2923 
   00062    0.4904   -5899.4766  0.2908 
   00063    0.4940   -5867.2022  0.2845 
   00064    0.4840   -5865.5468  0.2762 
   00065    0.4924   -5944.0544  0.2827 
   00066    0.4884   -5912.2862  0.2824 
   00067    0.4952   -5973.2715  0.2910 
   00068    0.4824   -5894.8175  0.2815 
   00069    0.5088   -5794.3118  0.2760 
   00070    0.4836   -5727.9794  0.2771 
   00071    0.5116   -5843.1797  0.2883 
   00072    0.4800   -5911.9374  0.2959 
   00073    0.4984   -5882.8549  0.3020 
   00074    0.4796   -5868.9714  0.2959 
   00075    0.4868   -5855.1263  0.2916 
   00076    0.4968   -5846.7796  0.2998 
   00077    0.4984   -5913.0265  0.3128 
   00078    0.4996   -5948.7025  0.3128 
   00079    0.4940   -6033.1056  0.3038 
   00080    0.4756   -6009.4794  0.3167 
   00081    0.4912   -5984.0840  0.3136 
   00082    0.4948   -6051.6972  0.3177 
   00083    0.4852   -6103.2786  0.3103 
   00084    0.4872   -5936.3218  0.3027 
   00085    0.4884   -5787.0193  0.3077 
   00086    0.5076   -5806.4550  0.3100 
   00087    0.4896   -5844.8475  0.2980 
   00088    0.5044   -5868.5341  0.3021 
   00089    0.4800   -5756.9148  0.3066 
   00090    0.4980   -5834.3383  0.3139 
   00091    0.4968   -5990.3765  0.3139 
   00092    0.4856   -5971.7114  0.2966 
   00093    0.4924   -5916.6301  0.2933 
   00094    0.4880   -5951.2011  0.2932 
   00095    0.5020   -5953.9617  0.2968 
   00096    0.4944   -5977.6284  0.3021 
   00097    0.4780   -5877.0361  0.3011 
   00098    0.4780   -5938.9510  0.3093 
   00099    0.4852   -5915.5199  0.3114 
   00100    0.4884   -6066.2637  0.3353 
   00101    0.4944   -6010.0312  0.3385 
   00102    0.4812   -6059.2329  0.3376 
   00103    0.4880   -6072.5732  0.3397 
   00104    0.4920   -6006.6733  0.3332 
   00105    0.4840   -6092.8305  0.3203 
   00106    0.4776   -6038.7997  0.3095 
   00107    0.4860   -5992.8459  0.2994 
   00108    0.4908   -6000.7181  0.2953 
   00109    0.4772   -6034.4271  0.2994 
   00110    0.4656   -6040.5855  0.3027 
   00111    0.4896   -6033.9409  0.3026 
   00112    0.5100   -6082.1959  0.3089 
   00113    0.4836   -5984.1675  0.2942 
   00114    0.4764   -5906.0549  0.3121 
   00115    0.4888   -5859.6415  0.3081 
   00116    0.4828   -5857.2137  0.3199 
   00117    0.4996   -5853.3047  0.3174 
   00118    0.4964   -5962.9437  0.3141 
   00119    0.4856   -6030.4847  0.3116 
   00120    0.5008   -6035.6373  0.3285 
   00121    0.4932   -6016.7495  0.3245 
   00122    0.5048   -5947.9894  0.3280 
   00123    0.5076   -6017.9368  0.3342 
   00124    0.4720   -6045.1300  0.3313 
   00125    0.4856   -5985.6846  0.3295 
   00126    0.4860   -5963.8779  0.3355 
   00127    0.4820   -6006.1191  0.3355 
   00128    0.4868   -6089.2995  0.3428 
   00129    0.4668   -6039.0004  0.3598 
   00130    0.4756   -6085.8836  0.3562 
   00131    0.4848   -6116.1444  0.3632 
   00132    0.4696   -6108.6275  0.3600 
   00133    0.4788   -5997.0142  0.3570 
   00134    0.4840   -6037.0610  0.3546 
   00135    0.4868   -6085.5042  0.3532 
   00136    0.4812   -6057.9477  0.3561 
   00137    0.4892   -5932.9934  0.3574 
   00138    0.5008   -5924.5729  0.3399 
   00139    0.4860   -5931.1340  0.3442 
   00140    0.4964   -5867.0922  0.3476 
   00141    0.4908   -5890.9510  0.3409 
   00142    0.4920   -5879.1952  0.3335 
   00143    0.4760   -5850.6768  0.3445 
   00144    0.4664   -5865.3021  0.3464 
   00145    0.4948   -5894.6568  0.3516 
   00146    0.4996   -5973.0258  0.3613 
   00147    0.4796   -6095.1058  0.3693 
   00148    0.4808   -6076.6149  0.3626 
   00149    0.4848   -6030.6480  0.3614 
   00150    0.4952   -5937.3237  0.3593 
   00151    0.4732   -5926.4843  0.3627 
   00152    0.4864   -5879.4214  0.3553 
   00153    0.5060   -5913.9352  0.3547 
   00154    0.4796   -6018.1508  0.3575 
   00155    0.4668   -6117.2652  0.3606 
   00156    0.4916   -6077.6563  0.3584 
   00157    0.4832   -6013.3232  0.3667 
   00158    0.4944   -6020.6460  0.3770 
   00159    0.4792   -6006.1085  0.3748 
   00160    0.4964   -6042.3585  0.3798 
   00161    0.4876   -6020.3013  0.3759 
   00162    0.4752   -5955.4120  0.3674 
   00163    0.4840   -5997.9308  0.3657 
   00164    0.4752   -5996.7470  0.3762 
   00165    0.4780   -5918.7617  0.3777 
   00166    0.4972   -5842.7115  0.3772 
   00167    0.4952   -5912.5229  0.3841 
   00168    0.5140   -5866.1039  0.3762 
   00169    0.5012   -5901.8297  0.3774 
   00170    0.4944   -5874.1861  0.3844 
   00171    0.5112   -5783.4742  0.3717 
   00172    0.5004   -5750.9764  0.3666 
   00173    0.5028   -5804.4376  0.3686 
   00174    0.4880   -5887.4778  0.3725 
   00175    0.5132   -5828.4358  0.3641 
   00176    0.4944   -5921.4094  0.3741 
   00177    0.4748   -5968.2579  0.3769 
   00178    0.4680   -5920.9136  0.3716 
   00179    0.4944   -5913.9107  0.3655 
   00180    0.4908   -5862.6248  0.3581 
   00181    0.4720   -5821.4485  0.3478 
   00182    0.5060   -5865.6594  0.3405 
   00183    0.4992   -5885.8948  0.3290 
   00184    0.5016   -5872.3137  0.3363 
   00185    0.4764   -5851.3266  0.3461 
   00186    0.4812   -5930.8042  0.3515 
   00187    0.4884   -5864.0524  0.3643 
   00188    0.4988   -5924.9878  0.3508 
   00189    0.4952   -5818.4268  0.3541 
   00190    0.5124   -5818.4758  0.3446 
   00191    0.5016   -5842.7526  0.3445 
   00192    0.4980   -5867.5203  0.3384 
   00193    0.4996   -5940.0788  0.3471 
   00194    0.5052   -5878.1898  0.3493 
   00195    0.5084   -5896.6556  0.3466 
   00196    0.4912   -5871.0006  0.3459 
   00197    0.5028   -5904.6830  0.3354 
   00198    0.4872   -6011.6730  0.3256 
   00199    0.5124   -5922.7635  0.3327 
   00200    0.5144   -5919.5715  0.3286 
   00201    0.5004   -5831.5884  0.3189 
   00202    0.4760   -5875.9928  0.3139 
   00203    0.4812   -5867.3480  0.3150 
   00204    0.5152   -5807.7155  0.2985 
   00205    0.4980   -5804.7315  0.2911 
   00206    0.5016   -5941.3629  0.2973 
   00207    0.5016   -5997.5119  0.3109 
   00208    0.4752   -5909.4672  0.3133 
   00209    0.4948   -5932.5006  0.3125 
   00210    0.4972   -6038.4664  0.3092 
   00211    0.4740   -5924.4142  0.3019 
   00212    0.5000   -5995.9739  0.3225 
   00213    0.5016   -5970.6238  0.3151 
   00214    0.4880   -5926.2516  0.3161 
   00215    0.4880   -5911.1256  0.3173 
   00216    0.4832   -5946.2961  0.3133 
   00217    0.4896   -5871.7989  0.3076 
   00218    0.5052   -5896.4178  0.2970 
   00219    0.4964   -5821.5055  0.3078 
   00220    0.5044   -5887.9775  0.3103 
   00221    0.5100   -5894.8641  0.3031 
   00222    0.4784   -5932.3055  0.2880 
   00223    0.4932   -5729.5883  0.2854 
   00224    0.5200   -5789.0741  0.2664 
   00225    0.4928   -5815.7209  0.2704 
   00226    0.4976   -5911.8622  0.2649 
   00227    0.5012   -5882.5154  0.2691 
   00228    0.4908   -5862.9427  0.2682 
   00229    0.4852   -5870.3660  0.2736 
   00230    0.4936   -5781.2322  0.2768 
   00231    0.5060   -5759.9283  0.2729 
   00232    0.5184   -5776.4926  0.2711 
   00233    0.5100   -5818.4255  0.2759 
   00234    0.4924   -5814.5714  0.2874 
   00235    0.4860   -5827.2662  0.3001 
   00236    0.5024   -5936.3998  0.3152 
   00237    0.4912   -5963.4887  0.3213 
   00238    0.4888   -5892.1199  0.3197 
   00239    0.4916   -5867.6176  0.3303 
   00240    0.4784   -5862.9843  0.3171 
   00241    0.4932   -5869.3690  0.3260 
   00242    0.4892   -5800.5355  0.3099 
   00243    0.4808   -5910.3061  0.3334 
   00244    0.4900   -5811.8538  0.3312 
   00245    0.4936   -5852.9130  0.3211 
   00246    0.4852   -5881.0024  0.3248 
   00247    0.5048   -5915.4406  0.3346 
   00248    0.4672   -5930.7245  0.3458 
   00249    0.5000   -5842.8152  0.3405 
   00250    0.4988   -5888.6258  0.3475 
   00251    0.5092   -5826.5677  0.3385 
   00252    0.5020   -5733.9303  0.3287 
   00253    0.4916   -5730.3579  0.3190 
   00254    0.5132   -5723.9620  0.3238 
   00255    0.5068   -5810.8823  0.3112 
   00256    0.4972   -5819.7101  0.3048 
   00257    0.5032   -5842.0856  0.2976 
   00258    0.5012   -5772.9072  0.3102 
   00259    0.4940   -5875.5096  0.3164 
   00260    0.4996   -5927.7380  0.3207 
   00261    0.4732   -5971.1293  0.3161 
   00262    0.4860   -5896.7210  0.3245 
   00263    0.5072   -5990.4165  0.3304 
   00264    0.4976   -5931.8088  0.3158 
   00265    0.4964   -5984.3599  0.3044 
   00266    0.4696   -5997.4163  0.3132 
   00267    0.4884   -5949.5042  0.3007 
   00268    0.4956   -5981.0907  0.3054 
   00269    0.5116   -5933.4769  0.3080 
   00270    0.4888   -6028.7737  0.3142 
   00271    0.4868   -5978.3780  0.3074 
   00272    0.4944   -5925.3810  0.3168 
   00273    0.4876   -5935.9860  0.3226 
   00274    0.4928   -5936.2281  0.3075 
   00275    0.4884   -5879.7396  0.2960 
   00276    0.4872   -5881.6249  0.3021 
   00277    0.4732   -5856.1334  0.3081 
   00278    0.4948   -5909.0376  0.3043 
   00279    0.4880   -5860.3429  0.2961 
   00280    0.5060   -5811.7729  0.2892 
   00281    0.5104   -5845.0504  0.2934 
   00282    0.4996   -5842.4337  0.2946 
   00283    0.4912   -5828.4156  0.2933 
   00284    0.5136   -5907.7088  0.2961 
   00285    0.5016   -5847.7793  0.2835 
   00286    0.5012   -5829.8788  0.2867 
   00287    0.4908   -5890.4239  0.2802 
   00288    0.4904   -5936.5221  0.2704 
   00289    0.4796   -5888.2577  0.2669 
   00290    0.4944   -5915.2908  0.2741 
   00291    0.5020   -5955.2726  0.2702 
   00292    0.4908   -5944.5407  0.2732 
   00293    0.4968   -5908.3761  0.2867 
   00294    0.4844   -5948.0696  0.2743 
   00295    0.5004   -5937.5198  0.2733 
   00296    0.4968   -5948.5644  0.2826 
   00297    0.4932   -5970.6408  0.2888 
   00298    0.5032   -6021.1216  0.2936 
   00299    0.4784   -6163.1260  0.3058 
   00300    0.4964   -6130.9539  0.3177 
   00301    0.4776   -6084.2486  0.3184 
   00302    0.4716   -5998.5710  0.3123 
   00303    0.4844   -6002.9061  0.3172 
   00304    0.4840   -5999.0467  0.3163 
   00305    0.4796   -5900.5989  0.3152 
   00306    0.4924   -5934.2043  0.2975 
   00307    0.4812   -5961.8055  0.3165 
   00308    0.4936   -5881.0379  0.3188 
   00309    0.4956   -5848.0608  0.2985 
   00310    0.4764   -5790.5240  0.3012 
   00311    0.5000   -5756.2445  0.2987 
   00312    0.5044   -5838.1959  0.2971 
   00313    0.5064   -5733.3343  0.3058 
   00314    0.5048   -5758.4801  0.3054 
   00315    0.4972   -5769.4700  0.3126 
   00316    0.5080   -5802.0811  0.3065 
   00317    0.5080   -5810.1344  0.2936 
   00318    0.4940   -5793.9444  0.2911 
   00319    0.5040   -5781.0343  0.2874 
   00320    0.5088   -5797.8240  0.2926 
   00321    0.4980   -5789.6893  0.2980 
   00322    0.5028   -5792.5291  0.3134 
   00323    0.5188   -5770.4901  0.3107 
   00324    0.4972   -5767.1369  0.3056 
   00325    0.5084   -5741.0787  0.2985 
   00326    0.4868   -5799.1559  0.2933 
   00327    0.4892   -5835.4270  0.2802 
   00328    0.5080   -5965.0666  0.2912 
   00329    0.4988   -6002.7846  0.2970 
   00330    0.4900   -6022.6380  0.2934 
   00331    0.4780   -6037.5167  0.2982 
   00332    0.4764   -6084.9191  0.2869 
   00333    0.4776   -6069.3786  0.2810 
   00334    0.5100   -6021.3603  0.2761 
   00335    0.5000   -6006.4010  0.2574 
   00336    0.4676   -5911.1281  0.2519 
   00337    0.4812   -5954.4927  0.2544 
   00338    0.4832   -5974.1690  0.2578 
   00339    0.4788   -6002.0854  0.2647 
   00340    0.4900   -5950.7856  0.2580 
   00341    0.4868   -5977.0569  0.2655 
   00342    0.4808   -5967.0148  0.2619 
   00343    0.5000   -6053.6872  0.2664 
   00344    0.4980   -6119.0135  0.2752 
   00345    0.4660   -5955.6567  0.2774 
   00346    0.4796   -5983.4952  0.2865 
   00347    0.4888   -5916.4041  0.2946 
   00348    0.4708   -5904.9865  0.2971 
   00349    0.5000   -5870.5993  0.2850 
   00350    0.5024   -5892.1524  0.2800 
   00351    0.4940   -5980.4987  0.2876 
   00352    0.4716   -6015.8250  0.2883 
   00353    0.4824   -5958.6442  0.2923 
   00354    0.4816   -5980.4689  0.2924 
   00355    0.4752   -5797.2223  0.3005 
   00356    0.4688   -5895.2906  0.3111 
   00357    0.4816   -5974.5981  0.3110 
   00358    0.4868   -5979.6220  0.3183 
   00359    0.4784   -6030.7128  0.3055 
   00360    0.4788   -5963.6785  0.3019 
   00361    0.4752   -5984.4782  0.3017 
   00362    0.4976   -6066.9587  0.3023 
   00363    0.4972   -5985.6298  0.3025 
   00364    0.4952   -5970.5542  0.3049 
   00365    0.4992   -6033.8584  0.3071 
   00366    0.5028   -6038.1668  0.2955 
   00367    0.4772   -6012.7074  0.2944 
   00368    0.4932   -5954.4066  0.2844 
   00369    0.4908   -5945.0590  0.2969 
   00370    0.5008   -5952.5490  0.3075 
   00371    0.5048   -5850.6500  0.3085 
   00372    0.4936   -5823.9635  0.3022 
   00373    0.5012   -5811.8444  0.2900 
   00374    0.4972   -5786.2576  0.2987 
   00375    0.4940   -5818.1666  0.3091 
   00376    0.4928   -5801.0377  0.3151 
   00377    0.5036   -5839.5207  0.3146 
   00378    0.5056   -5816.4717  0.3041 
   00379    0.5076   -5770.4380  0.3206 
   00380    0.5036   -5764.6952  0.3127 
   00381    0.5176   -5872.0755  0.3080 
   00382    0.5180   -5957.0682  0.2968 
   00383    0.4788   -5986.7520  0.2994 
   00384    0.4872   -5971.1121  0.3022 
   00385    0.4852   -5938.2873  0.2982 
   00386    0.5052   -5915.8184  0.3091 
   00387    0.5104   -5922.2963  0.3117 
   00388    0.4656   -6023.1844  0.3135 
   00389    0.4936   -5875.5120  0.3126 
   00390    0.4832   -5911.0679  0.3075 
   00391    0.4884   -5955.1449  0.3048 
   00392    0.4836   -5909.1203  0.3090 
   00393    0.5036   -5920.1243  0.2901 
   00394    0.4872   -5791.8316  0.2952 
   00395    0.4728   -5897.4440  0.2838 
   00396    0.4940   -5849.3396  0.2949 
   00397    0.4824   -5796.2201  0.2993 
   00398    0.5144   -5853.8438  0.2978 
   00399    0.4928   -5884.2419  0.3015 
   00400    0.5076   -5842.6467  0.3020 
   00401    0.4764   -5975.3073  0.3079 
   00402    0.4736   -6058.8440  0.3085 
   00403    0.4860   -6035.8124  0.3035 
   00404    0.4828   -5948.3406  0.3126 
   00405    0.4872   -5899.9431  0.3141 
   00406    0.4944   -5942.0518  0.3115 
   00407    0.4936   -6051.8935  0.3186 
   00408    0.4788   -5945.6089  0.3182 
   00409    0.4928   -5924.0253  0.3037 
   00410    0.4788   -5931.3331  0.2970 
   00411    0.4852   -5924.3081  0.3048 
   00412    0.4820   -5934.6951  0.3120 
   00413    0.4964   -5943.5475  0.3220 
   00414    0.4804   -5930.7898  0.3209 
   00415    0.5116   -5934.0398  0.3083 
   00416    0.4952   -5927.6820  0.3002 
   00417    0.4824   -5916.3909  0.2993 
   00418    0.5100   -5880.1918  0.3089 
   00419    0.4980   -5795.7062  0.3077 
   00420    0.4792   -5880.2755  0.2982 
   00421    0.4764   -5980.2508  0.2892 
   00422    0.4900   -5959.3179  0.2815 
   00423    0.4992   -6029.9014  0.2826 
   00424    0.4816   -6111.5296  0.2909 
   00425    0.4712   -6101.3302  0.2878 
   00426    0.4732   -6099.8453  0.2859 
   00427    0.4788   -6107.7681  0.3027 
   00428    0.4768   -6040.4930  0.2989 
   00429    0.5028   -6044.3564  0.3023 
   00430    0.4892   -6001.7952  0.3015 
   00431    0.4848   -5985.0298  0.3020 
   00432    0.4896   -5928.1079  0.2964 
   00433    0.4872   -5999.2121  0.3007 
   00434    0.4932   -5990.4599  0.2903 
   00435    0.4884   -5904.7115  0.2861 
   00436    0.4820   -5908.4364  0.2812 
   00437    0.4816   -6017.1946  0.2841 
   00438    0.4732   -5996.4933  0.2936 
   00439    0.4840   -6031.6018  0.2892 
   00440    0.4792   -5948.4072  0.2869 
   00441    0.4904   -6021.3015  0.2830 
   00442    0.4744   -6097.3302  0.2795 
   00443    0.4824   -5968.0291  0.2739 
   00444    0.4968   -6024.0456  0.2822 
   00445    0.4760   -6042.9476  0.2812 
   00446    0.4764   -6100.7965  0.2818 
   00447    0.4768   -6108.4983  0.2854 
   00448    0.4872   -5978.8259  0.2800 
   00449    0.4920   -5924.3491  0.2797 
   00450    0.4856   -6053.3668  0.2811 
   00451    0.4916   -6019.5701  0.2849 
   00452    0.4920   -5991.1904  0.2920 
   00453    0.4904   -5961.6001  0.2923 
   00454    0.4844   -5966.2553  0.2861 
   00455    0.4876   -5955.2646  0.2723 
   00456    0.4916   -5996.6191  0.2762 
   00457    0.4876   -5987.3188  0.2598 
   00458    0.4816   -6106.4370  0.2550 
   00459    0.4788   -6040.3907  0.2583 
   00460    0.4764   -5933.4546  0.2612 
   00461    0.4988   -5903.1122  0.2565 
   00462    0.4972   -6002.6188  0.2573 
   00463    0.4704   -5913.6905  0.2545 
   00464    0.5048   -5929.1401  0.2616 
   00465    0.4944   -5987.2318  0.2587 
   00466    0.4712   -5983.1698  0.2662 
   00467    0.4820   -5906.1960  0.2643 
   00468    0.4852   -5892.2516  0.2667 
   00469    0.4952   -5897.1804  0.2559 
   00470    0.4960   -5871.8624  0.2659 
   00471    0.4868   -5895.3564  0.2816 
   00472    0.4912   -6028.4832  0.2793 
   00473    0.4956   -6095.5836  0.2815 
   00474    0.4900   -6034.0458  0.2756 
   00475    0.4744   -6059.0211  0.2759 
   00476    0.4880   -6048.8811  0.2704 
   00477    0.4812   -6005.7128  0.2719 
   00478    0.4816   -5946.5909  0.2774 
   00479    0.4820   -5987.4920  0.2695 
   00480    0.4992   -5916.0141  0.2812 
   00481    0.4964   -5962.7680  0.2821 
   00482    0.4800   -5998.5896  0.2887 
   00483    0.4852   -6026.7702  0.2908 
   00484    0.4708   -6005.7083  0.2825 
   00485    0.4960   -5953.3031  0.2879 
   00486    0.4724   -5992.5110  0.2871 
   00487    0.4764   -5957.8865  0.2937 
   00488    0.5052   -6012.0683  0.2908 
   00489    0.4892   -5979.7605  0.2929 
   00490    0.5000   -6032.0496  0.2856 
   00491    0.4752   -5941.4802  0.2883 
   00492    0.4996   -5848.8783  0.2768 
   00493    0.4848   -5931.3283  0.2835 
   00494    0.4888   -5956.5739  0.2908 
   00495    0.5144   -5889.4324  0.2877 
   00496    0.4916   -5829.3614  0.2955 
   00497    0.5076   -5777.6720  0.2916 
   00498    0.5040   -5812.1423  0.2919 
   00499    0.5016   -5877.0090  0.3002 
   00500    0.4940   -5805.6961  0.2960 
   00501    0.4940   -5922.7622  0.2994 
   00502    0.4948   -5953.6303  0.3120 
   00503    0.4996   -5956.5309  0.3021 
   00504    0.4884   -5915.6495  0.2963 
   00505    0.4816   -5948.0313  0.2895 
   00506    0.4908   -5973.5766  0.2968 
   00507    0.4704   -6053.3429  0.2932 
   00508    0.4896   -6007.0344  0.2927 
   00509    0.4836   -6111.6166  0.2941 
   00510    0.4780   -6036.0576  0.2946 
   00511    0.4840   -6034.6988  0.2947 
   00512    0.4812   -6003.0951  0.2974 
   00513    0.4648   -6023.7815  0.2981 
   00514    0.4824   -6072.3017  0.2972 
   00515    0.4844   -6114.8251  0.2935 
   00516    0.4612   -6044.5212  0.2874 
   00517    0.4944   -6139.0931  0.2829 
   00518    0.5020   -5967.6460  0.2871 
   00519    0.4900   -5870.5996  0.2873 
   00520    0.5040   -5801.5668  0.2864 
   00521    0.5104   -5810.4039  0.2840 
   00522    0.4908   -5719.2768  0.2852 
   00523    0.4936   -5766.9118  0.2712 
   00524    0.4816   -5858.4756  0.2703 
   00525    0.4852   -5862.3302  0.2814 
   00526    0.5056   -5930.5434  0.2817 
   00527    0.4992   -5774.9580  0.2773 
   00528    0.5108   -5794.7042  0.2846 
   00529    0.5016   -5781.2122  0.2779 
   00530    0.4972   -5842.3562  0.2874 
   00531    0.4880   -5861.1210  0.2762 
   00532    0.4864   -5891.1151  0.2651 
   00533    0.5088   -5907.7720  0.2841 
   00534    0.4872   -5957.7868  0.2937 
   00535    0.5012   -5950.9928  0.2844 
   00536    0.4768   -5967.6115  0.2908 
   00537    0.4688   -5973.1553  0.2922 
   00538    0.4876   -5993.8368  0.2902 
   00539    0.4808   -6002.0278  0.2907 
   00540    0.4944   -5991.1795  0.2897 
   00541    0.4808   -5913.7028  0.2938 
   00542    0.4940   -5989.0702  0.2850 
   00543    0.4740   -5978.1065  0.2803 
   00544    0.4984   -5939.1174  0.2804 
   00545    0.5088   -5845.8362  0.2830 
   00546    0.4796   -5800.0641  0.2794 
   00547    0.5144   -5797.5010  0.2802 
   00548    0.4868   -5833.6563  0.2913 
   00549    0.4920   -5803.0367  0.2902 
   00550    0.5112   -5827.2342  0.3001 
   00551    0.4728   -5838.7624  0.2980 
   00552    0.4964   -5835.4513  0.3186 
   00553    0.4996   -5918.3097  0.2993 
   00554    0.4964   -5849.9638  0.3045 
   00555    0.4740   -5966.5825  0.3032 
   00556    0.4804   -5985.2703  0.3188 
   00557    0.4848   -5945.4982  0.3242 
   00558    0.4876   -5966.7651  0.3038 
   00559    0.4868   -5926.3037  0.3064 
   00560    0.4908   -5907.1357  0.2931 
   00561    0.5008   -5907.7944  0.2912 
   00562    0.4888   -5968.9953  0.2686 
   00563    0.5004   -5970.4457  0.2766 
   00564    0.4648   -5956.0299  0.2751 
   00565    0.4880   -5938.1936  0.2841 
   00566    0.5088   -5900.8764  0.2772 
   00567    0.4908   -5889.0508  0.2877 
   00568    0.4952   -5846.1891  0.2875 
   00569    0.4896   -5882.3079  0.2813 
   00570    0.5132   -5775.8213  0.2891 
   00571    0.5120   -5818.0662  0.3081 
   00572    0.5036   -5788.5325  0.2937 
   00573    0.5024   -5736.7451  0.2964 
   00574    0.5060   -5865.0482  0.3027 
   00575    0.5056   -5858.9864  0.2985 
   00576    0.4848   -5873.2023  0.3073 
   00577    0.5172   -5797.6895  0.3056 
   00578    0.5016   -5769.1819  0.2970 
   00579    0.5144   -5815.1262  0.3126 
   00580    0.5048   -5793.8090  0.3101 
   00581    0.5080   -5821.9774  0.3177 
   00582    0.4964   -5799.0512  0.2984 
   00583    0.5100   -5607.4244  0.2891 
   00584    0.5084   -5597.8520  0.2884 
   00585    0.5032   -5817.0139  0.2941 
   00586    0.5032   -5767.8696  0.2889 
   00587    0.5112   -5700.6261  0.2852 
   00588    0.4908   -5651.6345  0.2779 
   00589    0.5112   -5709.0045  0.2828 
   00590    0.4948   -5754.4940  0.2989 
   00591    0.5016   -5749.7545  0.2925 
   00592    0.5028   -5707.7453  0.2962 
   00593    0.5088   -5666.7309  0.2885 
   00594    0.5048   -5812.4428  0.2879 
   00595    0.5028   -5775.1298  0.2944 
   00596    0.4920   -5805.9351  0.2886 
   00597    0.4892   -5847.4922  0.3026 
   00598    0.4828   -5885.4822  0.2927 
   00599    0.4964   -5770.9118  0.2958 
   00600    0.5072   -5840.2219  0.2891 
   00601    0.5140   -5810.3116  0.2715 
   00602    0.5060   -5891.8537  0.2612 
   00603    0.4928   -5936.8942  0.2592 
   00604    0.4776   -5893.3552  0.2695 
   00605    0.5000   -5818.1407  0.2696 
   00606    0.5092   -5886.1708  0.2749 
   00607    0.5060   -5874.3829  0.2630 
   00608    0.5024   -5726.3322  0.2552 
   00609    0.4976   -5798.3126  0.2603 
   00610    0.4900   -5757.4621  0.2732 
   00611    0.4960   -5819.5414  0.2892 
   00612    0.4928   -5893.3428  0.2886 
   00613    0.4952   -5880.1877  0.3010 
   00614    0.4856   -5940.3617  0.3019 
   00615    0.4832   -5884.1559  0.2889 
   00616    0.5088   -5871.6723  0.2895 
   00617    0.4980   -5807.5610  0.2955 
   00618    0.4880   -5744.5048  0.2898 
   00619    0.4672   -5726.1836  0.3037 
   00620    0.5040   -5850.3098  0.3089 
   00621    0.5028   -5822.1766  0.3252 
   00622    0.5064   -5772.6249  0.3193 
   00623    0.4988   -5775.4981  0.3202 
   00624    0.4972   -5864.2787  0.3240 
   00625    0.4920   -5826.3375  0.3123 
   00626    0.4836   -5814.7769  0.3098 
   00627    0.5008   -5858.2796  0.3185 
   00628    0.4996   -5897.2465  0.3198 
   00629    0.4992   -5921.4926  0.3190 
   00630    0.4912   -5796.9210  0.3231 
   00631    0.4800   -5799.1983  0.3318 
   00632    0.4956   -5876.4087  0.3257 
   00633    0.4808   -5825.3684  0.3305 
   00634    0.5092   -5756.8136  0.3278 
   00635    0.4988   -5838.5622  0.3365 
   00636    0.4972   -5805.3257  0.3356 
   00637    0.4936   -5829.2489  0.3458 
   00638    0.5088   -5815.1945  0.3543 
   00639    0.4980   -5825.5248  0.3423 
   00640    0.5008   -5921.6789  0.3509 
   00641    0.4952   -5999.6483  0.3572 
   00642    0.4884   -5961.4935  0.3453 
   00643    0.4772   -6019.1925  0.3554 
   00644    0.4704   -5968.1287  0.3535 
   00645    0.4896   -5979.6610  0.3574 
   00646    0.4700   -5959.6251  0.3602 
   00647    0.4912   -5888.1791  0.3496 
   00648    0.4904   -5960.5123  0.3518 
   00649    0.4704   -5947.5925  0.3621 
   00650    0.4880   -5994.0004  0.3536 
   00651    0.4896   -6010.2574  0.3453 
   00652    0.4972   -5848.0851  0.3410 
   00653    0.4904   -5918.5665  0.3422 
   00654    0.4876   -5964.8366  0.3288 
   00655    0.4828   -5873.7811  0.3152 
   00656    0.5096   -5850.0030  0.3110 
   00657    0.4948   -5879.4536  0.3138 
   00658    0.5116   -5825.2539  0.3155 
   00659    0.5040   -5873.4005  0.3039 
   00660    0.4888   -5826.9105  0.3038 
   00661    0.4928   -5867.3866  0.2996 
   00662    0.4872   -5874.0727  0.2996 
   00663    0.5008   -5854.5741  0.2838 
   00664    0.4800   -5913.5334  0.2813 
   00665    0.4964   -5991.5697  0.2726 
   00666    0.4952   -5980.1716  0.2798 
   00667    0.4840   -5870.5737  0.2853 
   00668    0.4800   -5934.5189  0.2831 
   00669    0.4812   -5843.3802  0.2661 
   00670    0.4736   -5875.0435  0.2710 
   00671    0.5020   -5953.9786  0.2651 
   00672    0.4924   -5866.9718  0.2695 
   00673    0.4920   -5814.5079  0.2711 
   00674    0.5104   -5753.9435  0.2620 
   00675    0.5132   -5687.4941  0.2569 
   00676    0.5180   -5632.9170  0.2627 
   00677    0.5072   -5717.5243  0.2812 
   00678    0.4980   -5815.8719  0.2685 
   00679    0.5224   -5854.5467  0.2804 
   00680    0.5056   -5935.2714  0.2910 
   00681    0.4868   -5946.6527  0.2921 
   00682    0.5136   -5875.4731  0.2807 
   00683    0.5008   -5845.0309  0.2802 
   00684    0.5172   -5788.7421  0.2788 
   00685    0.5064   -5847.5022  0.2869 
   00686    0.5016   -5847.1066  0.2802 
   00687    0.4792   -5887.1719  0.2742 
   00688    0.4716   -5928.9756  0.2912 
   00689    0.4888   -5899.5629  0.2934 
   00690    0.5032   -5917.6247  0.2907 
   00691    0.5032   -5939.9812  0.2935 
   00692    0.4808   -5931.8653  0.2836 
   00693    0.4980   -5871.3741  0.2990 
   00694    0.4828   -5888.8523  0.3014 
   00695    0.4872   -5974.4349  0.3020 
   00696    0.4912   -5899.6688  0.3188 
   00697    0.5020   -5822.6580  0.3169 
   00698    0.4888   -5771.1931  0.3136 
   00699    0.5076   -5833.1394  0.3129 
   00700    0.5036   -5847.2553  0.3154 
   00701    0.5124   -5864.4819  0.3186 
   00702    0.4876   -5873.0319  0.3170 
   00703    0.4684   -5863.2682  0.3169 
   00704    0.5012   -5793.7594  0.3138 
   00705    0.4904   -5871.2243  0.3221 
   00706    0.4860   -5898.7597  0.3228 
   00707    0.5136   -5852.4445  0.3318 
   00708    0.4996   -5927.2463  0.3301 
   00709    0.4824   -5954.9212  0.3241 
   00710    0.4952   -5847.0445  0.3256 
   00711    0.4984   -5780.2419  0.3154 
   00712    0.5224   -5883.8359  0.3155 
   00713    0.4856   -5889.5727  0.3216 
   00714    0.4876   -5889.1248  0.2968 
   00715    0.5112   -5859.4420  0.2873 
   00716    0.4972   -5825.5517  0.2711 
   00717    0.4928   -5800.9056  0.2760 
   00718    0.5080   -5808.4981  0.2799 
   00719    0.4920   -5847.4957  0.2827 
   00720    0.5012   -5769.4868  0.2730 
   00721    0.4960   -5821.7925  0.2908 
   00722    0.5084   -5791.8344  0.2911 
   00723    0.4856   -5764.4679  0.2890 
   00724    0.4996   -5770.9123  0.2924 
   00725    0.4996   -5738.4909  0.2805 
   00726    0.5240   -5765.9746  0.2889 
   00727    0.5172   -5693.0090  0.3034 
   00728    0.5008   -5642.4490  0.3053 
   00729    0.5072   -5596.8510  0.2962 
   00730    0.4916   -5624.1812  0.2934 
   00731    0.5100   -5637.6117  0.2996 
   00732    0.4980   -5827.0091  0.2999 
   00733    0.5092   -5843.9674  0.2888 
   00734    0.4824   -5901.7042  0.2937 
   00735    0.4880   -5873.7433  0.3089 
   00736    0.5048   -5970.4430  0.3099 
   00737    0.4976   -5999.0537  0.3132 
   00738    0.4936   -5994.5108  0.3160 
   00739    0.4844   -5977.6927  0.3176 
   00740    0.5048   -6022.9039  0.3170 
   00741    0.4644   -6089.0082  0.3173 
   00742    0.4752   -6072.3532  0.3110 
   00743    0.4744   -6026.2110  0.3113 
   00744    0.5064   -5994.6773  0.3257 
   00745    0.4864   -5961.0411  0.3218 
   00746    0.4952   -5939.9657  0.3402 
   00747    0.4860   -5992.8944  0.3319 
   00748    0.4992   -5871.7176  0.3173 
   00749    0.4888   -5977.2876  0.3135 
   00750    0.4980   -5929.3186  0.2978 
   00751    0.4920   -5884.6681  0.2956 
   00752    0.5028   -5877.5817  0.2809 
   00753    0.4916   -5925.2006  0.2901 
   00754    0.5024   -5960.0963  0.2874 
   00755    0.4952   -5906.3135  0.2891 
   00756    0.5012   -5940.9955  0.2866 
   00757    0.4836   -5977.5587  0.3015 
   00758    0.5024   -5958.7398  0.2924 
   00759    0.4980   -5967.8678  0.2782 
   00760    0.4920   -5950.2410  0.2903 
   00761    0.4824   -6002.6936  0.2904 
   00762    0.5012   -5993.8585  0.2867 
   00763    0.4600   -5987.8182  0.2950 
   00764    0.4856   -6005.0957  0.2966 
   00765    0.4972   -5937.2477  0.2877 
   00766    0.5008   -5990.2735  0.2865 
   00767    0.4820   -6025.3733  0.2965 
   00768    0.4840   -6069.4768  0.3073 
   00769    0.4888   -6039.9348  0.3067 
   00770    0.4780   -6038.7091  0.3158 
   00771    0.4716   -6002.0321  0.3100 
   00772    0.4872   -6016.7671  0.3149 
   00773    0.4772   -5999.7162  0.3148 
   00774    0.4960   -5906.8291  0.3075 
   00775    0.5024   -5894.6149  0.2979 
   00776    0.4996   -5978.6053  0.3077 
   00777    0.4920   -5898.2009  0.3129 
   00778    0.4924   -5888.7254  0.3263 
   00779    0.5044   -5930.7155  0.3260 
   00780    0.5004   -5886.9478  0.3106 
   00781    0.5184   -5909.3601  0.3102 
   00782    0.5016   -5859.5775  0.3048 
   00783    0.5104   -5825.7577  0.3036 
   00784    0.4980   -5875.0713  0.3221 
   00785    0.4988   -5804.4659  0.3176 
   00786    0.5044   -5863.7356  0.3227 
   00787    0.5040   -5834.0838  0.3227 
   00788    0.5036   -5859.3464  0.3263 
   00789    0.5012   -5840.1269  0.3177 
   00790    0.4980   -5988.4442  0.3135 
   00791    0.4708   -5970.3342  0.3070 
   00792    0.5000   -5888.8803  0.2917 
   00793    0.5136   -5900.7731  0.2866 
   00794    0.5012   -5845.0363  0.2920 
   00795    0.4964   -5983.9882  0.2904 
   00796    0.4988   -5986.3607  0.2778 
   00797    0.4940   -5919.8779  0.2680 
   00798    0.5044   -5800.0566  0.2799 
   00799    0.4924   -5789.4077  0.2719 
   00800    0.5108   -5743.2764  0.2725 
   00801    0.5036   -5833.9503  0.2671 
   00802    0.4896   -5814.0828  0.2739 
   00803    0.5052   -5898.4464  0.2870 
   00804    0.4832   -5864.5757  0.2795 
   00805    0.4940   -5891.2413  0.2843 
   00806    0.4932   -5910.7790  0.2782 
   00807    0.4980   -5873.3628  0.2920 
   00808    0.4856   -5886.7142  0.2905 
   00809    0.4876   -6015.5601  0.3001 
   00810    0.4952   -5968.4409  0.3064 
   00811    0.5068   -5894.4713  0.3008 
   00812    0.4952   -5991.2351  0.2972 
   00813    0.4580   -5953.3516  0.2971 
   00814    0.4812   -5876.4174  0.3154 
   00815    0.5072   -5891.2357  0.3181 
   00816    0.4720   -5912.1005  0.3229 
   00817    0.5184   -5859.8933  0.3268 
   00818    0.5000   -5906.7042  0.3255 
   00819    0.4960   -5802.7617  0.3385 
   00820    0.5080   -5934.4569  0.3330 
   00821    0.5180   -5959.7045  0.3401 
   00822    0.4992   -5956.8411  0.3387 
   00823    0.4916   -6047.3626  0.3513 
   00824    0.4920   -6019.5520  0.3463 
   00825    0.4804   -6034.3967  0.3452 
   00826    0.4744   -6012.2398  0.3435 
   00827    0.4976   -5940.7603  0.3360 
   00828    0.4920   -5951.0862  0.3279 
   00829    0.5128   -5928.4349  0.3297 
   00830    0.4972   -5875.9665  0.3323 
   00831    0.4920   -5883.2409  0.3141 
   00832    0.5112   -5991.3464  0.3192 
   00833    0.4936   -5993.2878  0.3096 
   00834    0.4892   -5931.7835  0.3155 
   00835    0.4780   -5945.8618  0.3136 
   00836    0.4840   -5935.8744  0.3224 
   00837    0.4860   -5969.4137  0.3093 
   00838    0.4988   -5938.2216  0.3038 
   00839    0.5104   -5919.4545  0.2943 
   00840    0.4832   -5834.4708  0.3065 
   00841    0.5108   -5810.9004  0.3100 
   00842    0.4912   -5835.9967  0.3106 
   00843    0.5048   -5864.2627  0.3124 
   00844    0.4844   -5973.9905  0.3079 
   00845    0.4912   -5982.6219  0.3120 
   00846    0.4760   -5984.7763  0.3000 
   00847    0.4796   -5961.5702  0.2962 
   00848    0.4860   -6084.6938  0.2910 
   00849    0.4944   -6088.2875  0.2824 
   00850    0.4848   -6054.7331  0.2699 
   00851    0.4756   -5974.8589  0.2683 
   00852    0.4868   -5948.4856  0.2756 
   00853    0.4828   -5971.7455  0.2645 
   00854    0.4880   -6013.5497  0.2701 
   00855    0.4960   -5837.8149  0.2557 
   00856    0.4900   -5995.7198  0.2555 
   00857    0.4868   -5910.1468  0.2592 
   00858    0.4860   -5999.8318  0.2629 
   00859    0.4884   -5954.9021  0.2690 
   00860    0.4884   -5946.2395  0.2662 
   00861    0.4752   -5956.5173  0.2643 
   00862    0.4928   -6053.5032  0.2679 
   00863    0.4652   -6047.0593  0.2656 
   00864    0.4768   -6153.2778  0.2639 
   00865    0.4640   -6062.5407  0.2658 
   00866    0.4964   -6016.7703  0.2612 
   00867    0.4944   -6055.4309  0.2716 
   00868    0.4848   -6051.1839  0.2766 
   00869    0.4736   -6049.4160  0.2718 
   00870    0.4892   -6034.6249  0.2721 
   00871    0.4804   -6003.4174  0.2517 
   00872    0.4872   -6013.2706  0.2659 
   00873    0.4944   -5877.6236  0.2619 
   00874    0.4972   -5817.9781  0.2581 
   00875    0.4964   -5834.2075  0.2597 
   00876    0.4952   -5964.2597  0.2648 
   00877    0.4764   -6062.3264  0.2672 
   00878    0.4784   -5987.3973  0.2772 
   00879    0.4764   -6034.4756  0.2630 
   00880    0.4756   -6018.8239  0.2626 
   00881    0.4724   -6000.2758  0.2546 
   00882    0.4888   -6051.5256  0.2626 
   00883    0.4724   -6072.7347  0.2856 
   00884    0.4824   -6000.6507  0.2860 
   00885    0.4692   -6012.2479  0.2867 
   00886    0.4868   -6015.5172  0.2924 
   00887    0.4932   -6040.1938  0.2910 
   00888    0.4968   -6127.4347  0.2888 
   00889    0.4816   -6043.1057  0.2894 
   00890    0.4848   -5969.9674  0.2956 
   00891    0.5008   -5911.9340  0.2902 
   00892    0.4832   -5936.9105  0.2919 
   00893    0.4976   -5839.1833  0.2812 
   00894    0.5096   -5790.0511  0.2841 
   00895    0.4952   -5760.7544  0.2802 
   00896    0.4964   -5790.2750  0.2880 
   00897    0.5148   -5822.3334  0.2924 
   00898    0.4876   -5870.6272  0.2753 
   00899    0.5140   -5821.8646  0.2770 
   00900    0.5056   -5896.2767  0.2717 
   00901    0.5044   -5948.5630  0.2757 
   00902    0.4844   -5946.4467  0.2749 
   00903    0.4944   -5989.2673  0.2839 
   00904    0.4608   -6012.2957  0.2800 
   00905    0.5044   -5998.9837  0.2690 
   00906    0.4676   -6158.8366  0.2657 
   00907    0.4808   -6052.0124  0.2769 
   00908    0.4956   -6026.5693  0.2755 
   00909    0.4884   -5898.0144  0.2686 
   00910    0.5060   -5852.3545  0.2681 
   00911    0.5056   -5846.3366  0.2542 
   00912    0.4844   -5868.8434  0.2573 
   00913    0.5028   -5885.0415  0.2577 
   00914    0.4904   -5919.0933  0.2559 
   00915    0.5112   -5957.2035  0.2620 
   00916    0.4836   -5993.7216  0.2637 
   00917    0.4824   -6039.0395  0.2664 
   00918    0.4816   -6044.1475  0.2675 
   00919    0.4648   -6021.0088  0.2689 
   00920    0.4620   -6046.5352  0.2684 
   00921    0.5028   -6021.4273  0.2679 
   00922    0.4908   -6069.8162  0.2740 
   00923    0.4688   -5894.3460  0.2870 
   00924    0.4888   -5909.6885  0.3016 
   00925    0.4972   -5860.3382  0.2945 
   00926    0.4972   -5851.0050  0.3140 
   00927    0.4896   -5822.5697  0.3138 
   00928    0.4900   -5835.3046  0.2911 
   00929    0.4964   -5780.0116  0.2869 
   00930    0.5008   -5798.9191  0.2860 
   00931    0.4888   -5817.5706  0.2912 
   00932    0.4848   -5828.7645  0.2917 
   00933    0.4848   -5856.9870  0.2850 
   00934    0.5024   -5841.4874  0.2886 
   00935    0.4932   -5833.8483  0.2885 
   00936    0.4804   -5799.6837  0.2879 
   00937    0.4816   -5824.9146  0.2847 
   00938    0.5012   -5780.9255  0.2764 
   00939    0.5008   -5842.5775  0.2802 
   00940    0.4828   -5890.6299  0.2917 
   00941    0.4872   -5913.9912  0.2723 
   00942    0.4852   -5839.5858  0.2706 
   00943    0.4912   -5928.2137  0.2852 
   00944    0.4924   -5864.1658  0.2956 
   00945    0.4968   -5862.2364  0.3005 
   00946    0.4796   -5775.9115  0.2915 
   00947    0.4956   -5882.0523  0.2710 
   00948    0.4732   -5766.4185  0.2696 
   00949    0.5008   -5775.7966  0.2813 
   00950    0.4900   -5802.2680  0.2789 
   00951    0.4888   -5744.5779  0.2850 
   00952    0.5104   -5785.7554  0.2850 
   00953    0.5132   -5847.7124  0.2844 
   00954    0.5028   -5869.9990  0.2878 
   00955    0.4948   -5841.3275  0.2989 
   00956    0.4936   -5916.6542  0.2911 
   00957    0.4968   -5810.7958  0.2785 
   00958    0.5116   -5819.8235  0.2795 
   00959    0.5084   -5830.0872  0.2792 
   00960    0.5188   -5823.9056  0.2743 
   00961    0.4848   -5866.4730  0.2653 
   00962    0.4920   -5851.6063  0.2667 
   00963    0.4944   -5843.7631  0.2746 
   00964    0.4968   -5992.1151  0.2706 
   00965    0.5068   -5988.6210  0.2711 
   00966    0.4848   -5962.4530  0.2796 
   00967    0.4844   -5965.1322  0.2891 
   00968    0.4760   -5975.5827  0.2877 
   00969    0.4712   -5966.6589  0.2965 
   00970    0.4920   -5959.9522  0.2908 
   00971    0.4740   -6011.0129  0.2877 
   00972    0.4920   -5985.1039  0.2916 
   00973    0.4924   -5961.7285  0.2887 
   00974    0.4996   -5913.1186  0.2943 
   00975    0.4904   -5898.9254  0.2906 
   00976    0.5032   -5895.8346  0.2755 
   00977    0.4776   -6089.6531  0.2694 
   00978    0.5028   -5898.3682  0.2600 
   00979    0.4968   -5828.2468  0.2643 
   00980    0.4992   -5719.0635  0.2740 
   00981    0.5124   -5730.9076  0.2914 
   00982    0.4904   -5810.6603  0.2952 
   00983    0.5104   -5745.4283  0.2915 
   00984    0.4916   -5706.5857  0.2980 
   00985    0.5020   -5784.7027  0.3122 
   00986    0.5108   -5814.4427  0.3072 
   00987    0.4832   -5912.1200  0.3124 
   00988    0.4924   -5887.8232  0.3162 
   00989    0.4832   -5954.3903  0.3264 
   00990    0.5028   -5970.5676  0.3160 
   00991    0.4648   -6014.0259  0.3297 
   00992    0.4748   -6054.7475  0.3284 
   00993    0.4944   -5979.3743  0.3326 
   00994    0.4952   -5991.1121  0.3327 
   00995    0.4748   -5990.6106  0.3309 
   00996    0.4764   -5910.5119  0.3278 
   00997    0.4872   -5961.3862  0.3308 
   00998    0.4840   -5959.7737  0.3386 
   00999    0.4932   -5984.2165  0.3394 
   01000    0.4700   -6016.3670  0.3397 
