#=====================================================
# File created:        Tue-12-Mar-2024-at-11-38-21AM
# Size of lattice:     50x50
# Number of MC steps:  900
# Reduced temperature: 1.000
# Run time (s):        33.376343
#=====================================================
# MC step:  Ratio:     Energy:   Order:
#=====================================================
   00000    0.5000   -2531.0887  0.2519 
   00001    0.6964   -3737.9487  0.2519 
   00002    0.6356   -4379.6188  0.2511 
   00003    0.5920   -4832.7251  0.2522 
   00004    0.5580   -5153.1618  0.2580 
   00005    0.5464   -5310.2750  0.2596 
   00006    0.5552   -5312.7554  0.2622 
   00007    0.5332   -5440.7464  0.2603 
   00008    0.5184   -5557.8843  0.2587 
   00009    0.5116   -5603.1326  0.2578 
   00010    0.5016   -5659.1603  0.2562 
   00011    0.5332   -5655.2724  0.2583 
   00012    0.5164   -5765.2264  0.2574 
   00013    0.5024   -5831.0713  0.2557 
   00014    0.5048   -5783.9730  0.2587 
   00015    0.4832   -5881.7460  0.2588 
   00016    0.4944   -5841.1395  0.2611 
   00017    0.5132   -5822.3650  0.2644 
   00018    0.5080   -5752.3528  0.2635 
   00019    0.5056   -5756.7350  0.2649 
   00020    0.4924   -5722.1724  0.2646 
   00021    0.5100   -5728.5423  0.2655 
   00022    0.5016   -5747.3288  0.2679 
   00023    0.5012   -5810.5815  0.2672 
   00024    0.5056   -5907.1423  0.2701 
   00025    0.4892   -5879.4672  0.2710 
   00026    0.4852   -5937.3406  0.2719 
   00027    0.4928   -5918.0340  0.2723 
   00028    0.4776   -5859.8412  0.2698 
   00029    0.4916   -5821.9305  0.2714 
   00030    0.4944   -5817.9510  0.2694 
   00031    0.4840   -5817.0113  0.2665 
   00032    0.4976   -5907.8008  0.2662 
   00033    0.4936   -6018.8703  0.2694 
   00034    0.4876   -5898.5407  0.2661 
   00035    0.5004   -5958.7150  0.2718 
   00036    0.4880   -6025.9905  0.2742 
   00037    0.4892   -5960.7747  0.2713 
   00038    0.5044   -5914.1650  0.2724 
   00039    0.4932   -5893.5413  0.2719 
   00040    0.5072   -5875.6269  0.2662 
   00041    0.5132   -5841.7580  0.2724 
   00042    0.5036   -5887.3771  0.2740 
   00043    0.4948   -5983.9469  0.2780 
   00044    0.4908   -5974.1991  0.2775 
   00045    0.4880   -6120.5764  0.2793 
   00046    0.4704   -6134.2763  0.2780 
   00047    0.4808   -5999.0951  0.2741 
   00048    0.4684   -5891.0833  0.2699 
   00049    0.4856   -5932.7757  0.2719 
   00050    0.4924   -5837.4806  0.2719 
   00051    0.5024   -5866.8155  0.2729 
   00052    0.4796   -5909.8505  0.2753 
   00053    0.4804   -5892.2892  0.2788 
   00054    0.4896   -6016.0105  0.2783 
   00055    0.4824   -5958.6705  0.2780 
   00056    0.4820   -5978.8600  0.2759 
   00057    0.4960   -5910.7520  0.2745 
   00058    0.4800   -5898.2584  0.2704 
   00059    0.5032   -5887.3882  0.2696 
   00060    0.5104   -5806.3252  0.2693 
   00061    0.5064   -5898.1474  0.2699 
   00062    0.4928   -6010.7136  0.2705 
   00063    0.4948   -5995.1266  0.2710 
   00064    0.4884   -6008.7005  0.2725 
   00065    0.4908   -5955.0522  0.2750 
   00066    0.4976   -6002.7362  0.2715 
   00067    0.4772   -5989.2202  0.2693 
   00068    0.5080   -5914.3816  0.2671 
   00069    0.5112   -5936.1177  0.2648 
   00070    0.4796   -5797.6767  0.2598 
   00071    0.4876   -5759.5728  0.2583 
   00072    0.4964   -5808.4109  0.2590 
   00073    0.5044   -5818.0613  0.2592 
   00074    0.4848   -5828.6623  0.2582 
   00075    0.4968   -5942.8396  0.2602 
   00076    0.4928   -5931.2941  0.2606 
   00077    0.4840   -5977.9895  0.2641 
   00078    0.5152   -5997.9514  0.2637 
   00079    0.4872   -5989.8471  0.2679 
   00080    0.4904   -5979.6168  0.2685 
   00081    0.4896   -5942.6948  0.2693 
   00082    0.4992   -6057.5574  0.2651 
   00083    0.4896   -5939.8036  0.2644 
   00084    0.4908   -5865.3164  0.2628 
   00085    0.4888   -5981.7993  0.2608 
   00086    0.4720   -6005.9559  0.2610 
   00087    0.4920   -5897.3561  0.2572 
   00088    0.5004   -5929.1467  0.2576 
   00089    0.4916   -5921.6652  0.2589 
   00090    0.4876   -5908.5900  0.2593 
   00091    0.4996   -5852.8431  0.2642 
   00092    0.5040   -5925.7030  0.2664 
   00093    0.5040   -5883.7818  0.2679 
   00094    0.4896   -5839.5360  0.2706 
   00095    0.5068   -5856.4667  0.2696 
   00096    0.4888   -5949.0328  0.2693 
   00097    0.4896   -5983.6121  0.2686 
   00098    0.4752   -6106.3044  0.2684 
   00099    0.4788   -6039.1244  0.2676 
   00100    0.4948   -6046.9422  0.2642 
   00101    0.5020   -6049.0216  0.2649 
   00102    0.4932   -6085.6504  0.2673 
   00103    0.4800   -6090.7010  0.2654 
   00104    0.4904   -6023.9812  0.2622 
   00105    0.4928   -5989.9864  0.2622 
   00106    0.4788   -6036.1992  0.2615 
   00107    0.4816   -6019.1846  0.2605 
   00108    0.4948   -5958.7418  0.2602 
   00109    0.4764   -5933.4668  0.2633 
   00110    0.5248   -5877.4852  0.2640 
   00111    0.4928   -5902.1251  0.2654 
   00112    0.4896   -5740.9930  0.2622 
   00113    0.5032   -5763.9660  0.2567 
   00114    0.4936   -5815.0920  0.2566 
   00115    0.4976   -5909.4221  0.2606 
   00116    0.4708   -5849.5357  0.2617 
   00117    0.5016   -5780.7656  0.2625 
   00118    0.5108   -5767.3105  0.2653 
   00119    0.5160   -5814.8114  0.2671 
   00120    0.5076   -5755.6102  0.2664 
   00121    0.5100   -5740.0985  0.2672 
   00122    0.4924   -5812.8061  0.2674 
   00123    0.4908   -5825.1406  0.2680 
   00124    0.5016   -5785.6591  0.2682 
   00125    0.5028   -5815.5086  0.2642 
   00126    0.4952   -5838.2643  0.2637 
   00127    0.4908   -5762.7037  0.2606 
   00128    0.4912   -5768.6113  0.2634 
   00129    0.5104   -5791.7436  0.2639 
   00130    0.5296   -5722.0715  0.2647 
   00131    0.4988   -5771.0499  0.2685 
   00132    0.4996   -5810.8838  0.2690 
   00133    0.4952   -5808.9388  0.2660 
   00134    0.4960   -5821.3502  0.2691 
   00135    0.4948   -5845.0173  0.2691 
   00136    0.5160   -5863.0161  0.2679 
   00137    0.5036   -5933.2590  0.2692 
   00138    0.4924   -5991.5412  0.2706 
   00139    0.5092   -5879.5524  0.2700 
   00140    0.5112   -5840.7544  0.2664 
   00141    0.4864   -5883.6242  0.2643 
   00142    0.4868   -5887.5361  0.2651 
   00143    0.5244   -5784.7732  0.2646 
   00144    0.5000   -5834.5891  0.2663 
   00145    0.4972   -5837.8213  0.2646 
   00146    0.5044   -5830.6649  0.2653 
   00147    0.5140   -5750.2073  0.2670 
   00148    0.4904   -5778.2504  0.2661 
   00149    0.4996   -5841.9393  0.2648 
   00150    0.5088   -5814.6104  0.2662 
   00151    0.5004   -5820.5069  0.2647 
   00152    0.5000   -5803.2356  0.2678 
   00153    0.5052   -5882.5955  0.2690 
   00154    0.4800   -5972.0710  0.2753 
   00155    0.4828   -5967.0371  0.2760 
   00156    0.4968   -5896.6475  0.2785 
   00157    0.4848   -5903.8546  0.2759 
   00158    0.4968   -5968.7384  0.2771 
   00159    0.4804   -5952.8938  0.2761 
   00160    0.4956   -5830.8587  0.2736 
   00161    0.5084   -5875.5353  0.2731 
   00162    0.4764   -5869.1373  0.2729 
   00163    0.4912   -5923.3466  0.2729 
   00164    0.4944   -5963.9897  0.2738 
   00165    0.4924   -6015.1255  0.2698 
   00166    0.4716   -6096.2174  0.2668 
   00167    0.4792   -6050.4343  0.2696 
   00168    0.4828   -6102.0610  0.2675 
   00169    0.4768   -6086.7666  0.2690 
   00170    0.4668   -6033.3604  0.2719 
   00171    0.4868   -6038.3958  0.2695 
   00172    0.4524   -5960.8616  0.2703 
   00173    0.4844   -6013.0789  0.2693 
   00174    0.4720   -5973.5935  0.2707 
   00175    0.4972   -5915.8890  0.2696 
   00176    0.4876   -5903.1402  0.2732 
   00177    0.4860   -5868.7527  0.2757 
   00178    0.4872   -5820.5993  0.2737 
   00179    0.4912   -5875.4614  0.2756 
   00180    0.4904   -5877.3995  0.2772 
   00181    0.4788   -5893.8178  0.2800 
   00182    0.4844   -5931.1067  0.2762 
   00183    0.4856   -5926.4640  0.2781 
   00184    0.4920   -5893.4216  0.2747 
   00185    0.4804   -6006.1277  0.2757 
   00186    0.4912   -5908.4282  0.2737 
   00187    0.5208   -5967.7037  0.2748 
   00188    0.4904   -5944.1354  0.2781 
   00189    0.4884   -5996.5488  0.2823 
   00190    0.4948   -6057.5065  0.2791 
   00191    0.4908   -5939.9638  0.2729 
   00192    0.4856   -5905.3459  0.2723 
   00193    0.5064   -5934.3516  0.2754 
   00194    0.4896   -5901.2304  0.2783 
   00195    0.4948   -5957.2072  0.2721 
   00196    0.4728   -5848.9111  0.2681 
   00197    0.4928   -5783.4560  0.2693 
   00198    0.4960   -5797.1159  0.2697 
   00199    0.5012   -5908.5509  0.2707 
   00200    0.5052   -5996.3162  0.2679 
   00201    0.4924   -6038.9788  0.2672 
   00202    0.4904   -6003.8254  0.2674 
   00203    0.4668   -6005.3775  0.2631 
   00204    0.5012   -5999.4681  0.2593 
   00205    0.5032   -5973.5507  0.2607 
   00206    0.4692   -5976.0943  0.2591 
   00207    0.4848   -5957.9889  0.2592 
   00208    0.4832   -6038.1509  0.2582 
   00209    0.4792   -5970.9622  0.2569 
   00210    0.4840   -5920.3429  0.2576 
   00211    0.4976   -5964.3099  0.2572 
   00212    0.4924   -6047.9367  0.2567 
   00213    0.4816   -5988.9766  0.2537 
   00214    0.4872   -6004.1900  0.2525 
   00215    0.4864   -6050.9204  0.2524 
   00216    0.4848   -6016.7844  0.2530 
   00217    0.4860   -5983.9696  0.2574 
   00218    0.4920   -5968.0614  0.2544 
   00219    0.4772   -6019.3176  0.2533 
   00220    0.4788   -5984.1960  0.2553 
   00221    0.4708   -5940.8885  0.2608 
   00222    0.4832   -5983.3491  0.2530 
   00223    0.4760   -5927.0218  0.2523 
   00224    0.4920   -6049.5904  0.2548 
   00225    0.4772   -6034.9314  0.2575 
   00226    0.4848   -5978.6299  0.2564 
   00227    0.4924   -5905.4864  0.2587 
   00228    0.4832   -5898.4774  0.2543 
   00229    0.4784   -5907.9419  0.2551 
   00230    0.5076   -5910.2966  0.2528 
   00231    0.4800   -5885.1305  0.2594 
   00232    0.4888   -5898.5143  0.2629 
   00233    0.5080   -5846.5962  0.2610 
   00234    0.4948   -5828.4400  0.2617 
   00235    0.4992   -5892.0340  0.2614 
   00236    0.4908   -5938.4936  0.2630 
   00237    0.5012   -5911.6300  0.2625 
   00238    0.4824   -5873.9135  0.2637 
   00239    0.4880   -5846.3083  0.2580 
   00240    0.4884   -5853.6887  0.2593 
   00241    0.4920   -5878.5849  0.2582 
   00242    0.4960   -5947.0514  0.2563 
   00243    0.4800   -5974.9628  0.2543 
   00244    0.4764   -5969.2697  0.2573 
   00245    0.4704   -5900.3786  0.2551 
   00246    0.4820   -5964.6206  0.2544 
   00247    0.4828   -6071.8938  0.2546 
   00248    0.4852   -6024.4906  0.2555 
   00249    0.4868   -5996.0810  0.2564 
   00250    0.4728   -5869.7289  0.2549 
   00251    0.4896   -5929.9656  0.2610 
   00252    0.4868   -5895.5060  0.2619 
   00253    0.4884   -5923.9801  0.2616 
   00254    0.4780   -5998.0147  0.2642 
   00255    0.4968   -5977.6461  0.2650 
   00256    0.4940   -6019.9544  0.2638 
   00257    0.4856   -5878.2787  0.2624 
   00258    0.4884   -5983.4836  0.2648 
   00259    0.4836   -5994.3101  0.2645 
   00260    0.4860   -5954.5039  0.2608 
   00261    0.4816   -6026.1784  0.2595 
   00262    0.4912   -6061.0828  0.2592 
   00263    0.4864   -6078.9796  0.2610 
   00264    0.4736   -6049.7474  0.2612 
   00265    0.4800   -5960.9942  0.2587 
   00266    0.4808   -5955.4423  0.2563 
   00267    0.4804   -5914.5611  0.2575 
   00268    0.4748   -5871.0927  0.2636 
   00269    0.4792   -5974.3246  0.2681 
   00270    0.4844   -6001.6459  0.2650 
   00271    0.4880   -6021.3355  0.2661 
   00272    0.4924   -5992.2161  0.2678 
   00273    0.4848   -5891.4866  0.2671 
   00274    0.4772   -5952.2053  0.2711 
   00275    0.4764   -5998.4486  0.2704 
   00276    0.5012   -5955.3234  0.2702 
   00277    0.5156   -5865.9049  0.2696 
   00278    0.5048   -5848.8988  0.2710 
   00279    0.5092   -5792.1900  0.2721 
   00280    0.5140   -5778.0508  0.2737 
   00281    0.4980   -5856.4874  0.2706 
   00282    0.4920   -5900.6957  0.2673 
   00283    0.5048   -5910.3517  0.2708 
   00284    0.4888   -5893.2346  0.2678 
   00285    0.4984   -5785.0546  0.2666 
   00286    0.4936   -5725.4590  0.2625 
   00287    0.5076   -5778.0827  0.2617 
   00288    0.5148   -5806.8419  0.2629 
   00289    0.5092   -5781.0848  0.2607 
   00290    0.4884   -5834.8114  0.2575 
   00291    0.4968   -5817.6386  0.2615 
   00292    0.4744   -5876.3169  0.2592 
   00293    0.5076   -5887.7407  0.2589 
   00294    0.4932   -5910.0079  0.2568 
   00295    0.4700   -5896.7779  0.2589 
   00296    0.5004   -5987.8277  0.2578 
   00297    0.4972   -5916.9272  0.2554 
   00298    0.4760   -5886.0375  0.2556 
   00299    0.4968   -5825.1865  0.2555 
   00300    0.4872   -5907.2525  0.2593 
   00301    0.4944   -6038.6965  0.2587 
   00302    0.4828   -5979.8784  0.2592 
   00303    0.4888   -5872.1671  0.2567 
   00304    0.5020   -5825.7748  0.2538 
   00305    0.5136   -5900.8625  0.2546 
   00306    0.4948   -6038.6916  0.2564 
   00307    0.5020   -5881.6964  0.2527 
   00308    0.4844   -5922.1995  0.2524 
   00309    0.4744   -5928.9683  0.2544 
   00310    0.4940   -5882.6491  0.2593 
   00311    0.5048   -5806.0592  0.2646 
   00312    0.4932   -5823.8742  0.2646 
   00313    0.4996   -5918.2332  0.2615 
   00314    0.4892   -5881.0740  0.2625 
   00315    0.4748   -5828.8913  0.2640 
   00316    0.5012   -5939.0238  0.2620 
   00317    0.4904   -5959.4646  0.2612 
   00318    0.4888   -5988.6258  0.2660 
   00319    0.4952   -5813.3361  0.2647 
   00320    0.4924   -5923.4278  0.2652 
   00321    0.4828   -5942.0919  0.2636 
   00322    0.4884   -5927.3817  0.2621 
   00323    0.4788   -5961.6563  0.2634 
   00324    0.4824   -5966.7221  0.2671 
   00325    0.5076   -5919.1893  0.2618 
   00326    0.4936   -5907.5951  0.2655 
   00327    0.4968   -5846.9041  0.2642 
   00328    0.5000   -5936.7322  0.2634 
   00329    0.4732   -5991.6186  0.2628 
   00330    0.4912   -6012.1574  0.2660 
   00331    0.4844   -5973.4531  0.2647 
   00332    0.4948   -5923.8747  0.2654 
   00333    0.4940   -5955.0225  0.2701 
   00334    0.4992   -6051.4315  0.2663 
   00335    0.4940   -6011.3283  0.2661 
   00336    0.4868   -5925.1049  0.2636 
   00337    0.4852   -5864.0957  0.2637 
   00338    0.5120   -5768.9623  0.2663 
   00339    0.4928   -5747.9763  0.2647 
   00340    0.5080   -5875.8064  0.2674 
   00341    0.4972   -5819.8758  0.2653 
   00342    0.5020   -5790.4738  0.2607 
   00343    0.5048   -5804.7170  0.2627 
   00344    0.5080   -5838.2816  0.2630 
   00345    0.5068   -5880.9306  0.2630 
   00346    0.5016   -5883.3461  0.2654 
   00347    0.5028   -5833.9272  0.2702 
   00348    0.5056   -5822.6709  0.2669 
   00349    0.5040   -5849.4354  0.2654 
   00350    0.4968   -5882.1267  0.2707 
   00351    0.5128   -5805.6921  0.2695 
   00352    0.5024   -5834.9958  0.2707 
   00353    0.5160   -5799.9440  0.2710 
   00354    0.5068   -5776.8245  0.2685 
   00355    0.5092   -5844.6104  0.2675 
   00356    0.4988   -5917.4588  0.2696 
   00357    0.4856   -5973.7959  0.2704 
   00358    0.4932   -5925.7929  0.2652 
   00359    0.4952   -5926.8484  0.2637 
   00360    0.5172   -5908.3266  0.2600 
   00361    0.4860   -5927.8486  0.2629 
   00362    0.4924   -5875.7102  0.2631 
   00363    0.5008   -5861.5449  0.2601 
   00364    0.4716   -5893.3999  0.2669 
   00365    0.4916   -5963.9857  0.2662 
   00366    0.5068   -5911.3438  0.2700 
   00367    0.5000   -5906.3329  0.2638 
   00368    0.4856   -5862.4354  0.2643 
   00369    0.4976   -5889.6447  0.2638 
   00370    0.4952   -5959.0382  0.2675 
   00371    0.5024   -5998.9427  0.2678 
   00372    0.4864   -5985.7435  0.2670 
   00373    0.5076   -5867.4466  0.2691 
   00374    0.5088   -5821.0100  0.2658 
   00375    0.4944   -5939.4553  0.2700 
   00376    0.5204   -5945.8173  0.2690 
   00377    0.5016   -5947.8113  0.2679 
   00378    0.4960   -5865.6960  0.2685 
   00379    0.4792   -5881.3281  0.2678 
   00380    0.4984   -5836.0132  0.2674 
   00381    0.5024   -5843.9111  0.2660 
   00382    0.4972   -5779.6119  0.2646 
   00383    0.5076   -5783.8096  0.2641 
   00384    0.5204   -5786.7031  0.2686 
   00385    0.5136   -5841.4139  0.2645 
   00386    0.4952   -5886.8283  0.2670 
   00387    0.5128   -5974.6419  0.2648 
   00388    0.4956   -6019.8909  0.2625 
   00389    0.4676   -6145.2180  0.2586 
   00390    0.4824   -5992.3377  0.2610 
   00391    0.4692   -6084.1583  0.2608 
   00392    0.4764   -6063.4558  0.2572 
   00393    0.5032   -6005.8592  0.2577 
   00394    0.4956   -6037.6975  0.2568 
   00395    0.4708   -5954.3086  0.2556 
   00396    0.5148   -5865.0592  0.2585 
   00397    0.4824   -5933.6644  0.2609 
   00398    0.4876   -5961.6606  0.2617 
   00399    0.4864   -6042.0057  0.2601 
   00400    0.4852   -6047.4177  0.2609 
   00401    0.4736   -5966.4418  0.2599 
   00402    0.4916   -5935.6355  0.2569 
   00403    0.4932   -5902.9307  0.2575 
   00404    0.4988   -5909.6940  0.2596 
   00405    0.5052   -5865.7564  0.2613 
   00406    0.4976   -5833.5882  0.2594 
   00407    0.5048   -5817.5794  0.2605 
   00408    0.4960   -5778.9992  0.2610 
   00409    0.4924   -5952.5942  0.2627 
   00410    0.4780   -6056.9373  0.2651 
   00411    0.4924   -5992.5418  0.2650 
   00412    0.4748   -6098.8232  0.2663 
   00413    0.4808   -6144.1524  0.2610 
   00414    0.4636   -6088.2686  0.2592 
   00415    0.4896   -6141.8694  0.2554 
   00416    0.4616   -6050.4780  0.2556 
   00417    0.4772   -6090.5309  0.2572 
   00418    0.4656   -6011.3976  0.2553 
   00419    0.4804   -6004.7993  0.2583 
   00420    0.4908   -6035.3087  0.2599 
   00421    0.4840   -5928.2307  0.2590 
   00422    0.4948   -5879.2808  0.2592 
   00423    0.4996   -5892.0369  0.2615 
   00424    0.4932   -5827.3801  0.2587 
   00425    0.4880   -5959.8650  0.2586 
   00426    0.4844   -5852.8228  0.2635 
   00427    0.5012   -5861.2109  0.2658 
   00428    0.5052   -5872.6180  0.2634 
   00429    0.5016   -5851.6897  0.2661 
   00430    0.4980   -5943.1049  0.2649 
   00431    0.4912   -5938.8242  0.2646 
   00432    0.4868   -5850.6844  0.2646 
   00433    0.4736   -5831.9020  0.2622 
   00434    0.5148   -5982.2484  0.2639 
   00435    0.4756   -6027.2936  0.2679 
   00436    0.5020   -6024.2485  0.2682 
   00437    0.4840   -6020.1891  0.2646 
   00438    0.4800   -5985.1516  0.2619 
   00439    0.4800   -5871.8779  0.2613 
   00440    0.4952   -5823.3038  0.2617 
   00441    0.4896   -5842.1439  0.2606 
   00442    0.5140   -5855.1712  0.2618 
   00443    0.4936   -5924.9675  0.2641 
   00444    0.4904   -5895.9905  0.2616 
   00445    0.5196   -5889.1736  0.2613 
   00446    0.4884   -5947.8486  0.2642 
   00447    0.4984   -5902.4190  0.2667 
   00448    0.4760   -5961.5409  0.2628 
   00449    0.4868   -6095.2097  0.2603 
   00450    0.4952   -5928.7818  0.2655 
   00451    0.4892   -5925.8530  0.2682 
   00452    0.4804   -5919.3347  0.2718 
   00453    0.4864   -5941.3291  0.2661 
   00454    0.4996   -5879.2249  0.2683 
   00455    0.5052   -5924.8538  0.2689 
   00456    0.4796   -5961.2649  0.2723 
   00457    0.4900   -5933.0947  0.2686 
   00458    0.4764   -6048.5542  0.2695 
   00459    0.4776   -6134.5732  0.2671 
   00460    0.4864   -6025.7592  0.2672 
   00461    0.4892   -6038.8808  0.2656 
   00462    0.4924   -5979.4911  0.2665 
   00463    0.4884   -5921.0268  0.2663 
   00464    0.4864   -5996.3788  0.2566 
   00465    0.4764   -5915.4464  0.2572 
   00466    0.4808   -5913.0406  0.2599 
   00467    0.4824   -5909.2022  0.2602 
   00468    0.4808   -5846.5774  0.2552 
   00469    0.5076   -5812.8508  0.2528 
   00470    0.4992   -5858.6499  0.2536 
   00471    0.4912   -5906.2896  0.2513 
   00472    0.4812   -5904.4351  0.2564 
   00473    0.5016   -5885.8355  0.2589 
   00474    0.4996   -5804.3162  0.2567 
   00475    0.4896   -5774.3024  0.2579 
   00476    0.5024   -5864.0475  0.2553 
   00477    0.4980   -5907.9844  0.2581 
   00478    0.5056   -5896.6572  0.2572 
   00479    0.4868   -5758.6492  0.2605 
   00480    0.4904   -5798.5904  0.2592 
   00481    0.5028   -5776.2845  0.2576 
   00482    0.4976   -5782.6898  0.2625 
   00483    0.4928   -5968.4404  0.2609 
   00484    0.4916   -5960.3911  0.2588 
   00485    0.5032   -5865.2942  0.2584 
   00486    0.5044   -5822.0900  0.2623 
   00487    0.5024   -5888.2452  0.2608 
   00488    0.5128   -5891.8965  0.2592 
   00489    0.5000   -5910.5085  0.2655 
   00490    0.4996   -5868.8538  0.2643 
   00491    0.4996   -5827.1149  0.2655 
   00492    0.4988   -5948.0086  0.2657 
   00493    0.4784   -5877.4060  0.2693 
   00494    0.4908   -5853.4940  0.2702 
   00495    0.5160   -5786.2829  0.2702 
   00496    0.4988   -5779.3897  0.2742 
   00497    0.4784   -5794.3007  0.2732 
   00498    0.4928   -5843.4914  0.2754 
   00499    0.4988   -5874.8621  0.2766 
   00500    0.4824   -5922.2337  0.2758 
   00501    0.4984   -5955.2343  0.2753 
   00502    0.4784   -5885.7131  0.2744 
   00503    0.4888   -6017.4295  0.2741 
   00504    0.4824   -5991.1513  0.2691 
   00505    0.4772   -5965.6492  0.2702 
   00506    0.4820   -6008.7855  0.2739 
   00507    0.4696   -5971.5954  0.2733 
   00508    0.4968   -5855.0802  0.2715 
   00509    0.4756   -5903.6077  0.2705 
   00510    0.5112   -5824.8779  0.2693 
   00511    0.4900   -5917.5902  0.2738 
   00512    0.4756   -5869.6642  0.2719 
   00513    0.4916   -5819.9220  0.2681 
   00514    0.4856   -5846.8628  0.2669 
   00515    0.4836   -5850.7494  0.2612 
   00516    0.4960   -5897.2540  0.2679 
   00517    0.5036   -5878.1195  0.2706 
   00518    0.4920   -5911.4822  0.2730 
   00519    0.4876   -5957.4492  0.2747 
   00520    0.4816   -5912.4567  0.2767 
   00521    0.4940   -5854.3110  0.2763 
   00522    0.5136   -5826.4645  0.2789 
   00523    0.4952   -5975.7626  0.2773 
   00524    0.4904   -5880.5644  0.2760 
   00525    0.5000   -5840.5417  0.2747 
   00526    0.4884   -5826.4123  0.2742 
   00527    0.4788   -5777.4428  0.2703 
   00528    0.5004   -5834.1599  0.2668 
   00529    0.4908   -5953.9408  0.2675 
   00530    0.4932   -5851.7697  0.2643 
   00531    0.5048   -5950.4482  0.2641 
   00532    0.4824   -5982.4616  0.2645 
   00533    0.4912   -5958.8911  0.2636 
   00534    0.4852   -5893.9499  0.2622 
   00535    0.4968   -5902.8789  0.2663 
   00536    0.4908   -5934.5751  0.2722 
   00537    0.4772   -5963.0149  0.2707 
   00538    0.4916   -5922.0785  0.2702 
   00539    0.5052   -5881.9032  0.2716 
   00540    0.5004   -5866.3106  0.2738 
   00541    0.5096   -5862.5497  0.2760 
   00542    0.4992   -5827.3906  0.2749 
   00543    0.5020   -5847.2386  0.2723 
   00544    0.5124   -5913.6633  0.2772 
   00545    0.4840   -5935.5568  0.2812 
   00546    0.4952   -5955.2831  0.2744 
   00547    0.4888   -6015.9600  0.2769 
   00548    0.4744   -5946.6554  0.2810 
   00549    0.4780   -5936.2691  0.2773 
   00550    0.4876   -5849.9546  0.2777 
   00551    0.5056   -5858.2855  0.2818 
   00552    0.4832   -5853.9880  0.2792 
   00553    0.4904   -5910.7152  0.2782 
   00554    0.4836   -6004.2917  0.2785 
   00555    0.4952   -6054.2827  0.2842 
   00556    0.4804   -6054.5113  0.2859 
   00557    0.4848   -5980.5957  0.2810 
   00558    0.4880   -5952.7056  0.2812 
   00559    0.4784   -6004.9202  0.2852 
   00560    0.4840   -6068.4729  0.2842 
   00561    0.4676   -6024.9582  0.2854 
   00562    0.5028   -5940.8279  0.2786 
   00563    0.4920   -5887.9361  0.2752 
   00564    0.4944   -5964.8594  0.2759 
   00565    0.4760   -5950.2958  0.2727 
   00566    0.4856   -6055.8787  0.2803 
   00567    0.4928   -6166.8681  0.2803 
   00568    0.4648   -6210.4123  0.2790 
   00569    0.4852   -6150.9411  0.2810 
   00570    0.4668   -6107.0709  0.2780 
   00571    0.4768   -6095.3535  0.2802 
   00572    0.4732   -6072.4372  0.2794 
   00573    0.4680   -6077.1926  0.2806 
   00574    0.4912   -5981.0791  0.2800 
   00575    0.4808   -5985.0759  0.2809 
   00576    0.4940   -6059.0244  0.2816 
   00577    0.4808   -6076.9731  0.2832 
   00578    0.4652   -6140.5588  0.2876 
   00579    0.4744   -6138.0033  0.2825 
   00580    0.4944   -6080.3020  0.2825 
   00581    0.4892   -6059.1534  0.2841 
   00582    0.4660   -6037.4121  0.2802 
   00583    0.5008   -5982.4175  0.2823 
   00584    0.4864   -5916.4489  0.2814 
   00585    0.4868   -5915.8529  0.2774 
   00586    0.4952   -5899.4804  0.2780 
   00587    0.4756   -5897.7975  0.2705 
   00588    0.4880   -5950.4175  0.2662 
   00589    0.4856   -5935.8771  0.2673 
   00590    0.5244   -5891.0162  0.2651 
   00591    0.4924   -5956.2385  0.2660 
   00592    0.4812   -5911.2777  0.2614 
   00593    0.5068   -5844.4567  0.2616 
   00594    0.4912   -5887.8289  0.2626 
   00595    0.5020   -5898.7701  0.2639 
   00596    0.4968   -5822.4746  0.2637 
   00597    0.5036   -5881.6479  0.2623 
   00598    0.4900   -5954.5912  0.2600 
   00599    0.4932   -5904.0288  0.2604 
   00600    0.5016   -5846.0025  0.2636 
   00601    0.5064   -5932.7447  0.2658 
   00602    0.5004   -5944.7180  0.2659 
   00603    0.4980   -6023.4897  0.2571 
   00604    0.4716   -6040.0711  0.2564 
   00605    0.4896   -5975.4129  0.2593 
   00606    0.4996   -6006.4504  0.2569 
   00607    0.4808   -5877.6140  0.2596 
   00608    0.4916   -5800.8386  0.2594 
   00609    0.4980   -5878.5512  0.2598 
   00610    0.5128   -5894.3483  0.2558 
   00611    0.4964   -5868.9516  0.2522 
   00612    0.5052   -5792.9904  0.2558 
   00613    0.5184   -5720.4891  0.2569 
   00614    0.5132   -5744.2603  0.2589 
   00615    0.5072   -5750.2908  0.2583 
   00616    0.5000   -5869.5118  0.2573 
   00617    0.4884   -5921.1467  0.2575 
   00618    0.4772   -5957.5432  0.2609 
   00619    0.4916   -5918.3093  0.2634 
   00620    0.5092   -5929.0078  0.2664 
   00621    0.4952   -5969.0817  0.2652 
   00622    0.4912   -5910.6900  0.2632 
   00623    0.4796   -5893.4528  0.2636 
   00624    0.5016   -6036.3434  0.2655 
   00625    0.4884   -6031.2091  0.2640 
   00626    0.4892   -6033.2365  0.2631 
   00627    0.4804   -6059.6438  0.2578 
   00628    0.4844   -5990.0285  0.2535 
   00629    0.4804   -5964.5029  0.2524 
   00630    0.4824   -5938.4023  0.2517 
   00631    0.4848   -5970.4194  0.2527 
   00632    0.4748   -5931.2630  0.2541 
   00633    0.4904   -5801.7060  0.2579 
   00634    0.5072   -5825.0404  0.2623 
   00635    0.4952   -5794.9535  0.2640 
   00636    0.5076   -5834.7804  0.2598 
   00637    0.4992   -5784.9112  0.2599 
   00638    0.4984   -5823.1675  0.2614 
   00639    0.5008   -5825.7309  0.2637 
   00640    0.4736   -5833.8699  0.2637 
   00641    0.4984   -5737.8787  0.2658 
   00642    0.5012   -5655.6444  0.2610 
   00643    0.5296   -5683.1090  0.2577 
   00644    0.5084   -5755.1525  0.2575 
   00645    0.5148   -5732.3061  0.2558 
   00646    0.5048   -5721.2958  0.2624 
   00647    0.4952   -5684.7566  0.2647 
   00648    0.5092   -5756.7957  0.2673 
   00649    0.5140   -5774.5976  0.2655 
   00650    0.5044   -5812.3067  0.2648 
   00651    0.5000   -5854.1027  0.2664 
   00652    0.4872   -5974.7880  0.2664 
   00653    0.4928   -5974.7845  0.2645 
   00654    0.4948   -6026.2652  0.2657 
   00655    0.4848   -6024.0748  0.2654 
   00656    0.4792   -6026.9485  0.2698 
   00657    0.4768   -6110.8484  0.2700 
   00658    0.4816   -6129.0168  0.2744 
   00659    0.4684   -6057.0824  0.2754 
   00660    0.4788   -6047.0466  0.2718 
   00661    0.4860   -6031.5132  0.2765 
   00662    0.4852   -6060.1756  0.2779 
   00663    0.4848   -6061.0746  0.2792 
   00664    0.4716   -6072.7897  0.2781 
   00665    0.4764   -5967.7449  0.2744 
   00666    0.4956   -6007.6100  0.2754 
   00667    0.4804   -5989.7503  0.2753 
   00668    0.4860   -5970.8682  0.2760 
   00669    0.4760   -5895.0003  0.2743 
   00670    0.4920   -5885.6734  0.2734 
   00671    0.4916   -5857.1285  0.2781 
   00672    0.4976   -5881.7191  0.2794 
   00673    0.4820   -5889.1102  0.2810 
   00674    0.4980   -5798.1008  0.2811 
   00675    0.4988   -5780.9906  0.2818 
   00676    0.5028   -5820.8195  0.2850 
   00677    0.5044   -5810.8568  0.2877 
   00678    0.4928   -5974.5281  0.2860 
   00679    0.4884   -5964.4263  0.2825 
   00680    0.4744   -5845.6063  0.2847 
   00681    0.5120   -5815.1503  0.2842 
   00682    0.5024   -5834.2217  0.2864 
   00683    0.5028   -5825.4808  0.2881 
   00684    0.4932   -5867.3644  0.2916 
   00685    0.4836   -5898.5481  0.2926 
   00686    0.4900   -5881.5352  0.2904 
   00687    0.4980   -5987.1930  0.2865 
   00688    0.4844   -5926.7527  0.2826 
   00689    0.4840   -6000.2941  0.2842 
   00690    0.4908   -6023.3300  0.2850 
   00691    0.4764   -5997.6298  0.2857 
   00692    0.5024   -5948.1463  0.2833 
   00693    0.4948   -5943.4035  0.2822 
   00694    0.4996   -5840.3620  0.2837 
   00695    0.4900   -5959.1295  0.2829 
   00696    0.4908   -5957.5494  0.2826 
   00697    0.4964   -5926.2105  0.2863 
   00698    0.4844   -6024.4835  0.2856 
   00699    0.4896   -5990.0558  0.2875 
   00700    0.4928   -5988.9321  0.2856 
   00701    0.4976   -5950.4786  0.2870 
   00702    0.4880   -5956.2188  0.2824 
   00703    0.4812   -6056.6783  0.2816 
   00704    0.4792   -5937.7834  0.2792 
   00705    0.4860   -5976.4252  0.2775 
   00706    0.4824   -5945.7314  0.2782 
   00707    0.4900   -5925.7740  0.2770 
   00708    0.5140   -5936.7227  0.2752 
   00709    0.4868   -5915.4351  0.2760 
   00710    0.4960   -5860.4867  0.2741 
   00711    0.5032   -5740.6876  0.2747 
   00712    0.4996   -5789.0009  0.2747 
   00713    0.5040   -5817.0439  0.2709 
   00714    0.4984   -5784.7687  0.2686 
   00715    0.5204   -5851.8483  0.2685 
   00716    0.4928   -5833.8386  0.2653 
   00717    0.5188   -5829.8622  0.2652 
   00718    0.5092   -5802.7878  0.2609 
   00719    0.5056   -5705.5530  0.2633 
   00720    0.5184   -5804.3575  0.2681 
   00721    0.4944   -5838.5046  0.2705 
   00722    0.5020   -5863.9717  0.2667 
   00723    0.4988   -5734.8547  0.2623 
   00724    0.4884   -5946.3512  0.2645 
   00725    0.4772   -5896.3483  0.2657 
   00726    0.4864   -6004.0410  0.2686 
   00727    0.4952   -6013.0689  0.2694 
   00728    0.4932   -5875.5775  0.2670 
   00729    0.4964   -5948.1647  0.2665 
   00730    0.5012   -5987.2287  0.2695 
   00731    0.4924   -5972.5606  0.2679 
   00732    0.4792   -5975.4221  0.2670 
   00733    0.4776   -5969.2678  0.2712 
   00734    0.4944   -5928.3292  0.2703 
   00735    0.5172   -5911.1425  0.2704 
   00736    0.4832   -5939.3320  0.2721 
   00737    0.5028   -5944.1249  0.2750 
   00738    0.4948   -5940.5357  0.2747 
   00739    0.4908   -5796.6177  0.2766 
   00740    0.4808   -5798.2212  0.2801 
   00741    0.5004   -5776.7749  0.2798 
   00742    0.5120   -5718.0589  0.2764 
   00743    0.5036   -5881.2565  0.2791 
   00744    0.4920   -5953.4210  0.2796 
   00745    0.4984   -5890.5919  0.2751 
   00746    0.4964   -5831.9065  0.2710 
   00747    0.4964   -5772.0019  0.2739 
   00748    0.4940   -5881.0281  0.2736 
   00749    0.4856   -5949.1334  0.2704 
   00750    0.5040   -5961.6429  0.2717 
   00751    0.4924   -5939.1507  0.2698 
   00752    0.4924   -5978.0464  0.2666 
   00753    0.4992   -5929.4925  0.2622 
   00754    0.4988   -5893.5779  0.2583 
   00755    0.4920   -5923.6893  0.2622 
   00756    0.4852   -6005.9573  0.2644 
   00757    0.4872   -5976.3289  0.2624 
   00758    0.4840   -5902.9320  0.2584 
   00759    0.4824   -5937.2705  0.2592 
   00760    0.4936   -5858.9748  0.2615 
   00761    0.5012   -5790.6460  0.2585 
   00762    0.5084   -5823.9708  0.2611 
   00763    0.4820   -5842.5282  0.2616 
   00764    0.5072   -5850.1477  0.2615 
   00765    0.4932   -5768.0461  0.2603 
   00766    0.4924   -5844.1154  0.2617 
   00767    0.5068   -5839.1895  0.2600 
   00768    0.4924   -5943.4474  0.2612 
   00769    0.5060   -5917.5896  0.2630 
   00770    0.4896   -5954.8384  0.2619 
   00771    0.4876   -6011.3673  0.2631 
   00772    0.4668   -6106.5727  0.2610 
   00773    0.4724   -6060.8617  0.2588 
   00774    0.4816   -6013.5533  0.2561 
   00775    0.4940   -5969.5702  0.2585 
   00776    0.4908   -5858.5754  0.2567 
   00777    0.4972   -5884.0644  0.2564 
   00778    0.5108   -5921.1259  0.2589 
   00779    0.5012   -5927.5870  0.2648 
   00780    0.4968   -5853.1450  0.2644 
   00781    0.5088   -5924.2902  0.2638 
   00782    0.4928   -5978.3636  0.2692 
   00783    0.4964   -6039.6094  0.2719 
   00784    0.4984   -5998.5717  0.2750 
   00785    0.4952   -5954.7719  0.2735 
   00786    0.4784   -5942.8242  0.2780 
   00787    0.4792   -5961.1656  0.2821 
   00788    0.4876   -5963.5445  0.2812 
   00789    0.4896   -5994.6967  0.2824 
   00790    0.4916   -5939.2680  0.2804 
   00791    0.4952   -5924.8357  0.2823 
   00792    0.4948   -6012.4692  0.2835 
   00793    0.4992   -5897.2746  0.2841 
   00794    0.4912   -5945.5877  0.2867 
   00795    0.5020   -5915.9131  0.2832 
   00796    0.4912   -5945.1206  0.2826 
   00797    0.4952   -5963.5512  0.2872 
   00798    0.4744   -5885.4705  0.2848 
   00799    0.5008   -5851.0773  0.2839 
   00800    0.5152   -5797.4975  0.2815 
   00801    0.4840   -5870.5850  0.2832 
   00802    0.4864   -6027.5560  0.2834 
   00803    0.5040   -6016.8076  0.2857 
   00804    0.4964   -5938.5592  0.2824 
   00805    0.4892   -5988.4979  0.2804 
   00806    0.4932   -6042.0677  0.2814 
   00807    0.4728   -6000.3456  0.2787 
   00808    0.4796   -5984.5059  0.2739 
   00809    0.4904   -5929.1323  0.2752 
   00810    0.4648   -5967.3093  0.2715 
   00811    0.4788   -6065.9597  0.2686 
   00812    0.4732   -5992.1629  0.2705 
   00813    0.4856   -5866.2694  0.2705 
   00814    0.4908   -5906.0066  0.2721 
   00815    0.4800   -5903.7460  0.2704 
   00816    0.5012   -5984.3654  0.2720 
   00817    0.4912   -6024.4721  0.2684 
   00818    0.4828   -5893.2362  0.2681 
   00819    0.5232   -5941.3246  0.2674 
   00820    0.4812   -5951.4100  0.2637 
   00821    0.4880   -5972.7345  0.2663 
   00822    0.4884   -5989.7963  0.2692 
   00823    0.4836   -5934.1479  0.2667 
   00824    0.5056   -5941.2533  0.2683 
   00825    0.4940   -5948.1389  0.2652 
   00826    0.4944   -5938.2996  0.2685 
   00827    0.5092   -5892.6034  0.2674 
   00828    0.4976   -5927.0769  0.2711 
   00829    0.4928   -5997.8028  0.2676 
   00830    0.5120   -5945.1384  0.2671 
   00831    0.4904   -5896.6196  0.2679 
   00832    0.5016   -5828.9182  0.2632 
   00833    0.4976   -5829.9933  0.2610 
   00834    0.4964   -5837.1883  0.2604 
   00835    0.5200   -5807.4716  0.2608 
   00836    0.4976   -5824.6211  0.2657 
   00837    0.4776   -5898.2831  0.2622 
   00838    0.4936   -5945.5178  0.2656 
   00839    0.5028   -5935.7995  0.2628 
   00840    0.5028   -5926.6172  0.2629 
   00841    0.4948   -5969.4421  0.2654 
   00842    0.4760   -5896.9142  0.2648 
   00843    0.5112   -5812.2018  0.2665 
   00844    0.4920   -5787.3055  0.2663 
   00845    0.5128   -5817.1971  0.2676 
   00846    0.4812   -5869.0489  0.2670 
   00847    0.4944   -5967.5074  0.2638 
   00848    0.4848   -6093.0715  0.2622 
   00849    0.4920   -5992.2292  0.2679 
   00850    0.4868   -5934.6552  0.2702 
   00851    0.4948   -6014.4327  0.2723 
   00852    0.4936   -6008.8236  0.2693 
   00853    0.4896   -6021.1223  0.2684 
   00854    0.4744   -5947.5550  0.2603 
   00855    0.4888   -5878.4078  0.2619 
   00856    0.4908   -5868.8759  0.2639 
   00857    0.4984   -5922.6983  0.2588 
   00858    0.5040   -6016.9793  0.2542 
   00859    0.4832   -5997.2196  0.2544 
   00860    0.4760   -6049.6914  0.2541 
   00861    0.4896   -6033.8193  0.2563 
   00862    0.4696   -6059.6163  0.2560 
   00863    0.5016   -5962.6124  0.2564 
   00864    0.4612   -5909.7933  0.2562 
   00865    0.5128   -5909.6482  0.2554 
   00866    0.4952   -5933.3097  0.2551 
   00867    0.5008   -5896.9803  0.2563 
   00868    0.4980   -5886.1513  0.2548 
   00869    0.5036   -5840.3130  0.2580 
   00870    0.4932   -5823.3161  0.2602 
   00871    0.4956   -5927.1314  0.2580 
   00872    0.4752   -5939.1776  0.2613 
   00873    0.4892   -6083.5730  0.2612 
   00874    0.4788   -6108.2150  0.2627 
   00875    0.4908   -5988.1826  0.2653 
   00876    0.4800   -5989.1132  0.2628 
   00877    0.5008   -5972.5662  0.2691 
   00878    0.4948   -5928.9676  0.2708 
   00879    0.4920   -5815.2668  0.2695 
   00880    0.5104   -5885.1581  0.2748 
   00881    0.4984   -5854.7414  0.2717 
   00882    0.4996   -5877.9055  0.2717 
   00883    0.5052   -5952.0475  0.2708 
   00884    0.4976   -5976.4361  0.2716 
   00885    0.4768   -5932.6222  0.2752 
   00886    0.4908   -5971.3201  0.2748 
   00887    0.4872   -5992.1734  0.2720 
   00888    0.4772   -6026.5212  0.2682 
   00889    0.4704   -6056.4957  0.2620 
   00890    0.4772   -6069.0071  0.2673 
   00891    0.4848   -6138.9070  0.2688 
   00892    0.4760   -6075.2172  0.2671 
   00893    0.4668   -6103.3755  0.2627 
   00894    0.4848   -6082.3114  0.2662 
   00895    0.4840   -6056.9768  0.2676 
   00896    0.4876   -5987.6815  0.2692 
   00897    0.4900   -5967.2102  0.2700 
   00898    0.4924   -6031.2099  0.2678 
   00899    0.4744   -6034.8409  0.2647 
   00900    0.5036   -5964.1791  0.2658 
