#=====================================================
# File created:        Tue-12-Mar-2024-at-05-37-33PM
# Size of lattice:     50x50
# Number of MC steps:  1000
# Reduced temperature: 1.000
# Run time (s):        7.854784
#=====================================================
# MC step:  Ratio:     Energy:   Order:
#=====================================================
   00000    0.5000   -2469.1626  0.2556 
   00001    0.6924   -3737.3769  0.2562 
   00002    0.6316   -4392.9102  0.2557 
   00003    0.5860   -4843.4867  0.2623 
   00004    0.5712   -5041.5761  0.2587 
   00005    0.5504   -5223.7820  0.2581 
   00006    0.5444   -5272.4199  0.2562 
   00007    0.5252   -5293.1292  0.2517 
   00008    0.5212   -5431.2929  0.2523 
   00009    0.5348   -5535.4426  0.2552 
   00010    0.5148   -5556.7743  0.2558 
   00011    0.5028   -5658.7582  0.2586 
   00012    0.5064   -5674.1373  0.2634 
   00013    0.5284   -5682.0964  0.2656 
   00014    0.5140   -5743.9709  0.2693 
   00015    0.4920   -5765.4423  0.2741 
   00016    0.5108   -5780.7765  0.2756 
   00017    0.5092   -5752.8248  0.2750 
   00018    0.4844   -5695.8650  0.2793 
   00019    0.4916   -5675.4265  0.2796 
   00020    0.4812   -5833.8573  0.2765 
   00021    0.4960   -5826.2396  0.2742 
   00022    0.5132   -5791.2182  0.2740 
   00023    0.4976   -5925.2094  0.2755 
   00024    0.5028   -5950.8424  0.2763 
   00025    0.4788   -5970.0573  0.2762 
   00026    0.4972   -5974.5838  0.2813 
   00027    0.4932   -5965.6005  0.2820 
   00028    0.5184   -5984.2427  0.2780 
   00029    0.4884   -5927.2832  0.2753 
   00030    0.5064   -5970.3547  0.2759 
   00031    0.4976   -5911.0328  0.2766 
   00032    0.4840   -5931.1936  0.2745 
   00033    0.4928   -5950.7700  0.2765 
   00034    0.4888   -5881.5906  0.2752 
   00035    0.4908   -5749.0897  0.2715 
   00036    0.4948   -5774.9921  0.2713 
   00037    0.4904   -5773.2559  0.2745 
   00038    0.4956   -5824.7750  0.2685 
   00039    0.4712   -5898.7579  0.2712 
   00040    0.4992   -5888.9649  0.2739 
   00041    0.5036   -5851.5269  0.2733 
   00042    0.5096   -5790.7752  0.2716 
   00043    0.5204   -5721.0296  0.2767 
   00044    0.5036   -5607.7996  0.2730 
   00045    0.5120   -5670.6173  0.2759 
   00046    0.5008   -5742.0457  0.2814 
   00047    0.5092   -5813.7326  0.2848 
   00048    0.5040   -5844.8628  0.2875 
   00049    0.4904   -5887.6561  0.2799 
   00050    0.4944   -5917.8898  0.2808 
   00051    0.4992   -5807.4317  0.2792 
   00052    0.5144   -5661.8205  0.2782 
   00053    0.5100   -5767.9202  0.2794 
   00054    0.5052   -5789.4173  0.2782 
   00055    0.4968   -5839.2408  0.2723 
   00056    0.5104   -5863.9948  0.2763 
   00057    0.5016   -5767.4041  0.2809 
   00058    0.5012   -5850.0961  0.2808 
   00059    0.5128   -5814.5493  0.2791 
   00060    0.5120   -5845.6479  0.2769 
   00061    0.4944   -5806.0493  0.2765 
   00062    0.5164   -5813.0114  0.2794 
   00063    0.5004   -5827.2594  0.2792 
   00064    0.4928   -5854.2156  0.2814 
   00065    0.4932   -5852.6872  0.2791 
   00066    0.5040   -5778.2609  0.2820 
   00067    0.4960   -5820.8365  0.2815 
   00068    0.5032   -5835.9933  0.2826 
   00069    0.4888   -5859.8420  0.2791 
   00070    0.4968   -5870.0743  0.2766 
   00071    0.4976   -5860.9410  0.2816 
   00072    0.5092   -5855.9874  0.2819 
   00073    0.4968   -5960.5887  0.2800 
   00074    0.4904   -5864.1124  0.2792 
   00075    0.5032   -5825.3285  0.2758 
   00076    0.4868   -5877.1848  0.2745 
   00077    0.4836   -5926.8707  0.2737 
   00078    0.4848   -5953.6036  0.2722 
   00079    0.5036   -5893.7928  0.2716 
   00080    0.5016   -5922.2507  0.2682 
   00081    0.4736   -5943.8597  0.2692 
   00082    0.4892   -5894.7065  0.2699 
   00083    0.4968   -5935.1966  0.2696 
   00084    0.4924   -5925.9918  0.2731 
   00085    0.4820   -5978.6094  0.2727 
   00086    0.4892   -5984.8821  0.2698 
   00087    0.5024   -5927.6170  0.2719 
   00088    0.4904   -5946.0562  0.2723 
   00089    0.4936   -5923.3218  0.2691 
   00090    0.4932   -5920.9313  0.2703 
   00091    0.5004   -5935.8670  0.2670 
   00092    0.5044   -5878.0362  0.2664 
   00093    0.5044   -5922.4558  0.2675 
   00094    0.4844   -5856.4068  0.2667 
   00095    0.4884   -5818.2699  0.2652 
   00096    0.5024   -5824.7871  0.2618 
   00097    0.4896   -5780.1416  0.2588 
   00098    0.4996   -5846.2472  0.2593 
   00099    0.4908   -5860.2786  0.2642 
   00100    0.5212   -5877.6289  0.2598 
   00101    0.4816   -5823.0299  0.2584 
   00102    0.4892   -5903.1031  0.2605 
   00103    0.5040   -5895.4110  0.2584 
   00104    0.4928   -5928.9312  0.2602 
   00105    0.4736   -6004.0494  0.2658 
   00106    0.4940   -5848.4121  0.2655 
   00107    0.4992   -5761.3071  0.2635 
   00108    0.4876   -5848.5162  0.2624 
   00109    0.4924   -5693.7088  0.2603 
   00110    0.4872   -5771.7761  0.2617 
   00111    0.4780   -5771.2289  0.2614 
   00112    0.4940   -5951.8357  0.2611 
   00113    0.4760   -5905.3980  0.2651 
   00114    0.4856   -5996.3534  0.2657 
   00115    0.4912   -6014.9736  0.2688 
   00116    0.4800   -5981.0775  0.2665 
   00117    0.4880   -5999.8483  0.2663 
   00118    0.4868   -5950.5993  0.2691 
   00119    0.4840   -5898.1420  0.2705 
   00120    0.4768   -5966.3316  0.2740 
   00121    0.4924   -5943.0205  0.2753 
   00122    0.5124   -5908.1938  0.2742 
   00123    0.4864   -5939.2236  0.2715 
   00124    0.4968   -5886.7023  0.2708 
   00125    0.4812   -5940.5567  0.2681 
   00126    0.4948   -5883.3803  0.2696 
   00127    0.5084   -5875.6863  0.2653 
   00128    0.4964   -5871.4638  0.2690 
   00129    0.4984   -5818.9322  0.2703 
   00130    0.5124   -5907.8977  0.2699 
   00131    0.5020   -5825.5096  0.2703 
   00132    0.4892   -5822.9014  0.2683 
   00133    0.4952   -5778.9027  0.2674 
   00134    0.5104   -5763.8146  0.2686 
   00135    0.5060   -5845.4417  0.2662 
   00136    0.4880   -5740.2688  0.2644 
   00137    0.5264   -5731.7653  0.2643 
   00138    0.4920   -5772.4940  0.2637 
   00139    0.5028   -5764.7664  0.2655 
   00140    0.5084   -5734.3231  0.2630 
   00141    0.4960   -5731.6656  0.2589 
   00142    0.5040   -5710.3007  0.2577 
   00143    0.5040   -5699.2114  0.2607 
   00144    0.4964   -5724.2601  0.2596 
   00145    0.4944   -5692.0835  0.2625 
   00146    0.5044   -5761.5312  0.2588 
   00147    0.5156   -5738.9564  0.2536 
   00148    0.4960   -5812.4981  0.2566 
   00149    0.5068   -5806.2370  0.2524 
   00150    0.5188   -5845.3398  0.2529 
   00151    0.5072   -5833.1641  0.2537 
   00152    0.4972   -5809.3182  0.2526 
   00153    0.4964   -5824.9728  0.2566 
   00154    0.4788   -5913.4834  0.2620 
   00155    0.4960   -5938.5959  0.2588 
   00156    0.5072   -5885.0908  0.2594 
   00157    0.4832   -5910.6056  0.2624 
   00158    0.4956   -5925.9267  0.2610 
   00159    0.4676   -5937.9873  0.2571 
   00160    0.4904   -5955.9604  0.2544 
   00161    0.4724   -6015.8772  0.2529 
   00162    0.4968   -5988.0097  0.2511 
   00163    0.4984   -5933.9620  0.2526 
   00164    0.4952   -5916.0655  0.2505 
   00165    0.5016   -5809.7795  0.2542 
   00166    0.4788   -5893.5863  0.2572 
   00167    0.4940   -5898.0202  0.2553 
   00168    0.5108   -5923.2209  0.2564 
   00169    0.4784   -5860.7296  0.2575 
   00170    0.4916   -5889.0543  0.2572 
   00171    0.4912   -5808.1530  0.2545 
   00172    0.4932   -5801.8828  0.2596 
   00173    0.4996   -5796.5926  0.2568 
   00174    0.4892   -5883.0934  0.2603 
   00175    0.5104   -5818.7672  0.2548 
   00176    0.4920   -5913.3271  0.2561 
   00177    0.4872   -5947.1195  0.2551 
   00178    0.4884   -5953.6266  0.2551 
   00179    0.4980   -5904.7156  0.2600 
   00180    0.4736   -5865.3506  0.2567 
   00181    0.4708   -5922.7389  0.2574 
   00182    0.5012   -5903.4034  0.2535 
   00183    0.4884   -5825.5280  0.2524 
   00184    0.4992   -5710.1258  0.2538 
   00185    0.4928   -5880.7262  0.2523 
   00186    0.4852   -5925.7016  0.2575 
   00187    0.4976   -5876.0567  0.2609 
   00188    0.4800   -5994.1829  0.2616 
   00189    0.4828   -6028.2930  0.2612 
   00190    0.4752   -5963.5007  0.2662 
   00191    0.4880   -5882.2179  0.2658 
   00192    0.4948   -6032.6783  0.2690 
   00193    0.4816   -5926.1825  0.2626 
   00194    0.4920   -5912.7232  0.2625 
   00195    0.4968   -5894.6644  0.2606 
   00196    0.4792   -5876.3694  0.2591 
   00197    0.5048   -5825.1565  0.2605 
   00198    0.5204   -5801.8237  0.2628 
   00199    0.4964   -5846.2997  0.2581 
   00200    0.4896   -5827.0046  0.2564 
   00201    0.4928   -5994.8069  0.2584 
   00202    0.4748   -6005.0319  0.2571 
   00203    0.4980   -5966.2045  0.2572 
   00204    0.4872   -6038.8563  0.2530 
   00205    0.5092   -6019.7814  0.2530 
   00206    0.4980   -5989.0377  0.2546 
   00207    0.4932   -5940.5699  0.2545 
   00208    0.4988   -5888.7349  0.2555 
   00209    0.5028   -5904.7697  0.2564 
   00210    0.4916   -5949.6708  0.2548 
   00211    0.4884   -5928.1538  0.2591 
   00212    0.4860   -5916.5242  0.2601 
   00213    0.5004   -5911.5584  0.2638 
   00214    0.4976   -5920.7650  0.2610 
   00215    0.5048   -5908.6413  0.2628 
   00216    0.5040   -5933.0951  0.2594 
   00217    0.4696   -6001.8609  0.2583 
   00218    0.4860   -6005.4882  0.2590 
   00219    0.4960   -5966.3203  0.2600 
   00220    0.4944   -5905.5738  0.2571 
   00221    0.4904   -6024.5730  0.2590 
   00222    0.4808   -5980.8222  0.2648 
   00223    0.4860   -5996.3068  0.2606 
   00224    0.4792   -6054.1727  0.2597 
   00225    0.4892   -6022.7563  0.2623 
   00226    0.4812   -6076.0356  0.2657 
   00227    0.4680   -6104.2483  0.2674 
   00228    0.4708   -6068.6640  0.2665 
   00229    0.4868   -6097.6443  0.2638 
   00230    0.4836   -6171.1231  0.2630 
   00231    0.4772   -6039.1861  0.2654 
   00232    0.4596   -6030.2443  0.2635 
   00233    0.4768   -6093.4550  0.2619 
   00234    0.4908   -6008.0039  0.2631 
   00235    0.4732   -5985.7928  0.2653 
   00236    0.4620   -5979.6568  0.2653 
   00237    0.4784   -5964.5771  0.2624 
   00238    0.4884   -6003.8370  0.2611 
   00239    0.4856   -5907.4551  0.2631 
   00240    0.4948   -5868.5593  0.2648 
   00241    0.5008   -5901.3211  0.2654 
   00242    0.4700   -5990.8752  0.2656 
   00243    0.5144   -5946.0462  0.2603 
   00244    0.4972   -5980.8959  0.2613 
   00245    0.4824   -5844.5550  0.2607 
   00246    0.4972   -5950.4632  0.2609 
   00247    0.4976   -5893.7555  0.2582 
   00248    0.4972   -5844.5699  0.2531 
   00249    0.4724   -5859.2870  0.2511 
   00250    0.5024   -5874.3555  0.2560 
   00251    0.4812   -5889.5797  0.2520 
   00252    0.4680   -6033.0586  0.2535 
   00253    0.4972   -5895.0781  0.2553 
   00254    0.4896   -5846.0331  0.2559 
   00255    0.4856   -5832.6297  0.2547 
   00256    0.4896   -5844.3892  0.2510 
   00257    0.4992   -5810.3782  0.2527 
   00258    0.5020   -5778.5863  0.2562 
   00259    0.4904   -5809.6866  0.2573 
   00260    0.5128   -5828.8070  0.2585 
   00261    0.4916   -5798.6715  0.2572 
   00262    0.5040   -5615.0797  0.2604 
   00263    0.5088   -5709.5932  0.2650 
   00264    0.5088   -5709.1553  0.2625 
   00265    0.5120   -5799.1052  0.2627 
   00266    0.5060   -5827.5844  0.2614 
   00267    0.4812   -5798.0048  0.2563 
   00268    0.4908   -5798.8378  0.2518 
   00269    0.4984   -5787.5723  0.2526 
   00270    0.5048   -5798.8181  0.2535 
   00271    0.4928   -5847.5556  0.2512 
   00272    0.4964   -5776.0771  0.2521 
   00273    0.4992   -5735.7213  0.2554 
   00274    0.4992   -5715.3517  0.2600 
   00275    0.5124   -5779.7566  0.2581 
   00276    0.4980   -5739.6845  0.2524 
   00277    0.5016   -5734.3341  0.2533 
   00278    0.5180   -5704.3128  0.2549 
   00279    0.4972   -5829.6113  0.2570 
   00280    0.4908   -5856.3369  0.2557 
   00281    0.5032   -5813.7547  0.2541 
   00282    0.5168   -5757.0591  0.2576 
   00283    0.5072   -5725.3218  0.2562 
   00284    0.4964   -5751.9259  0.2544 
   00285    0.5140   -5811.0367  0.2547 
   00286    0.4876   -5780.9571  0.2537 
   00287    0.4876   -5871.2935  0.2597 
   00288    0.5020   -5834.5713  0.2640 
   00289    0.4964   -5874.3891  0.2677 
   00290    0.4768   -5962.4372  0.2705 
   00291    0.4908   -5892.9589  0.2706 
   00292    0.4964   -5919.6926  0.2662 
   00293    0.4884   -6045.0040  0.2714 
   00294    0.4960   -6025.1837  0.2735 
   00295    0.4856   -6035.9243  0.2689 
   00296    0.4848   -6034.0317  0.2718 
   00297    0.4808   -6063.7800  0.2697 
   00298    0.4796   -5997.9250  0.2735 
   00299    0.4876   -5993.2690  0.2772 
   00300    0.4940   -6059.1668  0.2799 
   00301    0.4808   -6080.7389  0.2809 
   00302    0.4800   -6078.0679  0.2781 
   00303    0.4616   -6128.0224  0.2809 
   00304    0.4708   -6163.2365  0.2818 
   00305    0.4856   -6059.9214  0.2805 
   00306    0.4784   -5972.9467  0.2793 
   00307    0.4844   -6085.3139  0.2825 
   00308    0.4880   -6090.0277  0.2858 
   00309    0.4784   -6151.9545  0.2897 
   00310    0.4836   -6173.6676  0.2900 
   00311    0.4796   -6057.1990  0.2875 
   00312    0.4772   -6052.6028  0.2879 
   00313    0.4856   -6043.7393  0.2854 
   00314    0.4964   -6059.1248  0.2822 
   00315    0.5004   -5989.2936  0.2844 
   00316    0.4852   -5998.5611  0.2851 
   00317    0.4868   -6024.4725  0.2843 
   00318    0.4816   -6041.9077  0.2863 
   00319    0.4864   -6087.4079  0.2901 
   00320    0.4756   -6030.7247  0.2874 
   00321    0.4896   -5985.7531  0.2839 
   00322    0.4952   -5897.2436  0.2812 
   00323    0.5112   -5957.7149  0.2838 
   00324    0.4908   -5936.3544  0.2799 
   00325    0.4792   -5947.0186  0.2790 
   00326    0.4744   -5926.4053  0.2772 
   00327    0.4820   -5982.1083  0.2822 
   00328    0.5016   -5936.9184  0.2761 
   00329    0.4768   -5933.3605  0.2716 
   00330    0.4808   -5942.8944  0.2727 
   00331    0.4932   -5946.1857  0.2726 
   00332    0.5020   -5860.7388  0.2744 
   00333    0.4940   -5842.3394  0.2742 
   00334    0.4924   -5823.5193  0.2760 
   00335    0.4968   -5831.0420  0.2733 
   00336    0.4960   -5881.5023  0.2769 
   00337    0.5032   -5867.1151  0.2750 
   00338    0.4956   -5847.1049  0.2742 
   00339    0.5020   -5924.4224  0.2693 
   00340    0.4716   -6019.0501  0.2718 
   00341    0.4924   -6033.2659  0.2711 
   00342    0.4868   -6020.1834  0.2725 
   00343    0.4892   -6012.3724  0.2774 
   00344    0.4836   -6067.8897  0.2770 
   00345    0.4800   -6101.0888  0.2757 
   00346    0.4836   -6063.0767  0.2718 
   00347    0.4808   -6059.8284  0.2671 
   00348    0.4860   -6161.2427  0.2693 
   00349    0.4812   -6154.5085  0.2668 
   00350    0.4960   -6108.1380  0.2657 
   00351    0.4840   -6067.3172  0.2619 
   00352    0.4860   -6000.1744  0.2599 
   00353    0.5000   -5979.5864  0.2593 
   00354    0.4996   -5945.8508  0.2554 
   00355    0.4808   -5934.2727  0.2581 
   00356    0.4840   -5862.1932  0.2547 
   00357    0.4848   -5869.7158  0.2499 
   00358    0.5024   -5892.4697  0.2509 
   00359    0.5044   -6054.2720  0.2505 
   00360    0.4836   -6070.2021  0.2512 
   00361    0.5020   -6071.9906  0.2518 
   00362    0.4708   -6018.9145  0.2514 
   00363    0.4748   -5973.2162  0.2566 
   00364    0.4896   -6028.2174  0.2613 
   00365    0.5036   -5915.3977  0.2627 
   00366    0.4776   -5896.6225  0.2640 
   00367    0.4976   -5991.1825  0.2670 
   00368    0.5028   -6112.2397  0.2660 
   00369    0.4888   -5994.0863  0.2651 
   00370    0.4840   -6011.8858  0.2677 
   00371    0.4992   -5967.5878  0.2630 
   00372    0.5008   -6015.5357  0.2585 
   00373    0.4772   -5996.3378  0.2576 
   00374    0.5036   -5770.6562  0.2610 
   00375    0.4936   -5840.6221  0.2573 
   00376    0.5008   -5798.3599  0.2642 
   00377    0.5096   -5876.9303  0.2613 
   00378    0.4828   -5932.6305  0.2595 
   00379    0.4872   -5955.2360  0.2546 
   00380    0.4916   -5960.9104  0.2567 
   00381    0.4848   -5917.4575  0.2527 
   00382    0.5104   -5924.8423  0.2545 
   00383    0.4764   -5874.5118  0.2578 
   00384    0.5084   -5885.6460  0.2604 
   00385    0.5100   -5957.1254  0.2579 
   00386    0.4820   -5946.0158  0.2613 
   00387    0.4604   -5915.7333  0.2603 
   00388    0.4984   -5981.6214  0.2583 
   00389    0.5056   -5947.7912  0.2560 
   00390    0.4944   -6009.1842  0.2537 
   00391    0.4828   -6098.2017  0.2515 
   00392    0.4848   -6042.5397  0.2562 
   00393    0.4712   -6042.7686  0.2533 
   00394    0.4768   -6021.7091  0.2511 
   00395    0.4804   -5877.2836  0.2569 
   00396    0.4936   -5893.5744  0.2571 
   00397    0.5104   -5887.1598  0.2571 
   00398    0.4828   -5883.6431  0.2532 
   00399    0.5104   -5865.4364  0.2542 
   00400    0.5004   -5870.6594  0.2583 
   00401    0.4892   -5901.5910  0.2587 
   00402    0.4984   -5866.4889  0.2526 
   00403    0.4896   -5852.0400  0.2521 
   00404    0.5104   -5805.0990  0.2570 
   00405    0.4816   -5790.9825  0.2583 
   00406    0.4900   -5815.9510  0.2568 
   00407    0.4840   -5833.5100  0.2571 
   00408    0.5200   -5894.6302  0.2547 
   00409    0.4840   -5874.0873  0.2547 
   00410    0.4848   -5891.7545  0.2548 
   00411    0.4940   -5999.8599  0.2551 
   00412    0.5000   -5910.9634  0.2572 
   00413    0.4864   -5890.3624  0.2596 
   00414    0.4792   -5936.2264  0.2566 
   00415    0.5060   -5942.4982  0.2581 
   00416    0.4840   -5886.0672  0.2617 
   00417    0.4776   -5836.0194  0.2602 
   00418    0.4952   -5766.6534  0.2623 
   00419    0.5008   -5873.6579  0.2629 
   00420    0.4876   -5832.3104  0.2650 
   00421    0.4788   -5913.3508  0.2704 
   00422    0.4912   -5894.8241  0.2702 
   00423    0.5104   -5979.4074  0.2701 
   00424    0.4764   -6003.6344  0.2699 
   00425    0.4808   -6014.9324  0.2707 
   00426    0.4892   -5950.4644  0.2712 
   00427    0.4972   -5941.6204  0.2779 
   00428    0.4956   -5933.7173  0.2745 
   00429    0.4852   -5861.2354  0.2747 
   00430    0.5124   -5954.8841  0.2712 
   00431    0.4964   -6051.1801  0.2704 
   00432    0.4760   -6006.3265  0.2723 
   00433    0.4876   -5957.8719  0.2695 
   00434    0.5188   -5906.6872  0.2690 
   00435    0.4992   -5906.5059  0.2633 
   00436    0.4892   -6022.3645  0.2658 
   00437    0.4788   -6108.1575  0.2670 
   00438    0.4816   -5985.9629  0.2601 
   00439    0.4868   -6056.9344  0.2608 
   00440    0.4928   -5894.1913  0.2601 
   00441    0.4960   -5914.2849  0.2585 
   00442    0.4936   -5912.4446  0.2608 
   00443    0.4992   -5891.8053  0.2651 
   00444    0.5060   -5904.9131  0.2630 
   00445    0.4952   -5893.5779  0.2614 
   00446    0.5124   -5925.6432  0.2574 
   00447    0.4936   -5906.0880  0.2543 
   00448    0.4860   -5913.6109  0.2565 
   00449    0.4916   -5925.3404  0.2546 
   00450    0.4692   -6080.2180  0.2567 
   00451    0.4524   -6157.9282  0.2549 
   00452    0.4836   -6103.5837  0.2550 
   00453    0.4736   -6140.7858  0.2550 
   00454    0.4816   -6103.5182  0.2532 
   00455    0.4784   -6034.7526  0.2574 
   00456    0.4704   -6094.0189  0.2567 
   00457    0.4772   -6127.9433  0.2590 
   00458    0.4852   -6124.2817  0.2607 
   00459    0.4772   -6097.7962  0.2570 
   00460    0.4732   -6059.8762  0.2549 
   00461    0.4672   -6040.8932  0.2544 
   00462    0.4768   -6025.4597  0.2528 
   00463    0.4764   -6064.7446  0.2519 
   00464    0.4892   -6039.5631  0.2546 
   00465    0.4800   -5945.2297  0.2565 
   00466    0.5036   -5998.8998  0.2569 
   00467    0.4680   -5960.2769  0.2579 
   00468    0.5008   -5971.4323  0.2550 
   00469    0.4980   -5950.8524  0.2556 
   00470    0.5000   -6015.0502  0.2568 
   00471    0.4900   -5994.0800  0.2547 
   00472    0.4724   -5931.6115  0.2561 
   00473    0.5004   -5995.9926  0.2557 
   00474    0.5108   -5938.9198  0.2578 
   00475    0.4760   -5982.4748  0.2599 
   00476    0.4884   -5894.6522  0.2598 
   00477    0.4784   -5873.8935  0.2602 
   00478    0.4800   -5899.1987  0.2565 
   00479    0.4924   -5976.0678  0.2618 
   00480    0.4772   -5952.8724  0.2634 
   00481    0.4956   -5888.2544  0.2679 
   00482    0.4912   -5894.9117  0.2698 
   00483    0.5080   -5908.5194  0.2709 
   00484    0.5100   -5896.9443  0.2703 
   00485    0.4964   -5820.2519  0.2676 
   00486    0.4828   -5886.6768  0.2717 
   00487    0.4776   -5901.7540  0.2704 
   00488    0.4748   -5942.0238  0.2702 
   00489    0.4932   -5900.4679  0.2703 
   00490    0.4836   -5903.4172  0.2689 
   00491    0.4916   -5924.6426  0.2652 
   00492    0.5004   -5888.7748  0.2639 
   00493    0.5092   -5912.0142  0.2645 
   00494    0.4976   -5928.7457  0.2648 
   00495    0.4924   -5789.5896  0.2608 
   00496    0.4936   -5832.0712  0.2601 
   00497    0.5032   -5932.9975  0.2604 
   00498    0.4800   -6018.2327  0.2570 
   00499    0.5040   -5944.1843  0.2626 
   00500    0.4880   -5925.0025  0.2658 
   00501    0.4872   -6010.7380  0.2681 
   00502    0.4948   -6049.7086  0.2714 
   00503    0.4816   -6014.3930  0.2722 
   00504    0.4904   -5950.2703  0.2689 
   00505    0.4888   -6009.4189  0.2718 
   00506    0.4908   -5999.5802  0.2667 
   00507    0.4820   -6007.5190  0.2700 
   00508    0.4748   -6031.3891  0.2700 
   00509    0.4720   -6074.0143  0.2731 
   00510    0.4968   -6014.7004  0.2703 
   00511    0.4708   -5946.5458  0.2695 
   00512    0.5008   -5853.4594  0.2684 
   00513    0.4972   -5962.3814  0.2679 
   00514    0.4928   -5946.9989  0.2644 
   00515    0.4980   -5925.8816  0.2652 
   00516    0.4952   -5786.7254  0.2654 
   00517    0.5128   -5863.3651  0.2688 
   00518    0.4940   -5928.9994  0.2692 
   00519    0.4820   -5972.1028  0.2668 
   00520    0.4884   -5973.1849  0.2723 
   00521    0.4856   -5900.2065  0.2727 
   00522    0.4824   -5924.8581  0.2713 
   00523    0.4864   -5994.7389  0.2741 
   00524    0.4944   -5978.8282  0.2705 
   00525    0.5076   -5951.8565  0.2701 
   00526    0.4844   -5928.3179  0.2687 
   00527    0.4964   -5990.3217  0.2727 
   00528    0.4772   -6091.3436  0.2775 
   00529    0.4812   -6057.6366  0.2714 
   00530    0.4848   -6045.6494  0.2672 
   00531    0.4804   -6167.9697  0.2664 
   00532    0.4736   -6250.3403  0.2685 
   00533    0.4792   -6231.2267  0.2700 
   00534    0.4808   -6162.3730  0.2699 
   00535    0.4632   -6188.0186  0.2689 
   00536    0.4704   -6129.6800  0.2678 
   00537    0.4744   -6083.7580  0.2672 
   00538    0.4736   -5967.8925  0.2715 
   00539    0.4948   -5959.8370  0.2687 
   00540    0.4988   -5930.3786  0.2674 
   00541    0.4940   -5941.8943  0.2686 
   00542    0.4980   -6027.0509  0.2721 
   00543    0.4824   -5976.7977  0.2729 
   00544    0.4808   -5933.1285  0.2681 
   00545    0.4904   -5932.1879  0.2644 
   00546    0.4884   -5860.6564  0.2637 
   00547    0.4656   -5879.3663  0.2639 
   00548    0.4844   -5918.8334  0.2654 
   00549    0.4844   -5921.1394  0.2668 
   00550    0.4884   -5952.9737  0.2693 
   00551    0.4908   -5941.9877  0.2672 
   00552    0.5004   -5907.9545  0.2717 
   00553    0.4844   -5924.9425  0.2715 
   00554    0.4980   -5971.4115  0.2757 
   00555    0.4808   -6000.1275  0.2736 
   00556    0.4784   -6038.6650  0.2716 
   00557    0.4788   -5923.6983  0.2735 
   00558    0.4960   -5831.3945  0.2739 
   00559    0.5008   -5846.6946  0.2744 
   00560    0.5036   -5899.8622  0.2771 
   00561    0.4868   -5918.6584  0.2786 
   00562    0.5076   -5879.7309  0.2740 
   00563    0.5036   -5862.2367  0.2781 
   00564    0.5012   -5883.9281  0.2774 
   00565    0.4916   -5876.7012  0.2775 
   00566    0.5044   -6014.1771  0.2756 
   00567    0.4760   -6003.0343  0.2781 
   00568    0.4864   -6010.5018  0.2754 
   00569    0.4940   -6053.3725  0.2741 
   00570    0.4896   -6002.9778  0.2723 
   00571    0.4956   -6026.8328  0.2731 
   00572    0.4776   -5940.6198  0.2767 
   00573    0.4832   -6065.0719  0.2797 
   00574    0.4616   -6083.3320  0.2804 
   00575    0.4860   -6013.0601  0.2862 
   00576    0.4780   -5994.9933  0.2795 
   00577    0.4792   -5945.5552  0.2788 
   00578    0.4936   -5930.7183  0.2830 
   00579    0.4996   -5884.7775  0.2816 
   00580    0.5140   -5871.1398  0.2757 
   00581    0.4912   -5925.0473  0.2751 
   00582    0.5088   -5792.0542  0.2759 
   00583    0.4904   -5803.5706  0.2755 
   00584    0.4928   -5745.4134  0.2752 
   00585    0.4796   -5681.9129  0.2742 
   00586    0.5080   -5783.4988  0.2697 
   00587    0.4920   -5806.9073  0.2738 
   00588    0.4936   -5777.9952  0.2710 
   00589    0.5144   -5723.6785  0.2719 
   00590    0.4956   -5886.6284  0.2732 
   00591    0.5024   -5996.5811  0.2730 
   00592    0.4732   -6086.1326  0.2752 
   00593    0.4884   -6089.9554  0.2749 
   00594    0.4796   -5989.9941  0.2737 
   00595    0.4924   -5960.2122  0.2774 
   00596    0.4928   -5974.2888  0.2794 
   00597    0.4992   -5878.9823  0.2781 
   00598    0.4788   -5846.0753  0.2766 
   00599    0.4992   -5793.4529  0.2751 
   00600    0.5128   -5793.3468  0.2766 
   00601    0.5048   -5765.5194  0.2726 
   00602    0.5064   -5772.8994  0.2709 
   00603    0.4992   -5863.9352  0.2704 
   00604    0.4972   -5827.6603  0.2649 
   00605    0.5008   -5896.4228  0.2685 
   00606    0.4952   -5946.8160  0.2670 
   00607    0.4896   -5888.2312  0.2664 
   00608    0.4972   -5849.8126  0.2641 
   00609    0.4916   -5836.6504  0.2677 
   00610    0.5128   -5840.9143  0.2677 
   00611    0.4884   -5881.8959  0.2651 
   00612    0.5108   -5841.0911  0.2620 
   00613    0.4888   -5954.9283  0.2609 
   00614    0.4808   -5977.1648  0.2626 
   00615    0.4928   -5967.5722  0.2652 
   00616    0.4840   -6004.0890  0.2616 
   00617    0.5000   -6008.3801  0.2623 
   00618    0.4880   -6062.6771  0.2595 
   00619    0.4672   -6016.7628  0.2598 
   00620    0.4656   -6012.2010  0.2588 
   00621    0.4852   -5944.9685  0.2548 
   00622    0.4756   -5978.2208  0.2503 
   00623    0.4904   -5984.0079  0.2505 
   00624    0.5052   -5865.6890  0.2533 
   00625    0.4956   -5867.2015  0.2579 
   00626    0.5092   -5867.4394  0.2580 
   00627    0.5032   -5850.4546  0.2586 
   00628    0.4828   -5875.5029  0.2592 
   00629    0.5036   -5847.2398  0.2571 
   00630    0.5084   -5895.1008  0.2602 
   00631    0.4864   -5907.6133  0.2617 
   00632    0.5024   -5953.8980  0.2664 
   00633    0.4780   -5917.1219  0.2623 
   00634    0.5004   -5934.7034  0.2625 
   00635    0.4892   -5970.4164  0.2641 
   00636    0.4692   -6091.5539  0.2655 
   00637    0.4800   -6024.9336  0.2690 
   00638    0.4820   -6011.6142  0.2680 
   00639    0.4700   -5999.1814  0.2721 
   00640    0.4956   -6033.8076  0.2729 
   00641    0.4716   -5976.3274  0.2682 
   00642    0.4952   -5936.0750  0.2717 
   00643    0.4780   -5937.5383  0.2694 
   00644    0.4940   -5986.7376  0.2664 
   00645    0.4852   -5912.8763  0.2706 
   00646    0.5060   -5941.1369  0.2688 
   00647    0.4896   -5941.4343  0.2711 
   00648    0.4968   -5988.0752  0.2695 
   00649    0.5016   -5922.2203  0.2752 
   00650    0.4948   -5837.5075  0.2775 
   00651    0.4896   -5874.2927  0.2805 
   00652    0.4880   -5932.3827  0.2812 
   00653    0.4768   -6076.3008  0.2817 
   00654    0.4884   -6045.6843  0.2788 
   00655    0.4892   -6122.9588  0.2798 
   00656    0.4844   -6215.9743  0.2801 
   00657    0.4804   -6122.7374  0.2762 
   00658    0.4768   -6074.0548  0.2766 
   00659    0.4860   -6048.3786  0.2718 
   00660    0.4924   -6035.2578  0.2676 
   00661    0.4832   -6062.6250  0.2652 
   00662    0.4960   -5989.6561  0.2694 
   00663    0.4904   -6052.6958  0.2735 
   00664    0.4888   -6033.5344  0.2735 
   00665    0.5020   -5976.2979  0.2731 
   00666    0.4792   -6088.4104  0.2696 
   00667    0.4836   -5993.8872  0.2682 
   00668    0.4852   -5984.2072  0.2675 
   00669    0.5024   -5881.5605  0.2687 
   00670    0.4872   -5996.1115  0.2712 
   00671    0.4936   -6076.3769  0.2698 
   00672    0.4784   -6061.9078  0.2690 
   00673    0.4760   -6002.2485  0.2654 
   00674    0.4768   -5996.9848  0.2649 
   00675    0.4916   -5977.3299  0.2670 
   00676    0.4884   -5943.1480  0.2645 
   00677    0.5064   -6002.7649  0.2646 
   00678    0.4912   -5979.3797  0.2689 
   00679    0.4828   -6061.0413  0.2722 
   00680    0.4804   -5952.1628  0.2697 
   00681    0.5072   -5977.8720  0.2695 
   00682    0.4852   -5982.4354  0.2669 
   00683    0.4864   -6065.3626  0.2660 
   00684    0.4652   -5965.4879  0.2641 
   00685    0.5048   -5950.1321  0.2599 
   00686    0.4872   -5969.0118  0.2612 
   00687    0.4896   -5937.5607  0.2580 
   00688    0.4960   -5885.4952  0.2563 
   00689    0.4936   -5937.6861  0.2550 
   00690    0.4944   -5924.6484  0.2584 
   00691    0.4964   -5886.3798  0.2598 
   00692    0.5100   -5868.4501  0.2567 
   00693    0.4872   -5863.2987  0.2561 
   00694    0.4876   -5881.0317  0.2583 
   00695    0.4868   -5807.7879  0.2637 
   00696    0.4920   -5866.5526  0.2620 
   00697    0.4952   -5888.8487  0.2669 
   00698    0.5020   -5877.3828  0.2695 
   00699    0.4916   -5902.1781  0.2684 
   00700    0.4944   -5906.1043  0.2642 
   00701    0.4868   -5966.9173  0.2652 
   00702    0.4956   -5997.6127  0.2648 
   00703    0.4876   -5822.0426  0.2615 
   00704    0.4984   -5800.2503  0.2599 
   00705    0.5020   -5839.7399  0.2602 
   00706    0.5016   -5912.7320  0.2586 
   00707    0.4888   -5862.3499  0.2584 
   00708    0.4944   -5848.0733  0.2616 
   00709    0.4860   -5931.9874  0.2618 
   00710    0.5176   -5851.9614  0.2613 
   00711    0.4900   -5864.7611  0.2643 
   00712    0.4860   -5888.7725  0.2657 
   00713    0.5060   -5800.7607  0.2639 
   00714    0.5084   -5830.4971  0.2665 
   00715    0.4828   -5873.6842  0.2664 
   00716    0.4900   -5896.9144  0.2663 
   00717    0.5052   -5908.5090  0.2629 
   00718    0.4996   -5931.6696  0.2643 
   00719    0.4956   -5838.3172  0.2682 
   00720    0.5012   -5808.2703  0.2667 
   00721    0.5240   -5876.4297  0.2706 
   00722    0.5156   -5954.6444  0.2701 
   00723    0.4884   -5938.9265  0.2753 
   00724    0.5112   -5848.6122  0.2725 
   00725    0.4788   -5909.6092  0.2699 
   00726    0.4836   -5860.9706  0.2739 
   00727    0.5076   -5822.1373  0.2726 
   00728    0.5020   -5783.6925  0.2742 
   00729    0.4944   -5805.6907  0.2740 
   00730    0.4928   -5860.9914  0.2707 
   00731    0.4984   -5825.6485  0.2700 
   00732    0.4960   -5832.0679  0.2667 
   00733    0.4960   -5841.8533  0.2668 
   00734    0.5116   -5727.7115  0.2649 
   00735    0.4924   -5842.9602  0.2607 
   00736    0.5132   -5824.7808  0.2652 
   00737    0.5112   -5907.2372  0.2671 
   00738    0.5000   -5790.5577  0.2646 
   00739    0.4764   -5828.4565  0.2703 
   00740    0.5056   -5877.2630  0.2792 
   00741    0.4976   -5821.1177  0.2773 
   00742    0.5052   -5884.4410  0.2796 
   00743    0.4868   -5928.5391  0.2812 
   00744    0.5032   -5890.1806  0.2805 
   00745    0.4968   -5828.7744  0.2769 
   00746    0.4948   -5875.0582  0.2790 
   00747    0.4816   -5953.0554  0.2784 
   00748    0.4964   -5831.4469  0.2818 
   00749    0.5116   -5845.7915  0.2794 
   00750    0.5060   -5803.5798  0.2809 
   00751    0.4976   -5837.4334  0.2824 
   00752    0.5072   -5778.3582  0.2773 
   00753    0.4964   -5813.4883  0.2725 
   00754    0.4964   -5808.8562  0.2725 
   00755    0.5064   -5742.9793  0.2739 
   00756    0.4924   -5793.1138  0.2747 
   00757    0.5072   -5751.7651  0.2703 
   00758    0.5228   -5833.5743  0.2693 
   00759    0.4900   -5853.0893  0.2730 
   00760    0.4840   -5780.3004  0.2695 
   00761    0.4812   -5781.5408  0.2666 
   00762    0.4912   -5864.7928  0.2673 
   00763    0.4912   -5917.1229  0.2652 
   00764    0.4904   -5916.6973  0.2644 
   00765    0.5236   -5814.7948  0.2623 
   00766    0.4908   -5878.6798  0.2636 
   00767    0.4724   -5840.8796  0.2617 
   00768    0.5008   -5770.1718  0.2590 
   00769    0.4984   -5795.3688  0.2570 
   00770    0.4976   -5794.9696  0.2609 
   00771    0.4880   -5868.6439  0.2626 
   00772    0.4972   -5873.2342  0.2588 
   00773    0.4912   -5835.9748  0.2592 
   00774    0.4980   -5798.9309  0.2620 
   00775    0.4904   -5851.5907  0.2650 
   00776    0.4988   -5811.5612  0.2608 
   00777    0.5072   -5850.9424  0.2571 
   00778    0.4996   -5852.5884  0.2582 
   00779    0.4992   -5825.2857  0.2604 
   00780    0.4992   -5798.7706  0.2558 
   00781    0.5080   -5770.4910  0.2592 
   00782    0.4988   -5847.3338  0.2592 
   00783    0.4964   -5875.4557  0.2573 
   00784    0.4956   -5820.4850  0.2566 
   00785    0.4964   -5848.6972  0.2555 
   00786    0.5084   -5831.9561  0.2571 
   00787    0.4932   -5923.9110  0.2628 
   00788    0.5040   -5783.9643  0.2708 
   00789    0.4996   -5785.0608  0.2729 
   00790    0.4924   -5740.4570  0.2736 
   00791    0.5288   -5813.8610  0.2701 
   00792    0.5156   -5736.6301  0.2723 
   00793    0.5088   -5717.1963  0.2664 
   00794    0.5200   -5660.1974  0.2646 
   00795    0.5068   -5722.4298  0.2672 
   00796    0.5204   -5740.2529  0.2573 
   00797    0.4880   -5713.8167  0.2617 
   00798    0.4980   -5741.3485  0.2647 
   00799    0.4828   -5780.1780  0.2668 
   00800    0.4984   -5801.0304  0.2640 
   00801    0.5036   -5778.2999  0.2621 
   00802    0.5020   -5729.2808  0.2635 
   00803    0.5064   -5847.8657  0.2643 
   00804    0.4780   -5853.0601  0.2636 
   00805    0.5072   -5840.2878  0.2645 
   00806    0.4728   -5886.9863  0.2733 
   00807    0.4996   -5908.8745  0.2721 
   00808    0.5016   -5826.3550  0.2713 
   00809    0.4864   -5830.2653  0.2705 
   00810    0.4856   -5839.7964  0.2702 
   00811    0.5040   -5876.2365  0.2703 
   00812    0.4932   -5937.3887  0.2691 
   00813    0.5028   -5743.6582  0.2696 
   00814    0.5100   -5779.2924  0.2668 
   00815    0.4992   -5853.9905  0.2613 
   00816    0.4848   -5852.2998  0.2577 
   00817    0.5024   -5915.9303  0.2593 
   00818    0.4892   -5929.1694  0.2636 
   00819    0.5004   -5805.2537  0.2632 
   00820    0.4956   -5890.6999  0.2635 
   00821    0.5020   -5789.9583  0.2646 
   00822    0.4832   -5851.2641  0.2663 
   00823    0.5000   -5922.7499  0.2652 
   00824    0.5028   -5892.6607  0.2646 
   00825    0.4968   -5897.7277  0.2640 
   00826    0.4884   -5848.9035  0.2668 
   00827    0.5044   -5835.8395  0.2652 
   00828    0.4976   -5769.2697  0.2634 
   00829    0.5016   -5744.7277  0.2627 
   00830    0.4968   -5875.4256  0.2649 
   00831    0.4876   -5856.7313  0.2663 
   00832    0.4952   -5848.8641  0.2672 
   00833    0.4944   -5911.7760  0.2693 
   00834    0.5008   -5929.5865  0.2697 
   00835    0.5044   -5881.9926  0.2728 
   00836    0.4844   -5935.2844  0.2746 
   00837    0.4840   -5939.6512  0.2726 
   00838    0.4916   -5947.8086  0.2673 
   00839    0.4960   -5895.7709  0.2666 
   00840    0.5000   -5852.8578  0.2644 
   00841    0.5136   -5767.8899  0.2653 
   00842    0.4864   -5805.1464  0.2650 
   00843    0.4968   -5950.0104  0.2683 
   00844    0.4816   -5901.0633  0.2652 
   00845    0.5092   -5822.4240  0.2676 
   00846    0.4740   -5949.0698  0.2688 
   00847    0.4876   -6012.3210  0.2713 
   00848    0.5060   -5871.0023  0.2717 
   00849    0.5056   -5837.6877  0.2732 
   00850    0.5088   -5817.3310  0.2754 
   00851    0.5032   -5865.5742  0.2772 
   00852    0.4908   -5816.4330  0.2768 
   00853    0.4932   -5939.5901  0.2780 
   00854    0.5040   -5944.1860  0.2802 
   00855    0.5004   -5886.0821  0.2798 
   00856    0.4924   -5885.4339  0.2821 
   00857    0.5000   -5842.8860  0.2805 
   00858    0.4872   -5822.9434  0.2828 
   00859    0.5024   -5810.9111  0.2839 
   00860    0.4828   -5903.8135  0.2836 
   00861    0.5012   -5893.0196  0.2862 
   00862    0.4848   -5932.8932  0.2885 
   00863    0.4856   -5882.1390  0.2844 
   00864    0.5000   -5889.9397  0.2844 
   00865    0.4948   -5914.1441  0.2825 
   00866    0.4932   -5837.7735  0.2806 
   00867    0.4908   -5909.1618  0.2879 
   00868    0.4944   -5899.0989  0.2871 
   00869    0.4792   -5800.3143  0.2852 
   00870    0.5032   -5873.5241  0.2842 
   00871    0.5196   -5892.2564  0.2827 
   00872    0.5144   -5746.9450  0.2825 
   00873    0.5208   -5792.2303  0.2841 
   00874    0.5060   -5778.7626  0.2771 
   00875    0.5000   -5757.0678  0.2782 
   00876    0.4904   -5819.5756  0.2829 
   00877    0.5020   -5859.8036  0.2825 
   00878    0.4996   -5848.0617  0.2829 
   00879    0.5216   -5846.4824  0.2797 
   00880    0.5160   -5856.3129  0.2779 
   00881    0.4984   -5829.7047  0.2781 
   00882    0.5084   -5821.2283  0.2746 
   00883    0.4848   -5939.9848  0.2756 
   00884    0.4864   -5927.2278  0.2788 
   00885    0.4960   -5830.7533  0.2771 
   00886    0.4940   -5789.0322  0.2785 
   00887    0.4820   -5776.2465  0.2815 
   00888    0.5080   -5817.0824  0.2830 
   00889    0.4780   -5920.4764  0.2841 
   00890    0.4940   -5826.8984  0.2864 
   00891    0.4964   -5813.4320  0.2865 
   00892    0.4728   -5855.2215  0.2900 
   00893    0.4764   -5846.6620  0.2821 
   00894    0.4732   -5910.1634  0.2837 
   00895    0.4996   -5935.7557  0.2828 
   00896    0.4844   -5823.7669  0.2850 
   00897    0.4972   -5877.1400  0.2862 
   00898    0.4964   -5932.7045  0.2852 
   00899    0.4816   -5929.1838  0.2835 
   00900    0.4892   -6025.7428  0.2820 
   00901    0.4980   -6012.0267  0.2828 
   00902    0.4956   -5929.1936  0.2897 
   00903    0.4696   -6004.5261  0.2885 
   00904    0.4852   -6010.9452  0.2904 
   00905    0.4760   -6026.7505  0.2918 
   00906    0.4848   -6070.0049  0.2942 
   00907    0.5016   -5904.5643  0.2936 
   00908    0.4892   -6011.6711  0.2947 
   00909    0.4696   -6019.5113  0.2917 
   00910    0.4852   -6000.7335  0.2905 
   00911    0.4872   -6122.2157  0.2947 
   00912    0.4832   -5980.4864  0.2900 
   00913    0.4840   -6007.6418  0.2887 
   00914    0.4768   -5959.4747  0.2890 
   00915    0.4896   -5995.6063  0.2926 
   00916    0.5020   -6001.7070  0.2878 
   00917    0.5048   -5919.0267  0.2845 
   00918    0.4880   -5951.8446  0.2821 
   00919    0.4940   -5904.9289  0.2796 
   00920    0.5036   -5931.1650  0.2858 
   00921    0.4880   -6028.5698  0.2871 
   00922    0.4992   -6040.9172  0.2878 
   00923    0.4736   -6033.5312  0.2831 
   00924    0.4740   -6036.8278  0.2798 
   00925    0.4796   -6043.2688  0.2813 
   00926    0.4816   -6006.1298  0.2792 
   00927    0.4768   -5938.1419  0.2804 
   00928    0.4896   -5936.0064  0.2831 
   00929    0.4928   -5918.8864  0.2788 
   00930    0.4972   -5855.7554  0.2827 
   00931    0.5084   -5941.4924  0.2839 
   00932    0.5008   -6020.7780  0.2841 
   00933    0.4892   -5950.9499  0.2840 
   00934    0.4784   -5984.1178  0.2829 
   00935    0.4824   -6002.2535  0.2876 
   00936    0.4792   -5948.0913  0.2871 
   00937    0.4888   -5995.8534  0.2847 
   00938    0.5072   -5937.3773  0.2818 
   00939    0.4756   -5976.5187  0.2838 
   00940    0.4704   -6087.2291  0.2835 
   00941    0.4800   -6080.1605  0.2802 
   00942    0.4756   -6098.8310  0.2808 
   00943    0.4860   -6123.7988  0.2852 
   00944    0.4808   -6135.7754  0.2866 
   00945    0.4816   -6125.0877  0.2931 
   00946    0.4840   -6077.6766  0.2867 
   00947    0.4808   -6078.7703  0.2848 
   00948    0.4788   -6196.2155  0.2809 
   00949    0.4676   -6080.2130  0.2809 
   00950    0.4848   -6065.6211  0.2781 
   00951    0.4964   -6102.8491  0.2775 
   00952    0.4740   -6049.9549  0.2738 
   00953    0.4784   -5983.9663  0.2718 
   00954    0.4704   -6036.8790  0.2720 
   00955    0.4804   -5992.3694  0.2736 
   00956    0.4752   -6012.3556  0.2770 
   00957    0.4676   -5997.5097  0.2749 
   00958    0.4800   -5994.5879  0.2741 
   00959    0.4784   -6038.5464  0.2707 
   00960    0.4916   -6040.0593  0.2729 
   00961    0.4756   -6060.3951  0.2702 
   00962    0.4736   -6050.9251  0.2707 
   00963    0.4796   -5980.1924  0.2742 
   00964    0.4800   -5955.1333  0.2757 
   00965    0.4924   -5846.8380  0.2712 
   00966    0.5040   -5824.6972  0.2711 
   00967    0.5000   -5901.2193  0.2698 
   00968    0.4884   -5904.2116  0.2714 
   00969    0.4908   -6020.1315  0.2694 
   00970    0.4916   -6035.1414  0.2728 
   00971    0.4876   -5938.2398  0.2732 
   00972    0.5000   -5940.5820  0.2735 
   00973    0.4752   -6005.8662  0.2742 
   00974    0.4716   -5973.4338  0.2782 
   00975    0.4824   -5972.7841  0.2786 
   00976    0.4840   -5936.5006  0.2739 
   00977    0.4976   -5988.1358  0.2772 
   00978    0.4884   -5979.7041  0.2764 
   00979    0.5048   -5954.7355  0.2723 
   00980    0.4780   -5947.3837  0.2700 
   00981    0.4980   -5822.7959  0.2654 
   00982    0.5044   -5841.1433  0.2719 
   00983    0.4992   -5801.2216  0.2679 
   00984    0.5208   -5864.7645  0.2639 
   00985    0.4884   -5892.7599  0.2618 
   00986    0.4964   -5926.5458  0.2624 
   00987    0.5012   -5902.7141  0.2615 
   00988    0.4988   -5923.3625  0.2628 
   00989    0.4976   -5977.4146  0.2604 
   00990    0.4872   -5973.1457  0.2589 
   00991    0.5140   -5994.1123  0.2597 
   00992    0.4856   -5983.0884  0.2621 
   00993    0.4792   -6002.3882  0.2634 
   00994    0.4964   -6012.9139  0.2575 
   00995    0.5004   -5996.5799  0.2523 
   00996    0.4924   -5947.9538  0.2524 
   00997    0.4896   -5902.6068  0.2548 
   00998    0.5084   -5874.7138  0.2556 
   00999    0.5020   -5830.1483  0.2594 
   01000    0.4884   -5746.7675  0.2573 
