#=====================================================
# File created:        Tue-12-Mar-2024-at-04-09-07PM
# Size of lattice:     350x350
# Number of MC steps:  50
# Reduced temperature: 1.000
# Run time (s):        26.083076
#=====================================================
# MC step:  Ratio:     Energy:   Order:
#=====================================================
   00000    0.5000 -122829.6527  0.2523 
   00001    0.6965 -185649.6571  0.2553 
   00002    0.6251 -215545.3551  0.2549 
   00003    0.5887 -233242.7419  0.2552 
   00004    0.5671 -244440.1269  0.2581 
   00005    0.5524 -252705.1045  0.2591 
   00006    0.5413 -259276.4955  0.2585 
   00007    0.5343 -263920.5327  0.2566 
   00008    0.5272 -267655.5773  0.2576 
   00009    0.5231 -270505.3141  0.2566 
   00010    0.5169 -273007.8087  0.2574 
   00011    0.5161 -274975.0322  0.2570 
   00012    0.5132 -276721.7769  0.2582 
   00013    0.5118 -278003.0223  0.2575 
   00014    0.5063 -280308.7632  0.2568 
   00015    0.5080 -281127.2585  0.2575 
   00016    0.5036 -282341.7074  0.2575 
   00017    0.5054 -282877.7452  0.2561 
   00018    0.5026 -283085.2653  0.2554 
   00019    0.5008 -283870.7634  0.2552 
   00020    0.4995 -284502.6807  0.2579 
   00021    0.4991 -284514.4831  0.2586 
   00022    0.4995 -285236.4391  0.2579 
   00023    0.4986 -285953.5902  0.2589 
   00024    0.4986 -285319.8590  0.2585 
   00025    0.4971 -285313.1633  0.2569 
   00026    0.4980 -286118.5179  0.2549 
   00027    0.4955 -286334.8173  0.2548 
   00028    0.4978 -286535.5411  0.2543 
   00029    0.4984 -286107.8700  0.2541 
   00030    0.4964 -286809.3389  0.2554 
   00031    0.4969 -286834.7837  0.2544 
   00032    0.4970 -287192.7412  0.2527 
   00033    0.4935 -287664.5874  0.2524 
   00034    0.4939 -288142.0804  0.2530 
   00035    0.4951 -289037.4173  0.2529 
   00036    0.4953 -289727.9489  0.2540 
   00037    0.4918 -289576.6373  0.2555 
   00038    0.4959 -289042.4221  0.2564 
   00039    0.4944 -288862.3113  0.2567 
   00040    0.4949 -289026.2631  0.2569 
   00041    0.4949 -289198.9157  0.2577 
   00042    0.4950 -290180.4252  0.2575 
   00043    0.4899 -290452.7960  0.2564 
   00044    0.4907 -290066.0100  0.2566 
   00045    0.4906 -289449.3331  0.2566 
   00046    0.4929 -289548.5549  0.2573 
   00047    0.4932 -289950.7832  0.2582 
   00048    0.4922 -289657.2884  0.2565 
   00049    0.4951 -289885.9671  0.2575 
   00050    0.4923 -290093.0458  0.2566 
