#=====================================================
# File created:        Tue-12-Mar-2024-at-04-12-09PM
# Size of lattice:     450x450
# Number of MC steps:  50
# Reduced temperature: 1.000
# Run time (s):        46.042618
#=====================================================
# MC step:  Ratio:     Energy:   Order:
#=====================================================
   00000    0.5000 -201943.2226  0.2518 
   00001    0.6943 -305603.8528  0.2537 
   00002    0.6264 -355394.1318  0.2539 
   00003    0.5895 -385548.7069  0.2562 
   00004    0.5668 -405211.0372  0.2559 
   00005    0.5515 -420650.0852  0.2565 
   00006    0.5381 -430489.0932  0.2573 
   00007    0.5317 -436854.8039  0.2571 
   00008    0.5259 -442894.6115  0.2566 
   00009    0.5214 -447417.5516  0.2565 
   00010    0.5187 -451700.4219  0.2566 
   00011    0.5142 -455972.1990  0.2574 
   00012    0.5096 -457789.1383  0.2581 
   00013    0.5094 -459799.5574  0.2572 
   00014    0.5070 -462506.2344  0.2568 
   00015    0.5077 -464683.8697  0.2558 
   00016    0.5051 -466039.8904  0.2560 
   00017    0.5038 -466299.1776  0.2543 
   00018    0.5019 -467962.1443  0.2538 
   00019    0.5016 -469304.4648  0.2540 
   00020    0.4992 -470618.1967  0.2543 
   00021    0.4989 -471022.3053  0.2534 
   00022    0.4982 -471295.7447  0.2536 
   00023    0.5002 -472160.2813  0.2541 
   00024    0.4984 -472738.6611  0.2540 
   00025    0.4974 -472412.9775  0.2563 
   00026    0.4970 -472522.9512  0.2569 
   00027    0.4966 -472927.4237  0.2574 
   00028    0.4986 -473708.5861  0.2575 
   00029    0.4981 -473972.5049  0.2568 
   00030    0.4986 -473416.6076  0.2554 
   00031    0.4968 -473886.9765  0.2571 
   00032    0.4955 -474273.3299  0.2576 
   00033    0.4963 -473611.4781  0.2563 
   00034    0.4986 -473326.4195  0.2544 
   00035    0.4970 -474275.1439  0.2559 
   00036    0.4978 -475113.7792  0.2547 
   00037    0.4949 -475562.4576  0.2537 
   00038    0.4957 -475236.5691  0.2547 
   00039    0.4970 -475674.6009  0.2545 
   00040    0.4940 -476088.3092  0.2540 
   00041    0.4941 -476485.1580  0.2524 
   00042    0.4942 -476272.8469  0.2526 
   00043    0.4955 -476944.1323  0.2510 
   00044    0.4953 -477021.7366  0.2516 
   00045    0.4959 -476655.3300  0.2501 
   00046    0.4939 -477063.2368  0.2508 
   00047    0.4929 -476758.0416  0.2508 
   00048    0.4932 -477556.7815  0.2506 
   00049    0.4934 -477701.3519  0.2504 
   00050    0.4947 -477051.9584  0.2510 
