#=====================================================
# File created:        Sat-09-Mar-2024-at-12-25-36PM
# Size of lattice:     200x200
# Number of MC steps:  200
# Reduced temperature: 0.500
# Run time (s):        119.358337
#=====================================================
# MC step:  Ratio:     Energy:   Order:
#=====================================================
   00000    0.5000  -39855.7141  0.2503 
   00001    0.6821  -59223.9694  0.2516 
   00002    0.6236  -71843.6435  0.2522 
   00003    0.5892  -80825.2029  0.2525 
   00004    0.5595  -87958.6358  0.2528 
   00005    0.5368  -93394.4843  0.2531 
   00006    0.5208  -97723.0166  0.2534 
   00007    0.5077 -101105.8947  0.2538 
   00008    0.4996 -104255.4768  0.2544 
   00009    0.4947 -106807.7018  0.2553 
   00010    0.4890 -109014.7993  0.2561 
   00011    0.4752 -111280.4835  0.2562 
   00012    0.4715 -113118.2062  0.2568 
   00013    0.4688 -114804.7362  0.2567 
   00014    0.4637 -116069.1782  0.2576 
   00015    0.4592 -117452.0888  0.2573 
   00016    0.4566 -118463.0683  0.2575 
   00017    0.4571 -119280.1300  0.2577 
   00018    0.4497 -120277.7176  0.2573 
   00019    0.4491 -121067.3267  0.2574 
   00020    0.4466 -121722.0529  0.2573 
   00021    0.4461 -122236.0945  0.2578 
   00022    0.4430 -122801.9745  0.2575 
   00023    0.4486 -123330.6490  0.2572 
   00024    0.4458 -123805.6673  0.2573 
   00025    0.4384 -124284.8179  0.2579 
   00026    0.4395 -124738.0488  0.2581 
   00027    0.4367 -124959.6263  0.2585 
   00028    0.4375 -125387.1163  0.2584 
   00029    0.4339 -125770.5687  0.2585 
   00030    0.4334 -126128.0531  0.2583 
   00031    0.4348 -126346.6894  0.2585 
   00032    0.4337 -126417.7396  0.2587 
   00033    0.4349 -126705.7446  0.2594 
   00034    0.4343 -126889.6732  0.2593 
   00035    0.4325 -127149.2420  0.2596 
   00036    0.4324 -127455.6790  0.2597 
   00037    0.4322 -127616.1758  0.2598 
   00038    0.4316 -127860.4104  0.2595 
   00039    0.4327 -128152.5910  0.2591 
   00040    0.4299 -128120.0120  0.2595 
   00041    0.4270 -128071.2195  0.2590 
   00042    0.4283 -128313.3651  0.2583 
   00043    0.4299 -128629.7854  0.2581 
   00044    0.4240 -128648.1830  0.2580 
   00045    0.4303 -128944.3889  0.2581 
   00046    0.4315 -129203.1197  0.2585 
   00047    0.4273 -129292.5274  0.2580 
   00048    0.4277 -129373.1671  0.2580 
   00049    0.4237 -129497.2592  0.2585 
   00050    0.4317 -129597.4270  0.2590 
   00051    0.4310 -129854.2328  0.2597 
   00052    0.4290 -129823.3618  0.2599 
   00053    0.4267 -129846.1537  0.2599 
   00054    0.4246 -129833.4091  0.2596 
   00055    0.4226 -129913.7394  0.2596 
   00056    0.4315 -130200.6424  0.2605 
   00057    0.4227 -130511.5468  0.2606 
   00058    0.4251 -130619.5707  0.2606 
   00059    0.4233 -130703.7465  0.2604 
   00060    0.4288 -130937.1550  0.2607 
   00061    0.4254 -130902.2511  0.2608 
   00062    0.4209 -130916.9505  0.2611 
   00063    0.4219 -131026.8722  0.2615 
   00064    0.4222 -131051.7152  0.2614 
   00065    0.4232 -130918.2212  0.2617 
   00066    0.4245 -130844.9849  0.2616 
   00067    0.4223 -131158.1946  0.2621 
   00068    0.4240 -131088.7046  0.2624 
   00069    0.4251 -131386.2399  0.2628 
   00070    0.4233 -131524.3092  0.2630 
   00071    0.4219 -131464.1027  0.2633 
   00072    0.4237 -131559.6995  0.2634 
   00073    0.4213 -131767.1178  0.2640 
   00074    0.4233 -131632.9815  0.2635 
   00075    0.4234 -131629.6889  0.2638 
   00076    0.4250 -131570.7761  0.2640 
   00077    0.4260 -131830.0881  0.2638 
   00078    0.4190 -131888.3644  0.2632 
   00079    0.4190 -132055.9339  0.2632 
   00080    0.4215 -132127.0656  0.2636 
   00081    0.4247 -131941.1613  0.2637 
   00082    0.4199 -132167.4508  0.2642 
   00083    0.4231 -132316.8389  0.2642 
   00084    0.4192 -132158.7759  0.2648 
   00085    0.4148 -132136.7673  0.2645 
   00086    0.4197 -132170.8908  0.2648 
   00087    0.4204 -132261.6562  0.2647 
   00088    0.4166 -132183.3782  0.2645 
   00089    0.4190 -132337.6302  0.2640 
   00090    0.4218 -132354.9540  0.2641 
   00091    0.4185 -132371.8243  0.2644 
   00092    0.4174 -132565.4609  0.2640 
   00093    0.4243 -132596.3345  0.2643 
   00094    0.4181 -132520.5222  0.2645 
   00095    0.4217 -132621.3002  0.2649 
   00096    0.4141 -132434.4352  0.2645 
   00097    0.4215 -132587.3525  0.2645 
   00098    0.4201 -132673.1263  0.2650 
   00099    0.4198 -132666.8881  0.2650 
   00100    0.4198 -132799.9108  0.2646 
   00101    0.4139 -132883.6089  0.2645 
   00102    0.4160 -132851.3633  0.2648 
   00103    0.4170 -132815.4676  0.2645 
   00104    0.4201 -132769.9662  0.2648 
   00105    0.4177 -132773.1198  0.2650 
   00106    0.4140 -132950.4481  0.2649 
   00107    0.4164 -132922.1038  0.2650 
   00108    0.4217 -132917.5001  0.2650 
   00109    0.4186 -132869.2906  0.2649 
   00110    0.4163 -132871.2853  0.2652 
   00111    0.4189 -132861.7437  0.2649 
   00112    0.4188 -133222.2476  0.2650 
   00113    0.4248 -133249.3826  0.2648 
   00114    0.4145 -133306.9634  0.2652 
   00115    0.4216 -133242.1329  0.2649 
   00116    0.4184 -133277.5889  0.2657 
   00117    0.4170 -133205.6202  0.2661 
   00118    0.4163 -133315.7892  0.2662 
   00119    0.4137 -133453.1678  0.2664 
   00120    0.4149 -133392.3853  0.2665 
   00121    0.4177 -133297.1883  0.2663 
   00122    0.4212 -133154.2852  0.2662 
   00123    0.4181 -133218.4567  0.2660 
   00124    0.4176 -133219.8345  0.2663 
   00125    0.4142 -133231.2380  0.2660 
   00126    0.4171 -133265.4879  0.2656 
   00127    0.4130 -133378.0270  0.2657 
   00128    0.4179 -133500.2737  0.2654 
   00129    0.4152 -133449.5772  0.2657 
   00130    0.4188 -133520.2287  0.2658 
   00131    0.4194 -133628.5943  0.2662 
   00132    0.4161 -133688.1053  0.2667 
   00133    0.4187 -133776.0784  0.2674 
   00134    0.4153 -133729.6495  0.2673 
   00135    0.4203 -133573.9005  0.2670 
   00136    0.4201 -133572.4562  0.2670 
   00137    0.4193 -133679.1455  0.2673 
   00138    0.4179 -133647.6476  0.2672 
   00139    0.4155 -133701.0457  0.2671 
   00140    0.4148 -133620.2924  0.2668 
   00141    0.4179 -133729.3198  0.2672 
   00142    0.4149 -133781.0475  0.2674 
   00143    0.4217 -133802.5675  0.2673 
   00144    0.4147 -133787.1193  0.2672 
   00145    0.4159 -133706.1384  0.2670 
   00146    0.4169 -133621.2298  0.2673 
   00147    0.4134 -133875.0141  0.2668 
   00148    0.4122 -133806.6612  0.2670 
   00149    0.4203 -133900.3196  0.2676 
   00150    0.4103 -133897.3411  0.2673 
   00151    0.4174 -133854.3364  0.2681 
   00152    0.4163 -133827.8688  0.2680 
   00153    0.4207 -133911.9618  0.2679 
   00154    0.4160 -133856.2872  0.2675 
   00155    0.4131 -134043.5071  0.2680 
   00156    0.4178 -134070.9523  0.2679 
   00157    0.4143 -134115.2419  0.2672 
   00158    0.4160 -134250.1152  0.2672 
   00159    0.4213 -134073.6315  0.2668 
   00160    0.4134 -134040.0646  0.2667 
   00161    0.4128 -134042.1735  0.2675 
   00162    0.4179 -134148.4876  0.2678 
   00163    0.4156 -134153.1790  0.2681 
   00164    0.4190 -134179.6495  0.2681 
   00165    0.4148 -134174.4175  0.2680 
   00166    0.4138 -134148.3817  0.2678 
   00167    0.4136 -134047.4379  0.2680 
   00168    0.4128 -133839.2954  0.2681 
   00169    0.4149 -133866.7267  0.2679 
   00170    0.4117 -133922.1380  0.2675 
   00171    0.4108 -133913.4311  0.2674 
   00172    0.4190 -133859.3151  0.2674 
   00173    0.4159 -134117.7861  0.2677 
   00174    0.4187 -134210.9473  0.2684 
   00175    0.4168 -134177.1409  0.2684 
   00176    0.4153 -134282.1377  0.2682 
   00177    0.4140 -134121.5697  0.2687 
   00178    0.4178 -134158.8035  0.2689 
   00179    0.4138 -134189.9365  0.2689 
   00180    0.4168 -134171.6725  0.2693 
   00181    0.4134 -134124.4634  0.2689 
   00182    0.4179 -134256.7302  0.2690 
   00183    0.4179 -134336.7149  0.2692 
   00184    0.4141 -134354.4566  0.2689 
   00185    0.4178 -134597.1238  0.2688 
   00186    0.4152 -134660.1466  0.2690 
   00187    0.4133 -134743.2682  0.2695 
   00188    0.4127 -134690.6872  0.2693 
   00189    0.4132 -134630.7752  0.2697 
   00190    0.4156 -134628.4726  0.2708 
   00191    0.4129 -134586.3267  0.2702 
   00192    0.4170 -134654.2027  0.2702 
   00193    0.4116 -134529.7634  0.2702 
   00194    0.4183 -134427.9850  0.2708 
   00195    0.4148 -134285.5346  0.2708 
   00196    0.4140 -134458.2686  0.2709 
   00197    0.4163 -134366.9877  0.2708 
   00198    0.4133 -134531.3884  0.2701 
   00199    0.4175 -134434.2996  0.2701 
   00200    0.4190 -134279.6107  0.2698 
