#=====================================================
# File created:        Tue-12-Mar-2024-at-01-00-06PM
# Size of lattice:     50x50
# Number of MC steps:  300
# Reduced temperature: 1.000
# Run time (s):        11.635682
#=====================================================
# MC step:  Ratio:     Energy:   Order:
#=====================================================
   00000    0.5000   -2468.8667  0.7520 
   00001    0.7000   -3735.3767  0.7707 
   00002    0.6048   -4451.8424  0.7627 
   00003    0.5768   -4684.4169  0.7545 
   00004    0.5856   -4894.1749  0.7584 
   00005    0.5648   -5103.7441  0.7758 
   00006    0.5716   -5171.6042  0.7745 
   00007    0.5328   -5425.0629  0.7703 
   00008    0.5472   -5497.7426  0.7621 
   00009    0.5240   -5423.9426  0.7572 
   00010    0.5204   -5495.0624  0.7566 
   00011    0.5168   -5472.1722  0.7583 
   00012    0.5396   -5504.4431  0.7548 
   00013    0.5168   -5505.8481  0.7609 
   00014    0.5048   -5604.6122  0.7721 
   00015    0.5104   -5640.6290  0.7666 
   00016    0.5188   -5649.6423  0.7677 
   00017    0.5224   -5670.5531  0.7866 
   00018    0.5180   -5706.3481  0.7965 
   00019    0.5140   -5714.4528  0.7990 
   00020    0.4992   -5660.3716  0.8116 
   00021    0.4932   -5708.1969  0.7998 
   00022    0.5128   -5661.3902  0.8019 
   00023    0.5152   -5646.7554  0.7857 
   00024    0.5060   -5668.9852  0.7875 
   00025    0.4936   -5727.2487  0.7930 
   00026    0.5184   -5815.1882  0.7961 
   00027    0.5032   -5823.6134  0.7943 
   00028    0.4992   -5814.0682  0.7888 
   00029    0.4932   -5745.1645  0.7925 
   00030    0.5036   -5890.0260  0.7987 
   00031    0.4884   -5864.0253  0.7901 
   00032    0.4868   -5870.3849  0.7970 
   00033    0.4820   -6014.9590  0.8027 
   00034    0.4716   -5954.0605  0.7970 
   00035    0.4984   -5996.5134  0.7988 
   00036    0.4820   -5927.8540  0.8021 
   00037    0.4856   -5998.1898  0.8019 
   00038    0.4936   -5975.8810  0.7919 
   00039    0.4892   -6009.2911  0.7944 
   00040    0.4656   -5927.8268  0.8045 
   00041    0.5064   -5915.3323  0.8059 
   00042    0.4772   -5980.2925  0.8087 
   00043    0.4748   -6048.5822  0.8099 
   00044    0.4752   -6028.9912  0.7958 
   00045    0.4728   -6092.2209  0.7926 
   00046    0.4912   -6029.2013  0.7915 
   00047    0.4740   -5990.3772  0.7794 
   00048    0.5052   -5925.7525  0.7940 
   00049    0.4924   -5874.5277  0.7989 
   00050    0.4948   -5744.1633  0.7780 
   00051    0.4916   -5885.6047  0.7762 
   00052    0.4876   -5953.8718  0.7908 
   00053    0.5036   -5972.7942  0.8021 
   00054    0.4900   -5940.8435  0.7992 
   00055    0.4888   -5958.9012  0.8110 
   00056    0.4908   -5967.1930  0.8148 
   00057    0.5012   -5905.6675  0.8001 
   00058    0.4928   -5818.9029  0.7967 
   00059    0.5016   -5822.3840  0.7957 
   00060    0.5048   -5825.4450  0.8063 
   00061    0.5108   -5763.2433  0.8001 
   00062    0.4968   -5734.8419  0.7864 
   00063    0.4928   -5763.5503  0.7874 
   00064    0.4904   -5786.5463  0.7894 
   00065    0.5004   -5774.9430  0.7850 
   00066    0.4988   -5788.0855  0.7827 
   00067    0.4936   -5786.0549  0.7874 
   00068    0.5096   -5790.6032  0.8058 
   00069    0.4856   -5903.7870  0.8064 
   00070    0.5004   -5841.3379  0.8140 
   00071    0.5096   -5817.0481  0.8095 
   00072    0.4888   -5832.7502  0.8080 
   00073    0.4940   -5866.9920  0.8087 
   00074    0.4948   -5921.6090  0.8191 
   00075    0.5168   -5869.1029  0.8197 
   00076    0.5016   -5968.9159  0.8321 
   00077    0.4852   -5974.6671  0.8330 
   00078    0.4796   -5975.6537  0.8293 
   00079    0.4992   -5920.8714  0.8235 
   00080    0.4796   -5941.5104  0.8150 
   00081    0.5036   -5947.9538  0.8231 
   00082    0.4816   -5804.5466  0.8195 
   00083    0.5048   -5822.8965  0.8159 
   00084    0.5064   -5859.8947  0.8140 
   00085    0.5108   -5832.0763  0.8271 
   00086    0.5036   -5883.4517  0.8284 
   00087    0.5076   -5935.8556  0.8411 
   00088    0.4864   -5965.5648  0.8502 
   00089    0.4904   -5958.6991  0.8588 
   00090    0.4648   -6010.3786  0.8536 
   00091    0.4800   -6009.7095  0.8432 
   00092    0.4868   -5966.8889  0.8299 
   00093    0.4916   -5884.6653  0.8237 
   00094    0.4856   -5986.0569  0.8350 
   00095    0.4852   -5935.5911  0.8337 
   00096    0.5160   -5960.1981  0.8351 
   00097    0.4796   -5950.4790  0.8388 
   00098    0.4924   -5943.0992  0.8435 
   00099    0.4884   -5898.9646  0.8487 
   00100    0.4940   -5905.0588  0.8429 
   00101    0.4832   -5905.9708  0.8356 
   00102    0.4896   -5930.3724  0.8283 
   00103    0.5120   -5888.8362  0.8220 
   00104    0.4944   -5855.6666  0.8330 
   00105    0.4884   -5893.7768  0.8399 
   00106    0.4984   -5880.1393  0.8364 
   00107    0.4900   -5946.2364  0.8534 
   00108    0.5112   -5860.7110  0.8601 
   00109    0.5252   -5918.1306  0.8562 
   00110    0.4892   -5902.1308  0.8597 
   00111    0.4892   -5989.2595  0.8563 
   00112    0.4900   -5951.2452  0.8426 
   00113    0.4968   -5941.8746  0.8389 
   00114    0.4812   -5951.9730  0.8437 
   00115    0.4880   -6014.5206  0.8459 
   00116    0.4864   -5955.5818  0.8439 
   00117    0.4836   -5995.8073  0.8529 
   00118    0.4808   -5954.9130  0.8542 
   00119    0.4792   -5903.6602  0.8551 
   00120    0.4828   -5996.9042  0.8478 
   00121    0.4928   -5955.1870  0.8354 
   00122    0.4896   -6014.5507  0.8200 
   00123    0.4784   -6076.8452  0.8233 
   00124    0.4824   -6077.7444  0.8292 
   00125    0.5004   -5968.9107  0.8151 
   00126    0.4848   -5966.0845  0.8105 
   00127    0.4784   -5929.5954  0.8108 
   00128    0.4940   -5920.7729  0.8059 
   00129    0.4924   -5894.3932  0.7971 
   00130    0.4896   -5996.4544  0.7972 
   00131    0.5004   -6033.1567  0.7938 
   00132    0.4876   -6137.2805  0.7948 
   00133    0.4872   -6100.5397  0.7917 
   00134    0.4800   -6130.8526  0.8015 
   00135    0.4724   -6091.9340  0.8112 
   00136    0.4720   -6027.8003  0.8042 
   00137    0.4776   -5944.9648  0.8018 
   00138    0.4880   -5994.5881  0.8042 
   00139    0.4872   -5943.8895  0.8119 
   00140    0.4888   -5932.4727  0.8049 
   00141    0.5024   -5990.8975  0.8030 
   00142    0.4984   -5965.0943  0.8043 
   00143    0.4856   -6085.2067  0.8104 
   00144    0.4864   -6033.7487  0.7939 
   00145    0.4980   -6045.8022  0.7927 
   00146    0.4928   -5986.2909  0.7984 
   00147    0.4808   -5892.2745  0.7996 
   00148    0.4912   -5850.7650  0.8012 
   00149    0.5024   -5889.6173  0.8004 
   00150    0.5068   -5938.7041  0.7922 
   00151    0.4872   -5943.5016  0.7919 
   00152    0.4872   -5988.9034  0.8019 
   00153    0.4876   -6010.2573  0.8171 
   00154    0.4840   -6042.4931  0.8233 
   00155    0.4832   -6008.8668  0.8184 
   00156    0.4864   -6061.8699  0.8141 
   00157    0.4816   -6101.7908  0.8040 
   00158    0.4904   -6048.2992  0.7992 
   00159    0.4792   -6090.7075  0.8057 
   00160    0.4800   -6044.5296  0.8026 
   00161    0.4872   -6093.0018  0.8113 
   00162    0.4888   -6089.5968  0.8108 
   00163    0.4908   -6042.2062  0.8194 
   00164    0.4948   -6105.4872  0.8268 
   00165    0.4728   -6013.3423  0.8251 
   00166    0.4776   -5915.1375  0.8211 
   00167    0.4976   -5971.5274  0.8165 
   00168    0.5000   -5777.7884  0.8023 
   00169    0.5072   -5755.7740  0.7868 
   00170    0.5236   -5705.0613  0.7829 
   00171    0.5164   -5747.7038  0.7826 
   00172    0.4940   -5869.3398  0.7833 
   00173    0.5096   -5833.2357  0.7858 
   00174    0.4876   -5846.3640  0.7853 
   00175    0.5096   -5870.7657  0.8102 
   00176    0.4924   -5954.8879  0.7995 
   00177    0.4900   -5764.1291  0.8060 
   00178    0.5164   -5800.6112  0.8038 
   00179    0.5056   -5712.2205  0.7844 
   00180    0.5040   -5700.7538  0.7923 
   00181    0.4980   -5655.3522  0.7882 
   00182    0.4932   -5847.7372  0.7857 
   00183    0.4916   -5923.4341  0.7775 
   00184    0.4804   -5907.6379  0.7763 
   00185    0.5044   -5811.9627  0.7808 
   00186    0.4912   -5792.6130  0.7855 
   00187    0.5076   -5805.9004  0.7838 
   00188    0.5004   -5905.6665  0.7933 
   00189    0.5036   -5856.1542  0.7885 
   00190    0.4868   -5720.2685  0.7903 
   00191    0.5068   -5747.0229  0.7887 
   00192    0.4940   -5818.5015  0.7965 
   00193    0.4912   -5801.9877  0.7963 
   00194    0.4956   -5751.6159  0.8117 
   00195    0.5084   -5735.2672  0.8250 
   00196    0.4920   -5810.6859  0.8376 
   00197    0.4772   -5800.2905  0.8389 
   00198    0.5052   -5765.3220  0.8414 
   00199    0.4976   -5726.8572  0.8461 
   00200    0.4988   -5703.4210  0.8514 
   00201    0.4936   -5782.6256  0.8618 
   00202    0.4900   -5830.7262  0.8735 
   00203    0.5040   -5855.2094  0.8618 
   00204    0.4948   -5942.3269  0.8565 
   00205    0.4892   -5939.0545  0.8487 
   00206    0.4972   -5912.8919  0.8419 
   00207    0.4792   -5895.1002  0.8532 
   00208    0.4704   -5921.5849  0.8644 
   00209    0.4772   -5968.6110  0.8611 
   00210    0.4784   -6007.0913  0.8445 
   00211    0.4872   -5959.8881  0.8405 
   00212    0.5012   -5836.6194  0.8364 
   00213    0.4852   -5938.5424  0.8466 
   00214    0.4844   -5926.3722  0.8519 
   00215    0.4884   -5972.8751  0.8445 
   00216    0.4772   -5956.2040  0.8523 
   00217    0.5028   -5981.0148  0.8464 
   00218    0.4696   -5962.4538  0.8462 
   00219    0.4892   -5964.0188  0.8331 
   00220    0.5012   -5968.6405  0.8380 
   00221    0.4808   -5972.9546  0.8277 
   00222    0.4856   -5881.9215  0.8302 
   00223    0.4804   -5914.6768  0.8380 
   00224    0.5204   -5905.9278  0.8442 
   00225    0.4952   -5847.8157  0.8387 
   00226    0.4900   -5902.5617  0.8395 
   00227    0.5044   -5919.2678  0.8433 
   00228    0.5052   -5893.6985  0.8466 
   00229    0.4916   -5835.3507  0.8319 
   00230    0.5016   -5926.0042  0.8163 
   00231    0.4884   -5979.7023  0.8093 
   00232    0.4880   -5993.1393  0.8136 
   00233    0.5016   -5974.2714  0.8194 
   00234    0.4976   -5909.5681  0.8063 
   00235    0.4980   -5920.8469  0.8096 
   00236    0.4800   -5987.2187  0.8203 
   00237    0.4752   -5987.6622  0.8306 
   00238    0.4868   -5924.3046  0.8238 
   00239    0.4976   -5939.3251  0.8254 
   00240    0.4976   -5881.1535  0.8237 
   00241    0.4988   -5878.7068  0.8051 
   00242    0.4976   -5886.2090  0.7911 
   00243    0.5004   -5870.4013  0.7888 
   00244    0.4828   -5825.2354  0.7896 
   00245    0.4916   -5890.9788  0.8081 
   00246    0.5112   -5965.4201  0.8074 
   00247    0.4792   -5832.0786  0.8132 
   00248    0.5048   -5872.9739  0.8061 
   00249    0.5008   -5835.6242  0.8129 
   00250    0.4908   -5811.7694  0.8115 
   00251    0.4896   -5929.8460  0.8061 
   00252    0.5020   -5838.1463  0.8076 
   00253    0.4848   -5811.5838  0.8108 
   00254    0.5048   -5722.8084  0.8122 
   00255    0.5116   -5798.1275  0.8224 
   00256    0.4920   -5852.6543  0.8307 
   00257    0.5024   -5956.4837  0.8359 
   00258    0.4980   -6035.3739  0.8310 
   00259    0.4656   -5988.3595  0.8263 
   00260    0.4984   -5901.6110  0.8316 
   00261    0.5056   -5892.4063  0.8509 
   00262    0.4920   -5881.8029  0.8451 
   00263    0.4940   -5898.2179  0.8389 
   00264    0.4764   -5882.4858  0.8483 
   00265    0.5008   -5857.3047  0.8387 
   00266    0.5040   -5789.3993  0.8344 
   00267    0.5024   -5755.3466  0.8316 
   00268    0.4936   -5713.3611  0.8284 
   00269    0.5004   -5724.0977  0.8280 
   00270    0.5196   -5723.9840  0.8427 
   00271    0.5208   -5747.6139  0.8495 
   00272    0.5052   -5829.1351  0.8561 
   00273    0.5024   -5874.9339  0.8462 
   00274    0.5044   -5856.4874  0.8396 
   00275    0.4892   -5927.3365  0.8316 
   00276    0.4816   -6021.0344  0.8188 
   00277    0.4824   -6032.4137  0.8137 
   00278    0.4928   -6016.0392  0.8132 
   00279    0.4820   -5988.8369  0.8175 
   00280    0.4808   -5955.6466  0.8077 
   00281    0.5016   -5926.9660  0.8165 
   00282    0.4892   -5907.8233  0.8270 
   00283    0.4956   -5929.4854  0.8321 
   00284    0.5056   -5930.2947  0.8323 
   00285    0.5156   -5863.5852  0.8279 
   00286    0.4884   -5830.4931  0.8313 
   00287    0.5040   -5857.9723  0.8368 
   00288    0.4940   -5989.0826  0.8300 
   00289    0.4800   -5887.7417  0.8295 
   00290    0.4688   -5966.5868  0.8430 
   00291    0.4912   -5910.8213  0.8438 
   00292    0.5176   -5743.2390  0.8415 
   00293    0.5140   -5794.6690  0.8502 
   00294    0.4932   -5827.0869  0.8622 
   00295    0.5028   -5759.8659  0.8663 
   00296    0.4932   -5768.4575  0.8492 
   00297    0.4856   -5745.5222  0.8424 
   00298    0.5052   -5890.6857  0.8500 
   00299    0.4892   -5860.9569  0.8440 
   00300    0.4880   -5815.1609  0.8463 
