#=====================================================
# File created:        Tue-12-Mar-2024-at-06-33-33PM
# Size of lattice:     50x50
# Number of MC steps:  400
# Reduced temperature: 1.000
# Run time (s):        3.148786
#=====================================================
# MC step:  Ratio:     Energy:   Order:
#=====================================================
   00000    0.5000   -2385.1273  0.2558 
   00001    0.7056   -3803.4443  0.2546 
   00002    0.6296   -4404.8193  0.2569 
   00003    0.6060   -4802.3218  0.2648 
   00004    0.5652   -5062.5012  0.2682 
   00005    0.5480   -5233.3453  0.2649 
   00006    0.5444   -5318.8304  0.2598 
   00007    0.5248   -5356.4998  0.2584 
   00008    0.5208   -5453.5099  0.2616 
   00009    0.5120   -5546.9305  0.2563 
   00010    0.5292   -5517.1778  0.2573 
   00011    0.5056   -5575.2197  0.2534 
   00012    0.5272   -5628.8909  0.2533 
   00013    0.5016   -5631.8355  0.2524 
   00014    0.5048   -5696.3546  0.2524 
   00015    0.4900   -5788.4280  0.2558 
   00016    0.5136   -5710.3478  0.2579 
   00017    0.4828   -5771.3909  0.2596 
   00018    0.4964   -5819.0487  0.2630 
   00019    0.4856   -5835.8356  0.2645 
   00020    0.4832   -5934.3351  0.2655 
   00021    0.5048   -5870.0612  0.2660 
   00022    0.4932   -5876.1469  0.2621 
   00023    0.4764   -5817.6716  0.2613 
   00024    0.5040   -5884.3968  0.2651 
   00025    0.4972   -5926.2438  0.2661 
   00026    0.4904   -5911.3644  0.2641 
   00027    0.4832   -5898.3944  0.2648 
   00028    0.4996   -5922.3646  0.2667 
   00029    0.5108   -5808.1656  0.2654 
   00030    0.4832   -5853.1864  0.2642 
   00031    0.5108   -5901.1651  0.2639 
   00032    0.4980   -5930.1401  0.2616 
   00033    0.4924   -5990.3828  0.2643 
   00034    0.4816   -6004.2639  0.2683 
   00035    0.4896   -6087.2807  0.2697 
   00036    0.4720   -6052.8181  0.2731 
   00037    0.4932   -5915.9621  0.2735 
   00038    0.5132   -5894.8957  0.2737 
   00039    0.4624   -5932.3731  0.2758 
   00040    0.4936   -5873.6453  0.2786 
   00041    0.5000   -5873.1317  0.2799 
   00042    0.4912   -5943.6717  0.2767 
   00043    0.4888   -5795.3222  0.2776 
   00044    0.4916   -5786.6474  0.2755 
   00045    0.4956   -5765.0097  0.2723 
   00046    0.5108   -5759.0789  0.2714 
   00047    0.4920   -5797.8965  0.2757 
   00048    0.5024   -5749.0400  0.2803 
   00049    0.4984   -5748.1322  0.2785 
   00050    0.4852   -5792.0543  0.2841 
   00051    0.5008   -5779.2267  0.2817 
   00052    0.4960   -5827.7252  0.2842 
   00053    0.4984   -5763.0695  0.2826 
   00054    0.4872   -5839.7047  0.2786 
   00055    0.5060   -5900.2118  0.2805 
   00056    0.4900   -5865.9840  0.2804 
   00057    0.4952   -5781.1390  0.2824 
   00058    0.4980   -5755.1973  0.2782 
   00059    0.4848   -5794.8703  0.2800 
   00060    0.4964   -5819.9734  0.2776 
   00061    0.4940   -5818.3054  0.2756 
   00062    0.5016   -5878.3851  0.2769 
   00063    0.5012   -5892.4435  0.2749 
   00064    0.4900   -5836.3239  0.2775 
   00065    0.4988   -5855.8507  0.2762 
   00066    0.5096   -5814.9617  0.2770 
   00067    0.5028   -5845.4526  0.2780 
   00068    0.4844   -5922.1956  0.2795 
   00069    0.4848   -5925.9799  0.2817 
   00070    0.4852   -5889.0117  0.2847 
   00071    0.5176   -5800.6447  0.2843 
   00072    0.4952   -5743.5611  0.2846 
   00073    0.5052   -5688.5603  0.2811 
   00074    0.5064   -5758.0486  0.2806 
   00075    0.4968   -5858.9588  0.2839 
   00076    0.5024   -5838.4644  0.2857 
   00077    0.4976   -5861.3158  0.2851 
   00078    0.4796   -6023.8905  0.2832 
   00079    0.4704   -6083.3564  0.2812 
   00080    0.4884   -6023.3447  0.2855 
   00081    0.4928   -6069.4855  0.2855 
   00082    0.4852   -6024.3805  0.2854 
   00083    0.4780   -5930.7299  0.2865 
   00084    0.4892   -5923.0751  0.2905 
   00085    0.4856   -5979.9272  0.2868 
   00086    0.4920   -5993.4925  0.2845 
   00087    0.5132   -5974.9622  0.2868 
   00088    0.4916   -5949.8091  0.2867 
   00089    0.4764   -5969.9772  0.2854 
   00090    0.4808   -5899.3635  0.2851 
   00091    0.4732   -5907.3560  0.2850 
   00092    0.5140   -5851.1391  0.2843 
   00093    0.5080   -5805.6787  0.2836 
   00094    0.4948   -5821.4814  0.2780 
   00095    0.5000   -5819.0806  0.2793 
   00096    0.4912   -5869.5810  0.2817 
   00097    0.5188   -5917.2710  0.2784 
   00098    0.4920   -5945.6348  0.2754 
   00099    0.5004   -5960.3696  0.2791 
   00100    0.4944   -6019.2667  0.2845 
   00101    0.4912   -6003.1307  0.2837 
   00102    0.4776   -6013.1315  0.2772 
   00103    0.4812   -6038.1521  0.2805 
   00104    0.4776   -6033.8556  0.2792 
   00105    0.4968   -5954.2577  0.2793 
   00106    0.4940   -5951.2755  0.2754 
   00107    0.4900   -5988.9376  0.2766 
   00108    0.5092   -5799.5033  0.2773 
   00109    0.5032   -5862.1900  0.2746 
   00110    0.4900   -5790.5795  0.2746 
   00111    0.4732   -5896.1539  0.2715 
   00112    0.5060   -5879.1275  0.2678 
   00113    0.4796   -5891.8687  0.2684 
   00114    0.4896   -5875.9819  0.2698 
   00115    0.4916   -5885.0152  0.2633 
   00116    0.4892   -5891.3712  0.2646 
   00117    0.4808   -5887.4273  0.2606 
   00118    0.4920   -5886.8392  0.2606 
   00119    0.5088   -5893.6938  0.2634 
   00120    0.5032   -5877.2650  0.2611 
   00121    0.5000   -5851.9751  0.2619 
   00122    0.4712   -5956.6772  0.2588 
   00123    0.5016   -5907.1333  0.2613 
   00124    0.5016   -5692.0312  0.2632 
   00125    0.4960   -5677.3314  0.2579 
   00126    0.5108   -5704.1982  0.2579 
   00127    0.5164   -5733.5360  0.2545 
   00128    0.5432   -5556.2633  0.2563 
   00129    0.5416   -5588.5694  0.2532 
   00130    0.5256   -5638.6584  0.2512 
   00131    0.5156   -5683.9506  0.2513 
   00132    0.5028   -5758.7790  0.2528 
   00133    0.5200   -5827.3270  0.2534 
   00134    0.4780   -5794.8451  0.2528 
   00135    0.5100   -5769.6870  0.2610 
   00136    0.5144   -5663.7901  0.2606 
   00137    0.4924   -5770.5475  0.2623 
   00138    0.5032   -5765.4943  0.2598 
   00139    0.5008   -5791.5324  0.2598 
   00140    0.4980   -5793.2718  0.2616 
   00141    0.4900   -5737.6327  0.2611 
   00142    0.5088   -5827.7129  0.2631 
   00143    0.4988   -5816.6342  0.2611 
   00144    0.4836   -5842.6275  0.2566 
   00145    0.5004   -5938.3347  0.2541 
   00146    0.4888   -5899.0171  0.2573 
   00147    0.4988   -5863.6412  0.2581 
   00148    0.4920   -5831.2303  0.2614 
   00149    0.4820   -5769.1229  0.2568 
   00150    0.4908   -5888.3303  0.2557 
   00151    0.4888   -5933.7441  0.2570 
   00152    0.4892   -5918.3461  0.2592 
   00153    0.5000   -5866.5769  0.2568 
   00154    0.4896   -5976.6664  0.2584 
   00155    0.4848   -5896.3487  0.2594 
   00156    0.4960   -5901.6512  0.2597 
   00157    0.5076   -5819.4393  0.2604 
   00158    0.4844   -5821.9797  0.2568 
   00159    0.4720   -5931.6109  0.2592 
   00160    0.4864   -5930.7811  0.2561 
   00161    0.4864   -5900.3203  0.2578 
   00162    0.5028   -5917.4934  0.2648 
   00163    0.4968   -5869.5952  0.2661 
   00164    0.4936   -5854.1636  0.2659 
   00165    0.5028   -5847.5785  0.2701 
   00166    0.5036   -5872.9472  0.2687 
   00167    0.5148   -5718.5294  0.2666 
   00168    0.4936   -5765.2070  0.2672 
   00169    0.5020   -5697.0310  0.2675 
   00170    0.5160   -5670.1116  0.2652 
   00171    0.4864   -5787.9850  0.2675 
   00172    0.4964   -5728.4389  0.2672 
   00173    0.4932   -5874.5892  0.2707 
   00174    0.4972   -5833.6984  0.2684 
   00175    0.4860   -5870.1121  0.2654 
   00176    0.4972   -5880.4918  0.2693 
   00177    0.4864   -5914.6856  0.2668 
   00178    0.4932   -5907.3353  0.2662 
   00179    0.5052   -5993.6457  0.2676 
   00180    0.5016   -5851.4716  0.2651 
   00181    0.5004   -6018.9869  0.2709 
   00182    0.4864   -5896.1709  0.2698 
   00183    0.4868   -5866.1309  0.2674 
   00184    0.4976   -5869.6229  0.2647 
   00185    0.4920   -5877.4491  0.2632 
   00186    0.4828   -5854.1426  0.2651 
   00187    0.5048   -5881.7308  0.2652 
   00188    0.4944   -5873.6178  0.2658 
   00189    0.4884   -5868.6257  0.2653 
   00190    0.4836   -5886.2325  0.2694 
   00191    0.4824   -5917.8987  0.2685 
   00192    0.4936   -5770.6806  0.2722 
   00193    0.5076   -5738.9159  0.2687 
   00194    0.4960   -5838.8606  0.2671 
   00195    0.4980   -5908.0144  0.2683 
   00196    0.4944   -5874.4025  0.2702 
   00197    0.4904   -5898.8076  0.2751 
   00198    0.4892   -5907.7457  0.2770 
   00199    0.4924   -5883.4084  0.2772 
   00200    0.5048   -5859.3292  0.2752 
   00201    0.4940   -5858.3154  0.2749 
   00202    0.4820   -5875.6398  0.2806 
   00203    0.5004   -5891.0636  0.2778 
   00204    0.5132   -5895.0918  0.2796 
   00205    0.4940   -5828.9435  0.2828 
   00206    0.5068   -5882.2459  0.2801 
   00207    0.5016   -5862.9926  0.2792 
   00208    0.5024   -5902.8586  0.2770 
   00209    0.4976   -5902.3483  0.2779 
   00210    0.5024   -5929.5739  0.2788 
   00211    0.4952   -5881.3047  0.2824 
   00212    0.4928   -5849.3850  0.2772 
   00213    0.4952   -5884.3572  0.2742 
   00214    0.4936   -5833.7198  0.2719 
   00215    0.4928   -5818.0987  0.2715 
   00216    0.4984   -5752.2460  0.2727 
   00217    0.4964   -5703.4562  0.2745 
   00218    0.5064   -5702.5683  0.2715 
   00219    0.5032   -5706.9050  0.2682 
   00220    0.4960   -5658.3078  0.2710 
   00221    0.5136   -5660.6533  0.2718 
   00222    0.4880   -5677.8470  0.2731 
   00223    0.5124   -5732.4984  0.2734 
   00224    0.5140   -5858.9827  0.2741 
   00225    0.4780   -5965.8507  0.2734 
   00226    0.4800   -5879.5580  0.2757 
   00227    0.4948   -5908.9493  0.2744 
   00228    0.4856   -6033.6108  0.2797 
   00229    0.4864   -6090.6892  0.2799 
   00230    0.5120   -5933.4394  0.2793 
   00231    0.4984   -5932.8112  0.2797 
   00232    0.5128   -5992.1316  0.2841 
   00233    0.4952   -5941.9596  0.2876 
   00234    0.4800   -5958.4608  0.2877 
   00235    0.4960   -6040.3216  0.2861 
   00236    0.4780   -6017.2104  0.2829 
   00237    0.4592   -6091.6377  0.2831 
   00238    0.4692   -6090.5153  0.2823 
   00239    0.4908   -6103.5635  0.2834 
   00240    0.4692   -6093.7469  0.2820 
   00241    0.4824   -6091.2375  0.2869 
   00242    0.5020   -6087.6677  0.2909 
   00243    0.4836   -6025.2630  0.2942 
   00244    0.4852   -6032.7725  0.2934 
   00245    0.4676   -6026.8837  0.2931 
   00246    0.5016   -6100.3710  0.2930 
   00247    0.4692   -6186.0350  0.2972 
   00248    0.4828   -6102.0489  0.2999 
   00249    0.4884   -6059.9982  0.3009 
   00250    0.4720   -6106.8168  0.2972 
   00251    0.4788   -6010.9096  0.2949 
   00252    0.4928   -6001.5865  0.2913 
   00253    0.4952   -6010.0803  0.2919 
   00254    0.4772   -5981.1050  0.2893 
   00255    0.4840   -5903.1668  0.2843 
   00256    0.4916   -5843.6587  0.2856 
   00257    0.4884   -5832.9795  0.2865 
   00258    0.4936   -5964.4697  0.2891 
   00259    0.4908   -5987.6113  0.2859 
   00260    0.4672   -6055.6853  0.2856 
   00261    0.4896   -5995.5904  0.2840 
   00262    0.4976   -5868.9821  0.2817 
   00263    0.4976   -5900.0355  0.2802 
   00264    0.5100   -5957.9002  0.2800 
   00265    0.4832   -5942.0822  0.2778 
   00266    0.5076   -5968.5631  0.2794 
   00267    0.4784   -5965.6167  0.2796 
   00268    0.4836   -5942.8501  0.2760 
   00269    0.4776   -6042.1464  0.2741 
   00270    0.4924   -5941.0593  0.2692 
   00271    0.4896   -5928.5349  0.2699 
   00272    0.4944   -5874.9251  0.2728 
   00273    0.4812   -6010.2009  0.2720 
   00274    0.4736   -5927.0083  0.2701 
   00275    0.4856   -5805.3338  0.2678 
   00276    0.5056   -5843.2560  0.2636 
   00277    0.4932   -5852.9853  0.2691 
   00278    0.4920   -5865.4579  0.2711 
   00279    0.4936   -5879.3296  0.2678 
   00280    0.4660   -5866.8584  0.2699 
   00281    0.4708   -5888.5209  0.2647 
   00282    0.4948   -5891.7592  0.2687 
   00283    0.4784   -5952.4462  0.2716 
   00284    0.5060   -5941.8514  0.2705 
   00285    0.4848   -5964.2465  0.2667 
   00286    0.4888   -6010.0030  0.2644 
   00287    0.4984   -6040.8127  0.2661 
   00288    0.4820   -6053.8002  0.2623 
   00289    0.4860   -6010.9607  0.2615 
   00290    0.4876   -5986.2385  0.2638 
   00291    0.4708   -6064.7733  0.2584 
   00292    0.4980   -6010.0961  0.2631 
   00293    0.4932   -5988.8977  0.2635 
   00294    0.4864   -6001.1465  0.2714 
   00295    0.4956   -5891.7480  0.2683 
   00296    0.4840   -5842.1692  0.2667 
   00297    0.5096   -5969.9099  0.2711 
   00298    0.4796   -5948.1431  0.2734 
   00299    0.4836   -5823.6859  0.2742 
   00300    0.4956   -5898.3604  0.2756 
   00301    0.5008   -6000.1543  0.2783 
   00302    0.4944   -5891.7843  0.2754 
   00303    0.4856   -5889.5873  0.2704 
   00304    0.5144   -5920.8386  0.2674 
   00305    0.4780   -5864.9931  0.2632 
   00306    0.4832   -5934.7846  0.2620 
   00307    0.4892   -5929.8260  0.2635 
   00308    0.4876   -5866.5403  0.2623 
   00309    0.4980   -5801.1922  0.2685 
   00310    0.4856   -5913.7121  0.2655 
   00311    0.4936   -5896.3019  0.2656 
   00312    0.4956   -5927.2584  0.2656 
   00313    0.4960   -5857.5906  0.2683 
   00314    0.4952   -5898.0589  0.2682 
   00315    0.5016   -6009.7005  0.2693 
   00316    0.4776   -5968.1671  0.2685 
   00317    0.4808   -6002.1942  0.2698 
   00318    0.4804   -6075.6361  0.2736 
   00319    0.4800   -6083.6864  0.2698 
   00320    0.4872   -6057.0074  0.2715 
   00321    0.4900   -6080.4915  0.2742 
   00322    0.4536   -6039.9450  0.2723 
   00323    0.4904   -5930.4467  0.2741 
   00324    0.4920   -5954.2389  0.2718 
   00325    0.4996   -5985.1237  0.2735 
   00326    0.4748   -6057.4884  0.2681 
   00327    0.4704   -6091.4860  0.2655 
   00328    0.4772   -6135.7378  0.2649 
   00329    0.4808   -5984.0602  0.2640 
   00330    0.4800   -5988.9680  0.2631 
   00331    0.4864   -5969.6727  0.2633 
   00332    0.4716   -5931.4843  0.2646 
   00333    0.4740   -5948.1784  0.2600 
   00334    0.4940   -5853.8794  0.2609 
   00335    0.4844   -5815.6611  0.2583 
   00336    0.4848   -5889.5989  0.2613 
   00337    0.5028   -5940.7699  0.2598 
   00338    0.5044   -5899.4333  0.2597 
   00339    0.4972   -5947.8030  0.2631 
   00340    0.4812   -5976.5732  0.2610 
   00341    0.4908   -5907.8257  0.2642 
   00342    0.4744   -5848.8462  0.2620 
   00343    0.4904   -5830.1834  0.2630 
   00344    0.5020   -5774.2461  0.2655 
   00345    0.4992   -5876.8755  0.2635 
   00346    0.4928   -5885.6355  0.2630 
   00347    0.4916   -5861.6049  0.2623 
   00348    0.4764   -5950.8434  0.2595 
   00349    0.4992   -5966.5996  0.2561 
   00350    0.4864   -6015.2866  0.2586 
   00351    0.4828   -6091.5140  0.2628 
   00352    0.4888   -5992.6072  0.2622 
   00353    0.4680   -6044.3632  0.2637 
   00354    0.4896   -6061.3576  0.2611 
   00355    0.4880   -5963.3124  0.2587 
   00356    0.4788   -5853.0320  0.2629 
   00357    0.4760   -5932.1530  0.2685 
   00358    0.4920   -5974.0839  0.2717 
   00359    0.4864   -5948.5059  0.2666 
   00360    0.4868   -5976.0059  0.2659 
   00361    0.4892   -5871.4402  0.2631 
   00362    0.4996   -5862.3138  0.2649 
   00363    0.4884   -5895.9530  0.2629 
   00364    0.4912   -5928.4953  0.2655 
   00365    0.4872   -5841.4951  0.2600 
   00366    0.5116   -5827.1120  0.2554 
   00367    0.4900   -5939.8234  0.2546 
   00368    0.4824   -5997.1443  0.2519 
   00369    0.4788   -6033.3803  0.2585 
   00370    0.4768   -5905.0723  0.2537 
   00371    0.4772   -5855.9876  0.2541 
   00372    0.4848   -5969.9623  0.2592 
   00373    0.5012   -6010.7827  0.2612 
   00374    0.4864   -5956.4358  0.2617 
   00375    0.4904   -5933.1994  0.2605 
   00376    0.4888   -5979.5295  0.2616 
   00377    0.4932   -6089.6683  0.2567 
   00378    0.4832   -6010.5536  0.2604 
   00379    0.4828   -5992.2368  0.2579 
   00380    0.4980   -6002.5065  0.2571 
   00381    0.4768   -5987.2310  0.2595 
   00382    0.4872   -5869.3156  0.2613 
   00383    0.5012   -5860.0399  0.2646 
   00384    0.5048   -5903.4563  0.2665 
   00385    0.4804   -6015.7296  0.2646 
   00386    0.4928   -6044.9104  0.2623 
   00387    0.4816   -6081.1889  0.2644 
   00388    0.4760   -6036.5708  0.2626 
   00389    0.4932   -5970.5465  0.2641 
   00390    0.4900   -5981.1524  0.2682 
   00391    0.5060   -6019.5187  0.2676 
   00392    0.4796   -6045.8532  0.2691 
   00393    0.4908   -5957.0106  0.2674 
   00394    0.5060   -5843.6730  0.2672 
   00395    0.5044   -5812.1932  0.2662 
   00396    0.4948   -5835.7974  0.2646 
   00397    0.4972   -5851.1769  0.2697 
   00398    0.4832   -5868.2382  0.2680 
   00399    0.4924   -5960.3403  0.2683 
   00400    0.4872   -5911.4154  0.2721 
