#=====================================================
# File created:        Tue-12-Mar-2024-at-06-45-46PM
# Size of lattice:     250x250
# Number of MC steps:  50
# Reduced temperature: 1.000
# Run time (s):        13.148007
#=====================================================
# MC step:  Ratio:     Energy:   Order:
#=====================================================
   00000    0.5000  -62532.0661  0.2543 
   00001    0.6972  -94919.7633  0.2506 
   00002    0.6280 -109944.5877  0.2544 
   00003    0.5919 -119295.2207  0.2564 
   00004    0.5647 -125273.3514  0.2542 
   00005    0.5519 -129385.0811  0.2565 
   00006    0.5395 -132965.2632  0.2571 
   00007    0.5305 -135180.1523  0.2559 
   00008    0.5261 -136900.2802  0.2579 
   00009    0.5250 -138266.6286  0.2563 
   00010    0.5170 -139108.8358  0.2582 
   00011    0.5183 -140370.2557  0.2558 
   00012    0.5100 -141021.7160  0.2550 
   00013    0.5100 -141864.2042  0.2576 
   00014    0.5117 -142900.8990  0.2556 
   00015    0.5046 -143218.8234  0.2592 
   00016    0.5032 -143637.2245  0.2592 
   00017    0.5051 -143896.2553  0.2569 
   00018    0.5032 -144633.1358  0.2575 
   00019    0.4998 -144747.3905  0.2570 
   00020    0.5001 -145724.6220  0.2555 
   00021    0.5017 -146189.1736  0.2542 
   00022    0.4984 -145882.6076  0.2554 
   00023    0.4942 -146087.1649  0.2566 
   00024    0.4943 -146228.4920  0.2570 
   00025    0.4986 -146174.1257  0.2548 
   00026    0.4957 -146231.0385  0.2564 
   00027    0.4954 -146264.2500  0.2554 
   00028    0.4982 -146249.4108  0.2559 
   00029    0.4953 -146391.9223  0.2556 
   00030    0.4959 -146973.5239  0.2558 
   00031    0.4964 -146763.7234  0.2586 
   00032    0.4946 -147037.0524  0.2597 
   00033    0.4951 -147123.2964  0.2599 
   00034    0.4948 -147070.3891  0.2597 
   00035    0.4951 -147374.7053  0.2584 
   00036    0.4952 -146842.4900  0.2610 
   00037    0.4956 -146999.7856  0.2629 
   00038    0.4949 -146955.4164  0.2612 
   00039    0.4925 -146808.1079  0.2614 
   00040    0.4948 -147226.0975  0.2657 
   00041    0.4925 -147619.0898  0.2666 
   00042    0.4969 -147729.9684  0.2663 
   00043    0.4951 -147550.6739  0.2643 
   00044    0.4926 -147416.4532  0.2652 
   00045    0.4964 -147200.3207  0.2634 
   00046    0.4917 -147514.2477  0.2621 
   00047    0.4921 -148129.0318  0.2610 
   00048    0.4959 -147793.6950  0.2618 
   00049    0.4943 -147524.4668  0.2596 
   00050    0.4939 -147482.9455  0.2598 
