#=====================================================
# File created:        Tue-12-Mar-2024-at-07-23-32PM
# Size of lattice:     250x250
# Number of MC steps:  50
# Reduced temperature: 1.000
# Run time (s):        74.086920
#=====================================================
# MC step:  Ratio:     Energy:   Order:
#=====================================================
   00000    0.5000  -62066.4945  0.2511 
   00001    0.6987  -94415.0845  0.2517 
   00002    0.6265 -109947.9873  0.2527 
   00003    0.5882 -119242.7494  0.2534 
   00004    0.5622 -124808.4446  0.2543 
   00005    0.5546 -129075.3811  0.2535 
   00006    0.5435 -132059.7756  0.2556 
   00007    0.5313 -134634.0589  0.2575 
   00008    0.5232 -136743.9398  0.2580 
   00009    0.5178 -138212.6507  0.2546 
   00010    0.5147 -139948.1314  0.2538 
   00011    0.5153 -140819.6054  0.2545 
   00012    0.5098 -141422.9330  0.2537 
   00013    0.5111 -142014.1467  0.2563 
   00014    0.5073 -142805.4548  0.2568 
   00015    0.5050 -143370.7017  0.2542 
   00016    0.5037 -143809.0567  0.2548 
   00017    0.5061 -144272.1496  0.2562 
   00018    0.5055 -143849.0408  0.2543 
   00019    0.4993 -144437.5673  0.2542 
   00020    0.5030 -145154.6607  0.2521 
   00021    0.5009 -145195.7503  0.2514 
   00022    0.5025 -145617.9026  0.2508 
   00023    0.4995 -145966.4923  0.2515 
   00024    0.4973 -146442.6326  0.2559 
   00025    0.4950 -146222.2931  0.2557 
   00026    0.5003 -146084.6998  0.2546 
   00027    0.4957 -145946.4803  0.2531 
   00028    0.4977 -146737.5503  0.2551 
   00029    0.4969 -147300.4838  0.2537 
   00030    0.4914 -147667.3827  0.2533 
   00031    0.4940 -147935.6806  0.2520 
   00032    0.4935 -147550.8900  0.2531 
   00033    0.4916 -147244.6390  0.2544 
   00034    0.4937 -147366.9077  0.2541 
   00035    0.4945 -147786.6508  0.2532 
   00036    0.4935 -147758.4988  0.2521 
   00037    0.4920 -147708.7277  0.2514 
   00038    0.4936 -147616.5501  0.2517 
   00039    0.4962 -147436.8595  0.2527 
   00040    0.4919 -147180.5369  0.2557 
   00041    0.4940 -147109.0952  0.2566 
   00042    0.4936 -146992.9735  0.2558 
   00043    0.4964 -146651.3553  0.2527 
   00044    0.4967 -146745.0640  0.2534 
   00045    0.4969 -147085.6639  0.2552 
   00046    0.4938 -147386.0025  0.2546 
   00047    0.4956 -146937.6756  0.2565 
   00048    0.4948 -146988.5593  0.2553 
   00049    0.4927 -146942.8255  0.2549 
   00050    0.4948 -146962.8237  0.2544 
