#=====================================================
# File created:        Tue-12-Mar-2024-at-06-32-26PM
# Size of lattice:     50x50
# Number of MC steps:  900
# Reduced temperature: 1.000
# Run time (s):        6.625011
#=====================================================
# MC step:  Ratio:     Energy:   Order:
#=====================================================
   00000    0.5000   -2527.8981  0.2572 
   00001    0.7016   -3831.4910  0.2601 
   00002    0.6240   -4333.4940  0.2592 
   00003    0.6024   -4791.3260  0.2618 
   00004    0.5668   -4940.5563  0.2667 
   00005    0.5348   -5184.9036  0.2716 
   00006    0.5364   -5324.0203  0.2711 
   00007    0.5340   -5452.4953  0.2726 
   00008    0.5344   -5491.9422  0.2673 
   00009    0.5068   -5519.2001  0.2631 
   00010    0.5220   -5623.6521  0.2638 
   00011    0.5108   -5706.7787  0.2739 
   00012    0.5068   -5705.0444  0.2720 
   00013    0.5136   -5714.0497  0.2743 
   00014    0.4948   -5729.6726  0.2768 
   00015    0.4976   -5721.5651  0.2716 
   00016    0.5076   -5786.2120  0.2717 
   00017    0.4984   -5791.9502  0.2702 
   00018    0.5224   -5830.1934  0.2699 
   00019    0.4812   -5898.6137  0.2689 
   00020    0.5036   -5788.6795  0.2685 
   00021    0.4932   -5782.4100  0.2695 
   00022    0.4828   -5847.2434  0.2712 
   00023    0.4864   -5869.8690  0.2701 
   00024    0.4928   -5908.2682  0.2650 
   00025    0.4712   -5966.8289  0.2672 
   00026    0.4820   -5918.8136  0.2697 
   00027    0.4896   -5913.1980  0.2660 
   00028    0.4868   -5801.7016  0.2639 
   00029    0.5116   -5718.0692  0.2592 
   00030    0.5132   -5789.9812  0.2604 
   00031    0.5060   -5877.2233  0.2613 
   00032    0.4864   -5849.9736  0.2602 
   00033    0.5060   -5815.1079  0.2577 
   00034    0.5056   -5792.6828  0.2568 
   00035    0.5148   -5832.3101  0.2608 
   00036    0.4928   -5821.9129  0.2629 
   00037    0.4956   -5925.8987  0.2663 
   00038    0.5048   -5888.1229  0.2701 
   00039    0.4776   -5823.5827  0.2707 
   00040    0.5096   -5795.2317  0.2689 
   00041    0.5200   -5741.7178  0.2687 
   00042    0.5176   -5777.4962  0.2679 
   00043    0.5080   -5856.2901  0.2602 
   00044    0.4912   -5814.7890  0.2625 
   00045    0.5060   -5871.4250  0.2657 
   00046    0.4992   -5853.1186  0.2688 
   00047    0.4848   -5788.3282  0.2649 
   00048    0.4860   -5779.1382  0.2709 
   00049    0.4860   -5829.9397  0.2707 
   00050    0.5016   -5770.8420  0.2700 
   00051    0.5120   -5916.6968  0.2702 
   00052    0.5008   -5882.6607  0.2666 
   00053    0.4992   -5909.0094  0.2651 
   00054    0.4800   -5872.1916  0.2663 
   00055    0.4792   -5832.0409  0.2679 
   00056    0.5000   -5827.2502  0.2683 
   00057    0.4872   -5826.1856  0.2673 
   00058    0.4968   -5840.8649  0.2688 
   00059    0.5004   -5831.4573  0.2707 
   00060    0.4896   -5953.1086  0.2644 
   00061    0.5156   -5865.6782  0.2646 
   00062    0.4940   -5852.5454  0.2656 
   00063    0.4852   -5903.4002  0.2666 
   00064    0.4964   -6025.2303  0.2721 
   00065    0.4680   -5954.8812  0.2710 
   00066    0.4884   -5849.5383  0.2713 
   00067    0.4896   -5769.4424  0.2691 
   00068    0.5220   -5751.4038  0.2654 
   00069    0.5148   -5684.7012  0.2667 
   00070    0.5256   -5745.4903  0.2688 
   00071    0.4892   -5766.6181  0.2649 
   00072    0.5064   -5836.2971  0.2646 
   00073    0.4880   -5814.6164  0.2591 
   00074    0.4968   -5710.7555  0.2593 
   00075    0.5068   -5752.8757  0.2627 
   00076    0.5152   -5773.4517  0.2591 
   00077    0.4924   -5736.5564  0.2622 
   00078    0.4880   -5746.1115  0.2616 
   00079    0.5040   -5707.6231  0.2593 
   00080    0.5016   -5832.4181  0.2620 
   00081    0.5060   -5840.0272  0.2666 
   00082    0.4992   -5889.8411  0.2644 
   00083    0.4964   -5972.3886  0.2662 
   00084    0.4732   -5914.6324  0.2694 
   00085    0.4892   -5822.7280  0.2679 
   00086    0.4976   -5796.2345  0.2667 
   00087    0.4896   -5899.5443  0.2703 
   00088    0.4768   -5991.1893  0.2691 
   00089    0.4824   -5904.4219  0.2726 
   00090    0.4868   -5935.8987  0.2705 
   00091    0.5000   -5924.2501  0.2700 
   00092    0.4972   -5882.7974  0.2651 
   00093    0.4828   -5832.9206  0.2655 
   00094    0.4972   -5774.2683  0.2642 
   00095    0.5108   -5860.8986  0.2663 
   00096    0.5028   -5852.2744  0.2644 
   00097    0.5296   -5706.6088  0.2606 
   00098    0.4852   -5750.6476  0.2632 
   00099    0.5116   -5752.9746  0.2629 
   00100    0.4988   -5785.5706  0.2626 
   00101    0.5032   -5923.0254  0.2650 
   00102    0.5036   -5940.9116  0.2662 
   00103    0.4884   -5944.6205  0.2659 
   00104    0.4920   -5912.7184  0.2626 
   00105    0.4860   -5869.6424  0.2598 
   00106    0.4980   -5854.8551  0.2587 
   00107    0.4836   -5932.8321  0.2601 
   00108    0.4884   -5957.4171  0.2639 
   00109    0.4968   -5925.8349  0.2596 
   00110    0.4800   -5971.5059  0.2571 
   00111    0.4832   -6009.5840  0.2588 
   00112    0.4888   -5930.7150  0.2607 
   00113    0.4816   -5868.3610  0.2587 
   00114    0.4988   -5878.5405  0.2580 
   00115    0.5076   -5835.6048  0.2606 
   00116    0.4956   -5990.7610  0.2656 
   00117    0.4820   -5994.8398  0.2696 
   00118    0.5028   -5965.1800  0.2660 
   00119    0.4968   -5936.9208  0.2670 
   00120    0.4980   -5841.2169  0.2631 
   00121    0.5040   -5920.7060  0.2608 
   00122    0.5056   -6048.2543  0.2623 
   00123    0.4696   -5967.8887  0.2599 
   00124    0.4824   -5988.6848  0.2591 
   00125    0.4972   -5956.2633  0.2568 
   00126    0.4720   -5943.9987  0.2578 
   00127    0.4932   -5992.8000  0.2544 
   00128    0.4928   -5989.4185  0.2552 
   00129    0.4856   -6009.3395  0.2560 
   00130    0.4888   -5889.4804  0.2559 
   00131    0.5084   -5800.4584  0.2592 
   00132    0.5104   -5825.2640  0.2628 
   00133    0.5008   -5789.0071  0.2628 
   00134    0.5136   -5832.9575  0.2639 
   00135    0.4944   -5808.5477  0.2645 
   00136    0.5008   -5864.1523  0.2676 
   00137    0.4960   -5897.0384  0.2664 
   00138    0.4844   -6006.3281  0.2697 
   00139    0.4812   -5828.8175  0.2656 
   00140    0.4976   -5845.7317  0.2658 
   00141    0.4908   -5798.7960  0.2612 
   00142    0.5060   -5849.1060  0.2648 
   00143    0.5012   -5806.5730  0.2648 
   00144    0.4912   -5798.7247  0.2654 
   00145    0.4944   -5672.8562  0.2669 
   00146    0.5116   -5697.6009  0.2704 
   00147    0.5168   -5732.1804  0.2687 
   00148    0.5164   -5876.4614  0.2708 
   00149    0.4940   -5778.3281  0.2651 
   00150    0.5036   -5740.0396  0.2638 
   00151    0.5056   -5754.3815  0.2650 
   00152    0.4972   -5789.8213  0.2603 
   00153    0.4960   -5766.7486  0.2603 
   00154    0.5108   -5770.9260  0.2651 
   00155    0.5032   -5780.2988  0.2625 
   00156    0.5100   -5790.8686  0.2640 
   00157    0.5140   -5781.5809  0.2623 
   00158    0.5184   -5776.5029  0.2646 
   00159    0.4920   -5754.8494  0.2635 
   00160    0.5072   -5871.4346  0.2650 
   00161    0.5096   -5868.5676  0.2638 
   00162    0.4760   -5851.0533  0.2649 
   00163    0.4900   -5787.8599  0.2653 
   00164    0.5112   -5838.3650  0.2690 
   00165    0.5016   -5906.4961  0.2715 
   00166    0.4964   -5898.9872  0.2691 
   00167    0.5036   -5968.3195  0.2679 
   00168    0.4784   -5966.5262  0.2696 
   00169    0.4900   -6007.6646  0.2698 
   00170    0.5072   -5958.4576  0.2669 
   00171    0.5092   -5917.9758  0.2692 
   00172    0.4888   -5848.1321  0.2654 
   00173    0.5064   -5810.3020  0.2655 
   00174    0.4924   -5833.2417  0.2686 
   00175    0.5116   -5830.2038  0.2706 
   00176    0.4908   -5799.5509  0.2722 
   00177    0.4896   -5940.1035  0.2780 
   00178    0.4732   -5988.9924  0.2760 
   00179    0.4844   -5959.9317  0.2742 
   00180    0.4696   -5867.9196  0.2701 
   00181    0.5120   -5794.2604  0.2656 
   00182    0.4856   -5854.1402  0.2659 
   00183    0.5036   -5860.9530  0.2623 
   00184    0.4864   -5906.1354  0.2572 
   00185    0.5052   -5982.4027  0.2593 
   00186    0.4692   -6005.1836  0.2624 
   00187    0.5028   -5960.7082  0.2588 
   00188    0.4968   -5932.2414  0.2577 
   00189    0.4876   -5827.5592  0.2612 
   00190    0.5104   -5753.4132  0.2598 
   00191    0.4972   -5721.3772  0.2580 
   00192    0.5060   -5695.5922  0.2563 
   00193    0.4928   -5748.6293  0.2605 
   00194    0.4964   -5798.9353  0.2637 
   00195    0.5044   -5791.8293  0.2640 
   00196    0.5108   -5860.2189  0.2586 
   00197    0.4916   -5831.7377  0.2580 
   00198    0.4952   -5843.6322  0.2551 
   00199    0.4968   -5823.7712  0.2570 
   00200    0.4972   -5825.0345  0.2605 
   00201    0.4872   -5818.4958  0.2646 
   00202    0.5192   -5837.9472  0.2644 
   00203    0.5156   -5816.7398  0.2686 
   00204    0.5092   -5838.6627  0.2684 
   00205    0.4832   -5852.8713  0.2724 
   00206    0.5020   -5831.1329  0.2721 
   00207    0.5032   -5829.6970  0.2756 
   00208    0.4964   -5839.4925  0.2760 
   00209    0.5140   -5834.3074  0.2726 
   00210    0.4832   -5934.5548  0.2699 
   00211    0.4928   -5911.2155  0.2725 
   00212    0.5052   -5958.2537  0.2752 
   00213    0.4808   -5947.4311  0.2716 
   00214    0.4864   -5976.0730  0.2747 
   00215    0.4756   -6033.5078  0.2750 
   00216    0.4828   -6019.7419  0.2750 
   00217    0.4792   -6032.1514  0.2729 
   00218    0.5024   -5949.7419  0.2706 
   00219    0.4844   -5947.7179  0.2664 
   00220    0.4712   -6015.7785  0.2649 
   00221    0.4772   -5923.0331  0.2622 
   00222    0.4984   -5860.5562  0.2607 
   00223    0.5128   -5841.4972  0.2579 
   00224    0.4960   -5840.0240  0.2594 
   00225    0.5096   -5764.7210  0.2609 
   00226    0.5052   -5771.4830  0.2625 
   00227    0.5076   -5768.5688  0.2626 
   00228    0.4996   -5936.2362  0.2606 
   00229    0.4840   -5948.3475  0.2574 
   00230    0.4856   -5906.6070  0.2557 
   00231    0.5020   -5922.9623  0.2586 
   00232    0.4900   -5833.6641  0.2562 
   00233    0.5000   -5869.9571  0.2570 
   00234    0.4760   -5898.4710  0.2601 
   00235    0.4956   -5926.5930  0.2599 
   00236    0.4724   -5971.7124  0.2600 
   00237    0.4700   -5909.8812  0.2545 
   00238    0.4984   -5976.1058  0.2552 
   00239    0.4708   -5957.9820  0.2564 
   00240    0.4940   -5956.8914  0.2562 
   00241    0.4976   -5842.1166  0.2590 
   00242    0.4780   -5994.4093  0.2547 
   00243    0.4968   -5945.8945  0.2534 
   00244    0.4964   -6004.6603  0.2534 
   00245    0.4904   -6021.5009  0.2579 
   00246    0.4788   -5983.5690  0.2572 
   00247    0.5092   -6024.2894  0.2597 
   00248    0.4864   -6064.4144  0.2634 
   00249    0.4764   -6076.2697  0.2654 
   00250    0.4840   -6114.8082  0.2663 
   00251    0.4860   -6014.7532  0.2619 
   00252    0.4840   -5888.8497  0.2627 
   00253    0.4840   -5793.1646  0.2600 
   00254    0.4996   -5875.4066  0.2586 
   00255    0.4792   -5903.9703  0.2585 
   00256    0.4908   -5932.9870  0.2576 
   00257    0.4812   -5891.6826  0.2614 
   00258    0.4912   -5935.1537  0.2621 
   00259    0.5072   -5964.6046  0.2591 
   00260    0.5012   -5944.7008  0.2544 
   00261    0.4728   -5944.0504  0.2551 
   00262    0.5084   -5888.2000  0.2546 
   00263    0.4912   -5923.1410  0.2566 
   00264    0.5072   -5927.6128  0.2560 
   00265    0.4908   -5889.7173  0.2531 
   00266    0.4944   -5875.4493  0.2521 
   00267    0.4896   -5857.3281  0.2531 
   00268    0.4924   -5857.6283  0.2539 
   00269    0.4840   -5900.1739  0.2566 
   00270    0.4968   -5860.3496  0.2591 
   00271    0.4896   -5944.2585  0.2598 
   00272    0.4980   -5817.9852  0.2580 
   00273    0.5024   -5867.1870  0.2575 
   00274    0.4808   -5894.8551  0.2514 
   00275    0.4872   -5941.1195  0.2506 
   00276    0.4860   -5954.4025  0.2525 
   00277    0.4924   -6020.2780  0.2529 
   00278    0.4672   -5997.9519  0.2547 
   00279    0.4932   -5990.4151  0.2551 
   00280    0.4944   -5788.8950  0.2605 
   00281    0.5164   -5785.2810  0.2607 
   00282    0.4872   -5808.4937  0.2644 
   00283    0.4980   -5851.6633  0.2628 
   00284    0.4972   -5756.1687  0.2645 
   00285    0.4780   -5748.9269  0.2703 
   00286    0.5020   -5798.4082  0.2710 
   00287    0.4932   -5845.8767  0.2692 
   00288    0.4724   -5966.0443  0.2660 
   00289    0.4956   -5963.0937  0.2633 
   00290    0.4816   -5923.5469  0.2621 
   00291    0.4952   -5975.3657  0.2638 
   00292    0.4820   -5999.2286  0.2623 
   00293    0.4828   -6111.7194  0.2624 
   00294    0.4728   -6094.7601  0.2641 
   00295    0.4792   -6050.4670  0.2620 
   00296    0.4916   -6055.1186  0.2623 
   00297    0.4840   -5992.2925  0.2602 
   00298    0.4832   -6017.0949  0.2658 
   00299    0.4784   -6002.2849  0.2624 
   00300    0.4832   -5987.1370  0.2598 
   00301    0.4784   -5946.5160  0.2611 
   00302    0.5000   -5896.1344  0.2639 
   00303    0.4784   -5923.8780  0.2695 
   00304    0.4764   -5984.7571  0.2698 
   00305    0.4944   -5967.0776  0.2697 
   00306    0.4880   -5989.2105  0.2657 
   00307    0.4992   -5946.2160  0.2630 
   00308    0.4620   -5964.1232  0.2614 
   00309    0.4856   -5923.4577  0.2571 
   00310    0.5112   -5973.2355  0.2559 
   00311    0.4928   -6025.0398  0.2547 
   00312    0.4836   -5910.9145  0.2560 
   00313    0.4936   -5920.0140  0.2560 
   00314    0.4904   -5868.1646  0.2587 
   00315    0.4900   -5858.2574  0.2612 
   00316    0.4868   -5912.0377  0.2625 
   00317    0.4924   -5986.3235  0.2638 
   00318    0.4792   -6050.4201  0.2654 
   00319    0.4844   -6025.7162  0.2644 
   00320    0.4708   -6114.0906  0.2645 
   00321    0.4672   -6087.0166  0.2608 
   00322    0.4884   -5932.5860  0.2629 
   00323    0.4964   -5968.9208  0.2681 
   00324    0.4788   -5989.6195  0.2677 
   00325    0.4724   -6000.9634  0.2663 
   00326    0.4840   -6086.6970  0.2677 
   00327    0.4860   -6085.9129  0.2637 
   00328    0.4704   -6073.8913  0.2645 
   00329    0.4864   -6113.0311  0.2718 
   00330    0.4884   -6045.4805  0.2676 
   00331    0.4964   -6066.9414  0.2666 
   00332    0.4840   -6118.7365  0.2657 
   00333    0.4712   -6072.6074  0.2656 
   00334    0.4892   -5968.4178  0.2657 
   00335    0.5148   -5908.4877  0.2615 
   00336    0.5116   -5864.3666  0.2659 
   00337    0.4896   -5806.4082  0.2638 
   00338    0.4944   -5828.9054  0.2612 
   00339    0.5084   -5977.7918  0.2612 
   00340    0.4896   -5945.4496  0.2611 
   00341    0.5024   -5878.7471  0.2591 
   00342    0.4856   -5862.9892  0.2585 
   00343    0.5056   -5842.7316  0.2610 
   00344    0.4844   -5830.0145  0.2587 
   00345    0.5016   -5725.9068  0.2605 
   00346    0.5008   -5765.7753  0.2581 
   00347    0.4832   -5769.9444  0.2611 
   00348    0.5100   -5869.8955  0.2648 
   00349    0.4988   -5898.2865  0.2662 
   00350    0.4868   -5904.2768  0.2679 
   00351    0.5016   -5873.4913  0.2659 
   00352    0.4956   -5948.8063  0.2656 
   00353    0.4552   -5890.9932  0.2666 
   00354    0.4836   -5907.7196  0.2703 
   00355    0.4916   -6011.9574  0.2752 
   00356    0.4932   -6005.4887  0.2782 
   00357    0.4888   -5995.9118  0.2743 
   00358    0.4788   -5947.8972  0.2753 
   00359    0.4816   -5831.4276  0.2743 
   00360    0.4980   -5846.4690  0.2725 
   00361    0.5088   -5899.6491  0.2666 
   00362    0.4972   -6037.1823  0.2662 
   00363    0.4824   -6057.0250  0.2658 
   00364    0.4632   -6007.9034  0.2709 
   00365    0.4804   -5947.7689  0.2673 
   00366    0.5052   -5837.7642  0.2681 
   00367    0.4924   -5908.3210  0.2700 
   00368    0.4768   -5864.3292  0.2709 
   00369    0.5008   -5839.7019  0.2709 
   00370    0.4896   -5808.0749  0.2722 
   00371    0.4936   -5822.9033  0.2684 
   00372    0.5140   -5875.4309  0.2721 
   00373    0.5076   -5882.6119  0.2700 
   00374    0.4892   -5965.5965  0.2689 
   00375    0.4736   -6010.0644  0.2680 
   00376    0.4888   -5946.6343  0.2661 
   00377    0.5068   -5862.6920  0.2641 
   00378    0.4912   -5908.0960  0.2632 
   00379    0.5040   -5847.7875  0.2605 
   00380    0.4972   -5826.6138  0.2561 
   00381    0.4976   -5840.1087  0.2568 
   00382    0.4968   -5865.4865  0.2535 
   00383    0.4856   -5821.7823  0.2551 
   00384    0.5012   -5796.4916  0.2563 
   00385    0.4888   -5877.5808  0.2561 
   00386    0.4884   -5875.0155  0.2575 
   00387    0.4876   -6087.0109  0.2568 
   00388    0.4796   -6012.2345  0.2564 
   00389    0.4912   -5969.2496  0.2541 
   00390    0.4908   -5941.4934  0.2531 
   00391    0.4948   -5924.4748  0.2521 
   00392    0.4956   -5883.1748  0.2536 
   00393    0.5024   -5882.1027  0.2559 
   00394    0.4884   -5920.8750  0.2586 
   00395    0.4876   -5863.7765  0.2584 
   00396    0.5072   -5833.6141  0.2567 
   00397    0.4928   -5961.8203  0.2569 
   00398    0.4736   -5982.6161  0.2541 
   00399    0.4972   -5886.0987  0.2587 
   00400    0.4988   -5903.8145  0.2596 
   00401    0.5024   -5891.6257  0.2580 
   00402    0.4956   -5828.3801  0.2550 
   00403    0.4920   -5795.3391  0.2550 
   00404    0.4852   -5896.5881  0.2600 
   00405    0.4756   -5983.6118  0.2624 
   00406    0.4872   -5963.8935  0.2679 
   00407    0.4804   -6031.7307  0.2656 
   00408    0.5020   -6034.3176  0.2636 
   00409    0.4876   -5975.7063  0.2616 
   00410    0.4836   -5980.8309  0.2624 
   00411    0.4764   -6012.4031  0.2637 
   00412    0.4760   -6021.4108  0.2640 
   00413    0.5084   -5954.7396  0.2620 
   00414    0.4808   -5963.0835  0.2647 
   00415    0.4716   -6031.6561  0.2651 
   00416    0.4888   -5788.4283  0.2666 
   00417    0.5148   -5715.6867  0.2692 
   00418    0.5184   -5784.3908  0.2704 
   00419    0.5012   -5851.0344  0.2685 
   00420    0.4892   -5866.2398  0.2661 
   00421    0.4972   -5931.0742  0.2677 
   00422    0.5140   -5956.7361  0.2664 
   00423    0.4908   -5960.3828  0.2669 
   00424    0.4800   -5988.5494  0.2681 
   00425    0.4952   -5870.0278  0.2678 
   00426    0.4824   -5856.1157  0.2687 
   00427    0.5016   -5866.1438  0.2622 
   00428    0.4960   -5857.5456  0.2645 
   00429    0.4916   -5963.0975  0.2646 
   00430    0.5004   -6028.0674  0.2618 
   00431    0.4868   -6011.3524  0.2631 
   00432    0.4844   -5940.1017  0.2654 
   00433    0.5024   -5867.7331  0.2669 
   00434    0.4912   -5912.7221  0.2643 
   00435    0.4992   -5904.2675  0.2679 
   00436    0.5072   -5917.8165  0.2655 
   00437    0.4852   -5893.1214  0.2666 
   00438    0.4948   -5886.8833  0.2658 
   00439    0.4976   -5989.6469  0.2669 
   00440    0.4912   -5980.7524  0.2671 
   00441    0.5020   -5993.4023  0.2675 
   00442    0.4824   -6035.9903  0.2706 
   00443    0.4820   -6038.7731  0.2720 
   00444    0.4852   -6067.0929  0.2751 
   00445    0.4820   -6074.1148  0.2731 
   00446    0.4988   -6005.9257  0.2760 
   00447    0.4676   -6009.7822  0.2782 
   00448    0.4908   -5884.6899  0.2762 
   00449    0.5044   -5843.4609  0.2731 
   00450    0.4916   -5939.2546  0.2786 
   00451    0.4868   -5896.4882  0.2776 
   00452    0.5032   -5976.4941  0.2755 
   00453    0.4672   -5936.1849  0.2756 
   00454    0.4844   -5958.8921  0.2713 
   00455    0.5016   -5903.0300  0.2763 
   00456    0.4892   -5833.4207  0.2798 
   00457    0.4924   -5888.3777  0.2830 
   00458    0.4992   -5811.2539  0.2857 
   00459    0.4880   -5883.5627  0.2891 
   00460    0.5172   -5951.6000  0.2889 
   00461    0.5020   -6044.9568  0.2917 
   00462    0.4832   -6062.5878  0.2895 
   00463    0.4732   -6138.7635  0.2918 
   00464    0.4836   -6223.8760  0.2895 
   00465    0.4856   -6104.7221  0.2894 
   00466    0.4804   -5990.8390  0.2872 
   00467    0.4768   -6039.6678  0.2878 
   00468    0.4844   -5962.2036  0.2805 
   00469    0.4800   -5967.7442  0.2832 
   00470    0.5004   -5888.7086  0.2821 
   00471    0.5112   -5879.6736  0.2781 
   00472    0.5064   -5884.2667  0.2799 
   00473    0.4776   -5887.8849  0.2803 
   00474    0.4792   -5942.7332  0.2807 
   00475    0.4912   -5816.5972  0.2814 
   00476    0.4688   -5885.4228  0.2813 
   00477    0.4820   -5968.2884  0.2833 
   00478    0.4888   -5882.7761  0.2845 
   00479    0.5116   -5905.0324  0.2817 
   00480    0.4812   -5980.7377  0.2768 
   00481    0.4844   -5912.8705  0.2787 
   00482    0.4988   -5822.0151  0.2794 
   00483    0.4928   -5808.5098  0.2742 
   00484    0.5084   -5894.3365  0.2731 
   00485    0.4796   -5844.8644  0.2684 
   00486    0.4940   -5914.9609  0.2676 
   00487    0.4992   -5903.6037  0.2683 
   00488    0.4868   -5944.6537  0.2676 
   00489    0.4892   -5982.4794  0.2654 
   00490    0.4892   -5992.2447  0.2663 
   00491    0.5028   -5918.2815  0.2651 
   00492    0.4868   -5849.7407  0.2636 
   00493    0.4840   -5850.3432  0.2566 
   00494    0.4964   -5759.7217  0.2543 
   00495    0.5072   -5766.1573  0.2610 
   00496    0.4896   -5830.3188  0.2595 
   00497    0.4848   -5685.8576  0.2573 
   00498    0.5040   -5709.9691  0.2578 
   00499    0.5024   -5797.4272  0.2624 
   00500    0.5040   -5740.4154  0.2645 
   00501    0.5000   -5759.4173  0.2630 
   00502    0.4968   -5832.4138  0.2653 
   00503    0.4700   -5772.2387  0.2683 
   00504    0.5116   -5766.5919  0.2662 
   00505    0.4964   -5725.4086  0.2645 
   00506    0.4896   -5867.2814  0.2656 
   00507    0.5064   -5927.6087  0.2644 
   00508    0.4936   -5823.9993  0.2684 
   00509    0.5044   -5889.7373  0.2698 
   00510    0.4988   -5966.9696  0.2673 
   00511    0.4788   -5904.9896  0.2663 
   00512    0.4964   -5964.6728  0.2688 
   00513    0.4716   -5990.3759  0.2691 
   00514    0.4748   -5897.5845  0.2655 
   00515    0.4928   -5925.5809  0.2647 
   00516    0.4876   -5908.4515  0.2613 
   00517    0.4928   -5867.2703  0.2562 
   00518    0.4860   -5873.2271  0.2569 
   00519    0.4928   -5764.1265  0.2584 
   00520    0.5028   -5852.8627  0.2554 
   00521    0.4792   -5718.7458  0.2545 
   00522    0.5312   -5751.5381  0.2552 
   00523    0.5208   -5760.3169  0.2570 
   00524    0.5000   -5855.6186  0.2540 
   00525    0.5072   -5890.2394  0.2508 
   00526    0.5008   -5911.4075  0.2540 
   00527    0.4992   -5891.5742  0.2541 
   00528    0.4852   -5912.8816  0.2565 
   00529    0.5028   -5969.1411  0.2574 
   00530    0.4992   -5973.8272  0.2580 
   00531    0.4896   -5929.5244  0.2606 
   00532    0.4748   -5889.9001  0.2617 
   00533    0.4920   -5940.0455  0.2654 
   00534    0.4876   -5824.2269  0.2608 
   00535    0.4800   -5802.1306  0.2576 
   00536    0.4948   -5713.9235  0.2561 
   00537    0.4952   -5604.1533  0.2526 
   00538    0.5144   -5635.1580  0.2588 
   00539    0.5244   -5663.6576  0.2548 
   00540    0.4968   -5691.7993  0.2571 
   00541    0.5116   -5841.6953  0.2619 
   00542    0.4936   -5807.3119  0.2587 
   00543    0.4972   -5803.4163  0.2606 
   00544    0.4976   -5784.0147  0.2568 
   00545    0.4948   -5805.5115  0.2588 
   00546    0.5000   -5763.6102  0.2569 
   00547    0.5184   -5807.1301  0.2614 
   00548    0.5036   -5745.0147  0.2645 
   00549    0.5104   -5810.4136  0.2602 
   00550    0.5048   -5872.8515  0.2561 
   00551    0.5068   -5824.8768  0.2562 
   00552    0.4896   -5856.6515  0.2616 
   00553    0.5064   -5862.5196  0.2597 
   00554    0.4860   -5886.4556  0.2633 
   00555    0.4816   -5891.7747  0.2613 
   00556    0.4924   -5852.1801  0.2600 
   00557    0.4876   -5825.3106  0.2580 
   00558    0.5140   -5862.3525  0.2576 
   00559    0.5168   -5829.6464  0.2571 
   00560    0.4844   -5918.8838  0.2571 
   00561    0.4848   -5914.9391  0.2546 
   00562    0.4952   -5934.9761  0.2582 
   00563    0.4836   -5946.2659  0.2533 
   00564    0.5044   -5932.9162  0.2515 
   00565    0.4892   -5925.5931  0.2541 
   00566    0.5060   -5847.2038  0.2555 
   00567    0.4644   -6026.6259  0.2585 
   00568    0.5096   -5925.6809  0.2600 
   00569    0.4824   -6035.7733  0.2604 
   00570    0.4704   -6048.1538  0.2632 
   00571    0.4764   -6067.2646  0.2647 
   00572    0.4720   -6057.4972  0.2662 
   00573    0.4952   -6040.8557  0.2637 
   00574    0.4828   -6091.1799  0.2678 
   00575    0.4604   -6104.0527  0.2696 
   00576    0.4936   -6026.2136  0.2702 
   00577    0.4712   -6055.2347  0.2682 
   00578    0.4704   -6086.8012  0.2640 
   00579    0.4888   -5911.2291  0.2641 
   00580    0.4896   -6030.6154  0.2635 
   00581    0.4708   -6019.1848  0.2650 
   00582    0.4728   -6058.8825  0.2692 
   00583    0.4684   -6047.9526  0.2648 
   00584    0.4724   -6051.9666  0.2663 
   00585    0.4948   -5950.5200  0.2705 
   00586    0.4796   -6022.2930  0.2728 
   00587    0.4920   -5970.4241  0.2718 
   00588    0.4968   -5926.4491  0.2743 
   00589    0.4952   -5844.4888  0.2750 
   00590    0.4912   -5878.6593  0.2785 
   00591    0.4964   -5956.5002  0.2747 
   00592    0.4940   -5845.7831  0.2752 
   00593    0.4952   -5766.8728  0.2769 
   00594    0.4984   -5788.1764  0.2747 
   00595    0.4968   -5775.7053  0.2725 
   00596    0.5076   -5737.3636  0.2693 
   00597    0.5084   -5773.9378  0.2710 
   00598    0.4908   -5766.2462  0.2700 
   00599    0.5160   -5785.7230  0.2728 
   00600    0.4988   -5821.9694  0.2711 
   00601    0.4928   -5825.0135  0.2714 
   00602    0.4960   -5829.5359  0.2765 
   00603    0.5040   -5795.1888  0.2722 
   00604    0.4956   -5867.1968  0.2722 
   00605    0.4908   -5936.1817  0.2700 
   00606    0.4892   -5849.4910  0.2693 
   00607    0.4844   -5874.9464  0.2654 
   00608    0.4964   -5871.9519  0.2684 
   00609    0.4996   -5853.4780  0.2696 
   00610    0.4908   -5850.2442  0.2700 
   00611    0.5088   -5816.1878  0.2679 
   00612    0.4972   -5803.0350  0.2684 
   00613    0.4904   -5829.3537  0.2686 
   00614    0.4980   -5980.4343  0.2724 
   00615    0.4764   -5851.3943  0.2715 
   00616    0.5092   -5892.7039  0.2682 
   00617    0.4796   -5900.7423  0.2652 
   00618    0.4860   -5769.4416  0.2654 
   00619    0.5120   -5786.5122  0.2662 
   00620    0.5060   -5783.5907  0.2683 
   00621    0.5088   -5794.3231  0.2661 
   00622    0.4904   -5756.0595  0.2686 
   00623    0.5080   -5743.3261  0.2686 
   00624    0.5016   -5697.1488  0.2700 
   00625    0.4992   -5763.2443  0.2732 
   00626    0.5084   -5797.3542  0.2749 
   00627    0.4900   -5826.6765  0.2767 
   00628    0.4940   -5878.5707  0.2792 
   00629    0.5096   -5876.7930  0.2807 
   00630    0.5012   -5882.9378  0.2773 
   00631    0.4956   -5822.5753  0.2762 
   00632    0.4992   -5870.3389  0.2781 
   00633    0.5100   -5930.3347  0.2781 
   00634    0.5052   -5928.4358  0.2771 
   00635    0.5080   -5767.9915  0.2787 
   00636    0.4712   -5767.5528  0.2721 
   00637    0.5112   -5789.0199  0.2690 
   00638    0.5156   -5797.3718  0.2689 
   00639    0.4804   -5803.3090  0.2701 
   00640    0.5028   -5915.1702  0.2702 
   00641    0.4856   -5846.2215  0.2738 
   00642    0.4924   -5941.0164  0.2765 
   00643    0.4960   -5913.6190  0.2741 
   00644    0.4828   -5917.5768  0.2723 
   00645    0.4816   -5908.8604  0.2745 
   00646    0.4792   -6030.2420  0.2755 
   00647    0.4772   -5993.7596  0.2752 
   00648    0.4840   -5982.5556  0.2723 
   00649    0.4796   -5986.0593  0.2726 
   00650    0.4736   -5930.5854  0.2737 
   00651    0.4980   -5900.3014  0.2742 
   00652    0.5092   -5915.4845  0.2733 
   00653    0.4880   -5898.6015  0.2750 
   00654    0.4956   -5986.9688  0.2790 
   00655    0.4988   -5942.1065  0.2848 
   00656    0.4916   -5901.0837  0.2857 
   00657    0.5112   -5938.8535  0.2895 
   00658    0.4964   -5990.5654  0.2899 
   00659    0.5024   -5951.2364  0.2911 
   00660    0.4872   -5970.0290  0.2923 
   00661    0.4772   -5928.8612  0.2903 
   00662    0.4952   -5972.3732  0.2857 
   00663    0.4824   -5969.3758  0.2814 
   00664    0.4976   -5948.4229  0.2832 
   00665    0.4720   -5980.1307  0.2845 
   00666    0.4968   -5975.3721  0.2871 
   00667    0.4884   -6003.3518  0.2866 
   00668    0.5028   -6032.6951  0.2911 
   00669    0.4676   -6058.5308  0.2914 
   00670    0.4956   -6004.3781  0.2879 
   00671    0.4844   -5922.9925  0.2903 
   00672    0.5088   -5895.6280  0.2889 
   00673    0.4620   -6000.5553  0.2875 
   00674    0.4856   -5925.5947  0.2818 
   00675    0.4780   -5946.6979  0.2799 
   00676    0.4748   -5968.8450  0.2755 
   00677    0.5252   -5900.0399  0.2771 
   00678    0.4860   -5970.1272  0.2809 
   00679    0.4712   -6002.7417  0.2831 
   00680    0.4952   -6038.5017  0.2845 
   00681    0.4696   -6100.5163  0.2832 
   00682    0.4812   -6054.2089  0.2832 
   00683    0.4908   -6020.2499  0.2841 
   00684    0.4796   -5943.2002  0.2830 
   00685    0.5008   -5960.8080  0.2823 
   00686    0.4856   -5969.7128  0.2829 
   00687    0.4884   -5827.5987  0.2818 
   00688    0.4964   -5829.4096  0.2839 
   00689    0.5032   -5920.8508  0.2830 
   00690    0.4804   -5927.3777  0.2836 
   00691    0.4924   -6021.0617  0.2839 
   00692    0.5008   -5929.2254  0.2859 
   00693    0.4964   -5912.4449  0.2885 
   00694    0.4944   -5956.3140  0.2884 
   00695    0.4948   -6058.5118  0.2858 
   00696    0.5056   -5976.0852  0.2887 
   00697    0.4884   -5947.9447  0.2904 
   00698    0.5020   -5942.9629  0.2904 
   00699    0.4908   -5927.1001  0.2904 
   00700    0.4832   -6008.9782  0.2899 
   00701    0.4720   -5970.2382  0.2890 
   00702    0.4796   -6018.7966  0.2878 
   00703    0.4924   -5917.4506  0.2919 
   00704    0.4696   -5956.1605  0.2897 
   00705    0.4864   -5916.4056  0.2934 
   00706    0.4980   -5881.7917  0.2941 
   00707    0.4980   -5958.1686  0.2898 
   00708    0.5020   -5869.8980  0.2891 
   00709    0.5024   -5858.6212  0.2809 
   00710    0.4924   -5817.4220  0.2796 
   00711    0.4888   -5866.4329  0.2801 
   00712    0.4988   -5934.6828  0.2733 
   00713    0.4888   -5861.0548  0.2736 
   00714    0.5036   -5930.1749  0.2716 
   00715    0.4820   -5886.6658  0.2683 
   00716    0.4860   -5904.8301  0.2664 
   00717    0.4956   -5829.7330  0.2686 
   00718    0.5088   -5904.7184  0.2749 
   00719    0.4876   -5912.5808  0.2728 
   00720    0.4908   -5948.3618  0.2703 
   00721    0.5028   -5929.4535  0.2703 
   00722    0.5080   -5873.8934  0.2677 
   00723    0.5140   -5841.0435  0.2672 
   00724    0.5132   -5756.5880  0.2667 
   00725    0.5112   -5659.3369  0.2655 
   00726    0.5232   -5693.6064  0.2638 
   00727    0.5196   -5661.0755  0.2577 
   00728    0.5104   -5693.9704  0.2583 
   00729    0.5132   -5728.6262  0.2565 
   00730    0.5184   -5728.1708  0.2525 
   00731    0.5172   -5765.1626  0.2514 
   00732    0.4932   -5757.6164  0.2501 
   00733    0.5012   -5843.4505  0.2522 
   00734    0.4956   -5856.7498  0.2527 
   00735    0.5004   -5822.4159  0.2520 
   00736    0.5032   -5811.5955  0.2524 
   00737    0.5020   -5813.2598  0.2528 
   00738    0.4972   -5855.2534  0.2559 
   00739    0.4948   -5886.5018  0.2565 
   00740    0.4940   -5899.2322  0.2571 
   00741    0.4912   -5925.4744  0.2576 
   00742    0.4932   -5898.1727  0.2570 
   00743    0.5112   -5915.2432  0.2582 
   00744    0.4920   -5931.7857  0.2574 
   00745    0.5052   -5906.9173  0.2563 
   00746    0.5012   -5990.6416  0.2567 
   00747    0.4940   -6055.4115  0.2559 
   00748    0.4872   -5988.5838  0.2578 
   00749    0.4672   -5899.0488  0.2598 
   00750    0.4756   -5939.5055  0.2614 
   00751    0.4800   -5998.3923  0.2580 
   00752    0.4876   -5924.8165  0.2584 
   00753    0.4956   -6015.3699  0.2588 
   00754    0.4808   -5935.4430  0.2539 
   00755    0.4888   -5982.2469  0.2566 
   00756    0.4764   -5954.1047  0.2581 
   00757    0.4896   -6018.9611  0.2590 
   00758    0.4872   -6032.2826  0.2579 
   00759    0.4636   -6028.3935  0.2539 
   00760    0.4976   -5939.1743  0.2532 
   00761    0.4744   -6120.6671  0.2557 
   00762    0.4752   -6078.9636  0.2544 
   00763    0.4832   -5971.7594  0.2543 
   00764    0.4860   -5927.7034  0.2565 
   00765    0.4944   -5867.4705  0.2537 
   00766    0.4796   -5899.2431  0.2565 
   00767    0.5120   -5822.9274  0.2567 
   00768    0.4876   -5825.4323  0.2616 
   00769    0.4864   -5874.8520  0.2630 
   00770    0.4760   -5901.7762  0.2635 
   00771    0.5032   -5776.9080  0.2648 
   00772    0.5128   -5804.0389  0.2643 
   00773    0.4944   -5752.2276  0.2663 
   00774    0.4904   -5739.8010  0.2659 
   00775    0.5056   -5812.6648  0.2663 
   00776    0.5028   -5674.9998  0.2652 
   00777    0.5076   -5880.6677  0.2682 
   00778    0.4948   -5928.8195  0.2677 
   00779    0.4948   -5787.8449  0.2635 
   00780    0.5092   -5923.7756  0.2629 
   00781    0.4772   -5887.3294  0.2623 
   00782    0.5016   -5897.8820  0.2639 
   00783    0.4868   -5948.4204  0.2657 
   00784    0.4716   -5865.6054  0.2660 
   00785    0.4932   -5799.3572  0.2679 
   00786    0.5032   -5828.8972  0.2671 
   00787    0.5024   -5849.5217  0.2677 
   00788    0.4920   -5863.9489  0.2694 
   00789    0.4940   -5937.5196  0.2708 
   00790    0.4784   -5960.0920  0.2719 
   00791    0.4812   -6105.6282  0.2735 
   00792    0.4760   -6010.6209  0.2774 
   00793    0.4824   -5952.6119  0.2805 
   00794    0.4996   -5936.3633  0.2789 
   00795    0.5044   -5897.6980  0.2773 
   00796    0.4956   -5933.5301  0.2759 
   00797    0.4724   -5992.9092  0.2744 
   00798    0.5132   -5948.7238  0.2740 
   00799    0.4732   -6021.7092  0.2788 
   00800    0.4872   -6049.1846  0.2777 
   00801    0.4676   -6065.3805  0.2797 
   00802    0.4840   -5958.3701  0.2778 
   00803    0.4832   -5981.5803  0.2758 
   00804    0.4868   -5951.9367  0.2743 
   00805    0.4880   -6014.4292  0.2758 
   00806    0.4748   -6049.5465  0.2812 
   00807    0.4844   -6053.9536  0.2837 
   00808    0.4792   -5907.9489  0.2828 
   00809    0.4700   -5987.3404  0.2812 
   00810    0.4784   -6079.0516  0.2828 
   00811    0.4748   -6103.5963  0.2840 
   00812    0.4832   -6027.5665  0.2787 
   00813    0.4880   -5880.6988  0.2793 
   00814    0.5024   -5860.8390  0.2776 
   00815    0.5048   -5926.4932  0.2773 
   00816    0.4884   -5991.2262  0.2809 
   00817    0.4972   -5968.3329  0.2829 
   00818    0.4684   -5912.9132  0.2835 
   00819    0.4812   -6006.4653  0.2860 
   00820    0.4720   -5948.2665  0.2849 
   00821    0.4812   -5967.2739  0.2836 
   00822    0.5028   -5940.4691  0.2760 
   00823    0.4952   -5985.5903  0.2758 
   00824    0.4956   -5878.3347  0.2724 
   00825    0.5020   -5887.8265  0.2679 
   00826    0.4912   -5869.3360  0.2665 
   00827    0.4840   -5959.9528  0.2679 
   00828    0.5044   -5998.7089  0.2665 
   00829    0.4876   -6003.9856  0.2665 
   00830    0.4952   -6030.7483  0.2699 
   00831    0.4860   -6054.4838  0.2673 
   00832    0.4776   -6024.5428  0.2727 
   00833    0.4712   -6026.3019  0.2762 
   00834    0.5000   -6063.7469  0.2772 
   00835    0.4872   -6022.2387  0.2788 
   00836    0.4712   -6015.6063  0.2779 
   00837    0.4884   -5991.8733  0.2780 
   00838    0.4780   -5966.9739  0.2802 
   00839    0.5144   -5921.8360  0.2780 
   00840    0.5012   -5984.6481  0.2796 
   00841    0.4864   -5910.1846  0.2767 
   00842    0.5032   -5895.8190  0.2794 
   00843    0.4892   -5990.0056  0.2766 
   00844    0.4880   -5964.0632  0.2726 
   00845    0.4780   -6052.3516  0.2731 
   00846    0.4896   -5939.3853  0.2700 
   00847    0.4808   -5983.6235  0.2702 
   00848    0.4884   -5964.9591  0.2695 
   00849    0.4788   -5930.9870  0.2696 
   00850    0.4872   -5963.0375  0.2703 
   00851    0.5012   -5864.0165  0.2693 
   00852    0.5004   -5843.9492  0.2652 
   00853    0.5000   -5994.0810  0.2632 
   00854    0.5060   -5856.3060  0.2703 
   00855    0.4908   -5999.6713  0.2702 
   00856    0.4956   -5921.8913  0.2750 
   00857    0.5224   -5913.9623  0.2739 
   00858    0.5208   -5843.7387  0.2717 
   00859    0.5156   -5854.8115  0.2736 
   00860    0.4752   -5811.2149  0.2728 
   00861    0.4988   -5826.4054  0.2686 
   00862    0.4908   -5855.9184  0.2636 
   00863    0.5052   -5954.3475  0.2622 
   00864    0.4780   -6096.3473  0.2632 
   00865    0.5080   -5984.3110  0.2653 
   00866    0.4832   -5897.9598  0.2662 
   00867    0.4904   -5914.8865  0.2618 
   00868    0.4976   -5902.5199  0.2587 
   00869    0.4880   -5935.6167  0.2603 
   00870    0.4768   -6038.4852  0.2566 
   00871    0.4756   -6048.1378  0.2576 
   00872    0.4864   -5946.9908  0.2589 
   00873    0.4896   -5915.3501  0.2528 
   00874    0.5060   -5878.8934  0.2530 
   00875    0.5000   -5859.7795  0.2556 
   00876    0.4936   -5890.9616  0.2523 
   00877    0.5008   -5912.5264  0.2530 
   00878    0.4892   -5848.0751  0.2563 
   00879    0.4908   -5850.7052  0.2576 
   00880    0.5060   -5898.5193  0.2513 
   00881    0.4972   -5816.5190  0.2517 
   00882    0.5064   -5717.0049  0.2574 
   00883    0.4888   -5857.3422  0.2587 
   00884    0.5044   -5893.5783  0.2619 
   00885    0.5000   -5807.1127  0.2615 
   00886    0.4788   -5845.0189  0.2635 
   00887    0.5000   -5826.8729  0.2626 
   00888    0.4936   -5852.7654  0.2606 
   00889    0.4900   -5878.4773  0.2636 
   00890    0.4944   -5909.6400  0.2628 
   00891    0.4956   -5953.5232  0.2624 
   00892    0.4932   -5939.1543  0.2610 
   00893    0.5024   -5904.2237  0.2616 
   00894    0.4888   -6006.1247  0.2601 
   00895    0.4884   -5990.9492  0.2596 
   00896    0.4840   -5977.2188  0.2607 
   00897    0.5036   -5913.0555  0.2669 
   00898    0.4772   -5875.7269  0.2716 
   00899    0.4968   -5861.0336  0.2688 
   00900    0.4972   -5852.7459  0.2719 
