#=====================================================
# File created:        Tue-12-Mar-2024-at-06-32-50PM
# Size of lattice:     50x50
# Number of MC steps:  700
# Reduced temperature: 1.000
# Run time (s):        5.113629
#=====================================================
# MC step:  Ratio:     Energy:   Order:
#=====================================================
   00000    0.5000   -2554.6748  0.2584 
   00001    0.6908   -3877.9462  0.2602 
   00002    0.6044   -4458.2015  0.2622 
   00003    0.5896   -4814.6764  0.2647 
   00004    0.5628   -5172.9362  0.2643 
   00005    0.5500   -5373.3764  0.2666 
   00006    0.5376   -5352.3130  0.2663 
   00007    0.5300   -5517.8849  0.2651 
   00008    0.5476   -5605.4200  0.2705 
   00009    0.5200   -5639.7822  0.2674 
   00010    0.4936   -5697.6763  0.2674 
   00011    0.5084   -5680.6395  0.2677 
   00012    0.5072   -5744.8007  0.2704 
   00013    0.4912   -5867.4118  0.2773 
   00014    0.4764   -5803.1385  0.2771 
   00015    0.4832   -5871.8059  0.2739 
   00016    0.4772   -5885.5297  0.2737 
   00017    0.4928   -5896.6411  0.2764 
   00018    0.4828   -5982.2381  0.2753 
   00019    0.4896   -5891.0089  0.2699 
   00020    0.4928   -5970.6856  0.2708 
   00021    0.4808   -5934.4375  0.2721 
   00022    0.4916   -6000.8873  0.2740 
   00023    0.4908   -5984.7089  0.2701 
   00024    0.4780   -5927.1082  0.2676 
   00025    0.4936   -5874.7094  0.2674 
   00026    0.5224   -5794.4574  0.2666 
   00027    0.4860   -5794.6798  0.2647 
   00028    0.5004   -5779.6242  0.2654 
   00029    0.5276   -5743.5061  0.2639 
   00030    0.4840   -5834.5208  0.2620 
   00031    0.4824   -5850.3822  0.2644 
   00032    0.4836   -5949.8118  0.2673 
   00033    0.4856   -5912.6295  0.2640 
   00034    0.5004   -5837.5239  0.2617 
   00035    0.4940   -5787.1141  0.2589 
   00036    0.5100   -5733.9588  0.2576 
   00037    0.5080   -5812.9896  0.2587 
   00038    0.5024   -5770.5478  0.2556 
   00039    0.4908   -5794.6868  0.2577 
   00040    0.4952   -5710.1629  0.2567 
   00041    0.5176   -5690.2868  0.2584 
   00042    0.4964   -5741.5534  0.2602 
   00043    0.5204   -5802.7608  0.2637 
   00044    0.5044   -5811.5720  0.2595 
   00045    0.5124   -5721.9389  0.2602 
   00046    0.5128   -5702.1301  0.2595 
   00047    0.4984   -5789.4976  0.2570 
   00048    0.5016   -5810.5330  0.2584 
   00049    0.4908   -5892.4307  0.2581 
   00050    0.5040   -5907.5261  0.2592 
   00051    0.5148   -5807.4254  0.2529 
   00052    0.4924   -5796.0303  0.2530 
   00053    0.4904   -5849.9004  0.2530 
   00054    0.4980   -5802.1344  0.2567 
   00055    0.5104   -5801.3652  0.2554 
   00056    0.4924   -5975.1950  0.2588 
   00057    0.4852   -5966.2596  0.2588 
   00058    0.4896   -5899.1224  0.2634 
   00059    0.4964   -5829.6101  0.2601 
   00060    0.4956   -5953.8342  0.2579 
   00061    0.4828   -5934.1155  0.2537 
   00062    0.4896   -5882.8125  0.2534 
   00063    0.5000   -5848.0498  0.2550 
   00064    0.4912   -6000.8150  0.2547 
   00065    0.4976   -5989.2126  0.2575 
   00066    0.4920   -5985.6905  0.2589 
   00067    0.5036   -5977.0053  0.2603 
   00068    0.5016   -5970.2517  0.2563 
   00069    0.4864   -5917.0241  0.2578 
   00070    0.4856   -5947.9963  0.2532 
   00071    0.4948   -6000.0427  0.2534 
   00072    0.4804   -5980.9087  0.2577 
   00073    0.4796   -5994.0964  0.2580 
   00074    0.4756   -6019.9048  0.2636 
   00075    0.4844   -6007.2292  0.2654 
   00076    0.5044   -6010.0931  0.2676 
   00077    0.4928   -5956.4603  0.2665 
   00078    0.4752   -5907.5208  0.2671 
   00079    0.4944   -5981.8587  0.2691 
   00080    0.4824   -5989.1607  0.2666 
   00081    0.4828   -5934.7071  0.2672 
   00082    0.4968   -5913.1189  0.2744 
   00083    0.4964   -5971.5234  0.2718 
   00084    0.4868   -5948.0170  0.2708 
   00085    0.4856   -5841.7635  0.2703 
   00086    0.4932   -5845.1512  0.2730 
   00087    0.4804   -5889.5001  0.2723 
   00088    0.4948   -5861.6826  0.2729 
   00089    0.4944   -5886.5101  0.2709 
   00090    0.4740   -5950.0133  0.2693 
   00091    0.4912   -5995.8448  0.2703 
   00092    0.4776   -6073.4551  0.2681 
   00093    0.4908   -5942.4545  0.2674 
   00094    0.4780   -6018.3249  0.2659 
   00095    0.4860   -6118.9912  0.2673 
   00096    0.4828   -6067.5692  0.2690 
   00097    0.4912   -6071.4878  0.2694 
   00098    0.4900   -6127.0480  0.2682 
   00099    0.4788   -6180.9003  0.2691 
   00100    0.4504   -6227.0168  0.2670 
   00101    0.4596   -6243.9723  0.2640 
   00102    0.4716   -6177.4912  0.2627 
   00103    0.4716   -6142.7752  0.2669 
   00104    0.4912   -6070.7837  0.2623 
   00105    0.4904   -6090.4313  0.2616 
   00106    0.4712   -5961.3131  0.2649 
   00107    0.4700   -5950.8006  0.2648 
   00108    0.4748   -6018.7194  0.2674 
   00109    0.4740   -5895.5009  0.2678 
   00110    0.5124   -5814.7871  0.2663 
   00111    0.4984   -5839.2326  0.2691 
   00112    0.4844   -5870.6335  0.2687 
   00113    0.4892   -5910.2486  0.2652 
   00114    0.4824   -5973.6536  0.2696 
   00115    0.4820   -5949.3107  0.2722 
   00116    0.4760   -5815.0833  0.2729 
   00117    0.4936   -5928.2742  0.2763 
   00118    0.4952   -6009.3929  0.2747 
   00119    0.4884   -5938.5416  0.2787 
   00120    0.4820   -5901.7402  0.2707 
   00121    0.4876   -5905.6884  0.2675 
   00122    0.4932   -5910.0830  0.2717 
   00123    0.4736   -5997.5200  0.2691 
   00124    0.4872   -6018.9626  0.2694 
   00125    0.4784   -5969.7525  0.2648 
   00126    0.4992   -5993.8098  0.2619 
   00127    0.4856   -5969.2440  0.2632 
   00128    0.4972   -5889.1825  0.2606 
   00129    0.5036   -5900.2982  0.2614 
   00130    0.4948   -5859.7359  0.2653 
   00131    0.5140   -5786.2362  0.2663 
   00132    0.4992   -5852.6676  0.2705 
   00133    0.5000   -5886.6297  0.2697 
   00134    0.4948   -5906.9157  0.2718 
   00135    0.5008   -5961.7507  0.2706 
   00136    0.4820   -5985.0072  0.2709 
   00137    0.4872   -5968.2686  0.2739 
   00138    0.5000   -5942.9699  0.2677 
   00139    0.4980   -5833.3344  0.2667 
   00140    0.5092   -5694.2899  0.2657 
   00141    0.4916   -5891.5558  0.2592 
   00142    0.4956   -5912.5637  0.2595 
   00143    0.4984   -6112.2513  0.2587 
   00144    0.4740   -6083.9449  0.2586 
   00145    0.4752   -6058.6063  0.2607 
   00146    0.4800   -6052.0678  0.2578 
   00147    0.4856   -5967.4002  0.2582 
   00148    0.4836   -5819.5680  0.2605 
   00149    0.4916   -5866.4499  0.2565 
   00150    0.4960   -5903.2215  0.2573 
   00151    0.5092   -5911.3269  0.2571 
   00152    0.4852   -5894.8400  0.2584 
   00153    0.5084   -5890.9154  0.2590 
   00154    0.5092   -5836.8996  0.2522 
   00155    0.4744   -5834.8070  0.2527 
   00156    0.5124   -5871.5453  0.2527 
   00157    0.5008   -5852.3491  0.2546 
   00158    0.4960   -5751.9015  0.2581 
   00159    0.4968   -5897.6359  0.2574 
   00160    0.5032   -5968.4416  0.2584 
   00161    0.5044   -5977.6115  0.2549 
   00162    0.4708   -6011.0806  0.2540 
   00163    0.4900   -5917.5610  0.2589 
   00164    0.4816   -5910.2742  0.2576 
   00165    0.4896   -5896.2749  0.2609 
   00166    0.4936   -5926.9268  0.2631 
   00167    0.5116   -5904.0882  0.2614 
   00168    0.4940   -5912.5776  0.2625 
   00169    0.4784   -5953.5134  0.2650 
   00170    0.5028   -5998.6229  0.2657 
   00171    0.4928   -6079.5941  0.2684 
   00172    0.4860   -6130.8492  0.2681 
   00173    0.4852   -6026.8049  0.2682 
   00174    0.4732   -6027.4848  0.2662 
   00175    0.4832   -6066.5596  0.2644 
   00176    0.5032   -6063.0859  0.2677 
   00177    0.4932   -6048.5289  0.2673 
   00178    0.4612   -6036.2202  0.2670 
   00179    0.4892   -6089.7793  0.2697 
   00180    0.4840   -6053.9103  0.2745 
   00181    0.4900   -6012.7195  0.2781 
   00182    0.4912   -5962.0402  0.2786 
   00183    0.4808   -5937.4371  0.2756 
   00184    0.4832   -5943.2913  0.2742 
   00185    0.4992   -5959.4224  0.2756 
   00186    0.4836   -5994.1852  0.2732 
   00187    0.4808   -5916.8796  0.2682 
   00188    0.4908   -5914.7221  0.2700 
   00189    0.5032   -5937.5381  0.2727 
   00190    0.4832   -5969.4176  0.2733 
   00191    0.4948   -5968.2947  0.2713 
   00192    0.4812   -5947.4514  0.2718 
   00193    0.4992   -5989.8541  0.2722 
   00194    0.4760   -6023.9989  0.2718 
   00195    0.5000   -5991.2997  0.2774 
   00196    0.5068   -5956.1651  0.2741 
   00197    0.4944   -5983.0075  0.2736 
   00198    0.4792   -6010.9070  0.2720 
   00199    0.4860   -5967.6183  0.2677 
   00200    0.4836   -5866.0055  0.2660 
   00201    0.4952   -5782.2978  0.2663 
   00202    0.5076   -5870.0303  0.2667 
   00203    0.5180   -5839.4029  0.2642 
   00204    0.4924   -5778.5828  0.2650 
   00205    0.4888   -5883.0244  0.2678 
   00206    0.4968   -6002.4994  0.2730 
   00207    0.4796   -6024.0076  0.2744 
   00208    0.4900   -6055.4662  0.2721 
   00209    0.4828   -6131.0239  0.2745 
   00210    0.4852   -6043.9300  0.2746 
   00211    0.4872   -6060.0242  0.2731 
   00212    0.4796   -6007.8616  0.2761 
   00213    0.4732   -6012.3561  0.2721 
   00214    0.4972   -5964.9441  0.2726 
   00215    0.4932   -5909.9098  0.2735 
   00216    0.4920   -5931.7915  0.2733 
   00217    0.5032   -5898.6956  0.2711 
   00218    0.4916   -5882.0283  0.2681 
   00219    0.4820   -5869.1138  0.2705 
   00220    0.4816   -5848.8431  0.2750 
   00221    0.4960   -5759.5307  0.2716 
   00222    0.4940   -5807.8104  0.2706 
   00223    0.5060   -5794.4561  0.2684 
   00224    0.4820   -5794.3035  0.2642 
   00225    0.4912   -5750.0387  0.2664 
   00226    0.5276   -5828.3231  0.2653 
   00227    0.4928   -5805.9045  0.2663 
   00228    0.5052   -5872.4817  0.2657 
   00229    0.5000   -5844.0029  0.2638 
   00230    0.4904   -5871.1690  0.2639 
   00231    0.4984   -5770.4822  0.2637 
   00232    0.4948   -5903.8756  0.2643 
   00233    0.4972   -5912.0120  0.2670 
   00234    0.4924   -5986.9053  0.2691 
   00235    0.4980   -5972.2219  0.2719 
   00236    0.4840   -5963.9771  0.2706 
   00237    0.4824   -5946.4862  0.2721 
   00238    0.5000   -5866.9594  0.2763 
   00239    0.5056   -6000.7458  0.2737 
   00240    0.4920   -6010.6911  0.2805 
   00241    0.4976   -5918.7104  0.2808 
   00242    0.4856   -5899.3813  0.2801 
   00243    0.4956   -5925.0789  0.2799 
   00244    0.5044   -5971.8679  0.2802 
   00245    0.5160   -5857.1574  0.2823 
   00246    0.4844   -5916.1702  0.2807 
   00247    0.4884   -5870.3478  0.2782 
   00248    0.4756   -5943.8396  0.2797 
   00249    0.4896   -6023.9595  0.2830 
   00250    0.4716   -6015.2738  0.2805 
   00251    0.4708   -6068.0454  0.2845 
   00252    0.4732   -6104.9113  0.2811 
   00253    0.4780   -6044.7419  0.2820 
   00254    0.4856   -6003.7705  0.2804 
   00255    0.4888   -6073.3596  0.2793 
   00256    0.4720   -5961.0977  0.2779 
   00257    0.4972   -5970.6763  0.2786 
   00258    0.4748   -5973.6597  0.2807 
   00259    0.4880   -5900.7243  0.2814 
   00260    0.4984   -5994.1560  0.2809 
   00261    0.4956   -5952.1168  0.2847 
   00262    0.4740   -5882.6306  0.2813 
   00263    0.5084   -5914.6587  0.2793 
   00264    0.5000   -5959.7959  0.2777 
   00265    0.4884   -5875.3051  0.2755 
   00266    0.4924   -5863.8396  0.2778 
   00267    0.4788   -5931.0843  0.2751 
   00268    0.4964   -5999.8899  0.2732 
   00269    0.4732   -5971.1362  0.2749 
   00270    0.4944   -6108.1614  0.2778 
   00271    0.4820   -6007.6284  0.2792 
   00272    0.4920   -6011.0278  0.2772 
   00273    0.4720   -6017.8779  0.2762 
   00274    0.4732   -5996.8361  0.2749 
   00275    0.4868   -5994.2970  0.2750 
   00276    0.4940   -6013.4570  0.2770 
   00277    0.4716   -5923.3581  0.2750 
   00278    0.4864   -6028.6703  0.2738 
   00279    0.4992   -5956.8382  0.2737 
   00280    0.4924   -5969.1678  0.2719 
   00281    0.4832   -5946.5160  0.2675 
   00282    0.5060   -5935.9064  0.2689 
   00283    0.4956   -5945.5903  0.2731 
   00284    0.4800   -6060.3465  0.2757 
   00285    0.4908   -6069.1382  0.2748 
   00286    0.4888   -6113.5672  0.2740 
   00287    0.4884   -6055.0929  0.2736 
   00288    0.4664   -6009.7155  0.2745 
   00289    0.4820   -5994.6049  0.2724 
   00290    0.4976   -5957.0315  0.2696 
   00291    0.4912   -5970.0006  0.2748 
   00292    0.4868   -5980.0602  0.2708 
   00293    0.4940   -5921.3640  0.2704 
   00294    0.4956   -5945.7349  0.2687 
   00295    0.4876   -5927.4979  0.2677 
   00296    0.4776   -5835.0596  0.2674 
   00297    0.5052   -5885.7010  0.2708 
   00298    0.4828   -5827.8591  0.2722 
   00299    0.4952   -5849.6833  0.2769 
   00300    0.4916   -5871.5092  0.2799 
   00301    0.4900   -5955.6869  0.2762 
   00302    0.4896   -5919.2786  0.2762 
   00303    0.5108   -5897.4389  0.2769 
   00304    0.4824   -5959.2359  0.2821 
   00305    0.5060   -5981.4545  0.2781 
   00306    0.4692   -5958.1582  0.2760 
   00307    0.4948   -5890.3382  0.2791 
   00308    0.4924   -5789.9486  0.2769 
   00309    0.4972   -5787.0135  0.2775 
   00310    0.5064   -5923.5219  0.2801 
   00311    0.4872   -5857.8368  0.2757 
   00312    0.5072   -5900.8735  0.2785 
   00313    0.5052   -5856.9330  0.2745 
   00314    0.4856   -5920.5903  0.2753 
   00315    0.4860   -5986.2616  0.2752 
   00316    0.4932   -5915.5603  0.2736 
   00317    0.5076   -5868.7745  0.2724 
   00318    0.4848   -5863.1723  0.2740 
   00319    0.4908   -5916.3585  0.2736 
   00320    0.4940   -5840.0246  0.2747 
   00321    0.4860   -5876.2302  0.2763 
   00322    0.4948   -5869.6674  0.2793 
   00323    0.4992   -5928.3693  0.2820 
   00324    0.4980   -5943.3940  0.2818 
   00325    0.4816   -6016.7077  0.2784 
   00326    0.4916   -5919.4087  0.2779 
   00327    0.5056   -5921.7211  0.2774 
   00328    0.4832   -6010.6105  0.2765 
   00329    0.4968   -5998.7780  0.2792 
   00330    0.4908   -5912.5423  0.2792 
   00331    0.4964   -5886.1543  0.2777 
   00332    0.4976   -5875.3127  0.2776 
   00333    0.4832   -5884.0739  0.2765 
   00334    0.4988   -5839.5279  0.2806 
   00335    0.4964   -5865.3505  0.2775 
   00336    0.4988   -5797.5536  0.2769 
   00337    0.5080   -5803.4613  0.2752 
   00338    0.5060   -5870.9773  0.2759 
   00339    0.4728   -5925.2009  0.2712 
   00340    0.5060   -5865.6060  0.2724 
   00341    0.5140   -5860.3011  0.2678 
   00342    0.4788   -5857.6388  0.2626 
   00343    0.4940   -5865.4339  0.2623 
   00344    0.4860   -5851.7372  0.2635 
   00345    0.5088   -5824.0917  0.2649 
   00346    0.4936   -5805.9926  0.2622 
   00347    0.5032   -5893.8964  0.2643 
   00348    0.4924   -5853.7098  0.2650 
   00349    0.5020   -5839.8291  0.2661 
   00350    0.4988   -5976.5203  0.2636 
   00351    0.4852   -5884.4272  0.2647 
   00352    0.4916   -5863.3375  0.2606 
   00353    0.5016   -5885.5455  0.2555 
   00354    0.5076   -5774.8942  0.2560 
   00355    0.4864   -5822.2793  0.2594 
   00356    0.5032   -5792.6238  0.2596 
   00357    0.5104   -5798.9957  0.2546 
   00358    0.5052   -5771.9389  0.2556 
   00359    0.4904   -5824.5072  0.2557 
   00360    0.5124   -5867.5497  0.2566 
   00361    0.5060   -5868.9726  0.2529 
   00362    0.5184   -5827.6526  0.2526 
   00363    0.5076   -5817.1038  0.2531 
   00364    0.4976   -5918.6759  0.2533 
   00365    0.4724   -5884.1041  0.2541 
   00366    0.4996   -5827.8333  0.2621 
   00367    0.4916   -5749.9463  0.2671 
   00368    0.5008   -5725.0035  0.2717 
   00369    0.5080   -5776.3202  0.2685 
   00370    0.4964   -5787.9590  0.2677 
   00371    0.4968   -5716.5889  0.2668 
   00372    0.5004   -5771.2455  0.2720 
   00373    0.4980   -5908.4046  0.2705 
   00374    0.4916   -5961.0999  0.2690 
   00375    0.4904   -5960.8185  0.2656 
   00376    0.5000   -5925.5869  0.2680 
   00377    0.4988   -6067.6414  0.2701 
   00378    0.4916   -6032.3283  0.2708 
   00379    0.4696   -6003.1213  0.2741 
   00380    0.4988   -5975.4205  0.2737 
   00381    0.5016   -5987.6932  0.2724 
   00382    0.4856   -6058.4050  0.2715 
   00383    0.4964   -6126.5117  0.2761 
   00384    0.4872   -6014.2707  0.2768 
   00385    0.4864   -6004.6494  0.2764 
   00386    0.4784   -6091.2703  0.2789 
   00387    0.4792   -5960.2956  0.2808 
   00388    0.5024   -5971.7248  0.2830 
   00389    0.4920   -5973.2781  0.2836 
   00390    0.4912   -6016.7279  0.2823 
   00391    0.4776   -6009.0272  0.2822 
   00392    0.5044   -5996.3155  0.2823 
   00393    0.4996   -6051.4487  0.2865 
   00394    0.4780   -5972.5658  0.2851 
   00395    0.4772   -6038.1408  0.2856 
   00396    0.4828   -6207.0879  0.2869 
   00397    0.4736   -6040.4134  0.2819 
   00398    0.4720   -6022.6272  0.2806 
   00399    0.4824   -6025.8232  0.2786 
   00400    0.4884   -6019.5497  0.2753 
   00401    0.4844   -6005.7786  0.2780 
   00402    0.4832   -5922.3247  0.2786 
   00403    0.4848   -6010.9152  0.2763 
   00404    0.5024   -5863.1276  0.2796 
   00405    0.4996   -5910.5563  0.2798 
   00406    0.4920   -5876.3110  0.2809 
   00407    0.4988   -5832.8423  0.2859 
   00408    0.5128   -5885.4955  0.2861 
   00409    0.4840   -5865.1704  0.2812 
   00410    0.4916   -5855.6476  0.2802 
   00411    0.4960   -5859.0514  0.2809 
   00412    0.4900   -5896.7933  0.2838 
   00413    0.4768   -5899.0337  0.2851 
   00414    0.4952   -5895.8312  0.2836 
   00415    0.4852   -5874.2142  0.2805 
   00416    0.4940   -5908.4988  0.2830 
   00417    0.5004   -5963.4669  0.2818 
   00418    0.4880   -5869.1774  0.2811 
   00419    0.5068   -5930.1996  0.2855 
   00420    0.4992   -5966.7331  0.2888 
   00421    0.4952   -5912.6231  0.2882 
   00422    0.4988   -5996.7516  0.2895 
   00423    0.4660   -5965.1824  0.2912 
   00424    0.4924   -5941.4139  0.2870 
   00425    0.4884   -5834.7582  0.2891 
   00426    0.5092   -5958.9183  0.2863 
   00427    0.4816   -5887.2134  0.2850 
   00428    0.4856   -5901.3773  0.2857 
   00429    0.4892   -5829.7300  0.2873 
   00430    0.4976   -5839.3630  0.2869 
   00431    0.5172   -5882.5872  0.2851 
   00432    0.5080   -5800.7047  0.2867 
   00433    0.4872   -5903.9029  0.2877 
   00434    0.4888   -5935.9616  0.2951 
   00435    0.4740   -5912.3490  0.2890 
   00436    0.5116   -5941.3320  0.2913 
   00437    0.4708   -5960.7162  0.2901 
   00438    0.4996   -5981.3103  0.2922 
   00439    0.4716   -6116.1718  0.2938 
   00440    0.4716   -5948.9151  0.2911 
   00441    0.4896   -5934.3695  0.2896 
   00442    0.4912   -5865.0072  0.2918 
   00443    0.5148   -5848.6231  0.2908 
   00444    0.5164   -5891.7244  0.2895 
   00445    0.5060   -5873.4089  0.2914 
   00446    0.5112   -5850.2009  0.2896 
   00447    0.4872   -5925.5222  0.2900 
   00448    0.5028   -5920.6599  0.2937 
   00449    0.4720   -5861.3026  0.2920 
   00450    0.4904   -5896.9058  0.2892 
   00451    0.4676   -5813.9965  0.2933 
   00452    0.5012   -5664.3313  0.2889 
   00453    0.5064   -5693.4642  0.2909 
   00454    0.4876   -5718.7963  0.2897 
   00455    0.4992   -5806.7881  0.2872 
   00456    0.5072   -5766.1960  0.2851 
   00457    0.5124   -5755.2983  0.2850 
   00458    0.4976   -5838.8672  0.2873 
   00459    0.4936   -5785.9427  0.2838 
   00460    0.5044   -5716.8116  0.2848 
   00461    0.5296   -5660.2555  0.2813 
   00462    0.5284   -5658.8593  0.2813 
   00463    0.5156   -5760.3424  0.2791 
   00464    0.5088   -5870.7998  0.2745 
   00465    0.5040   -5874.1082  0.2688 
   00466    0.5176   -5814.2607  0.2697 
   00467    0.4832   -5847.3857  0.2708 
   00468    0.4916   -5862.2108  0.2719 
   00469    0.5056   -5747.8514  0.2741 
   00470    0.4932   -5683.6388  0.2706 
   00471    0.4896   -5773.3476  0.2691 
   00472    0.4932   -5751.7828  0.2696 
   00473    0.5020   -5773.0680  0.2697 
   00474    0.4940   -5764.1848  0.2696 
   00475    0.5260   -5745.5060  0.2702 
   00476    0.4952   -5830.1626  0.2728 
   00477    0.4996   -5918.7652  0.2742 
   00478    0.4948   -5926.9243  0.2783 
   00479    0.4980   -5920.1476  0.2765 
   00480    0.4976   -5945.0273  0.2780 
   00481    0.5080   -5915.1557  0.2814 
   00482    0.4816   -5953.5776  0.2867 
   00483    0.5052   -6021.1930  0.2852 
   00484    0.5004   -5920.4063  0.2874 
   00485    0.4976   -5832.0442  0.2825 
   00486    0.4880   -5951.1198  0.2823 
   00487    0.4916   -5887.8535  0.2860 
   00488    0.4720   -5951.4322  0.2814 
   00489    0.4824   -6020.3273  0.2821 
   00490    0.4948   -5868.2815  0.2816 
   00491    0.4868   -5883.9299  0.2858 
   00492    0.5228   -5857.4742  0.2848 
   00493    0.5020   -5950.8908  0.2828 
   00494    0.4932   -5929.1334  0.2852 
   00495    0.4832   -5909.0533  0.2851 
   00496    0.4924   -5943.1903  0.2805 
   00497    0.4980   -5821.8125  0.2782 
   00498    0.5064   -5750.4563  0.2756 
   00499    0.5112   -5732.0958  0.2728 
   00500    0.4916   -5781.4007  0.2724 
   00501    0.4920   -5947.3435  0.2705 
   00502    0.4856   -5850.8442  0.2691 
   00503    0.4944   -5847.5006  0.2692 
   00504    0.4820   -5915.6665  0.2685 
   00505    0.4996   -5848.0438  0.2750 
   00506    0.5008   -5863.3468  0.2767 
   00507    0.4892   -5802.0306  0.2785 
   00508    0.4960   -5919.9875  0.2730 
   00509    0.4896   -5786.0664  0.2714 
   00510    0.4980   -5829.9803  0.2761 
   00511    0.5060   -5804.8388  0.2758 
   00512    0.5040   -5811.2343  0.2752 
   00513    0.5068   -5780.8951  0.2795 
   00514    0.5112   -5840.5666  0.2812 
   00515    0.5044   -5933.1382  0.2827 
   00516    0.4900   -5862.6406  0.2875 
   00517    0.4936   -5886.8807  0.2863 
   00518    0.5072   -5918.1403  0.2875 
   00519    0.4968   -5953.7601  0.2867 
   00520    0.4876   -5959.6971  0.2904 
   00521    0.4752   -5967.9059  0.2919 
   00522    0.4872   -6060.8459  0.2939 
   00523    0.4932   -5997.7013  0.2961 
   00524    0.4820   -6104.5550  0.2967 
   00525    0.4920   -6001.9130  0.2931 
   00526    0.4880   -6084.6241  0.2955 
   00527    0.4988   -6088.2522  0.2954 
   00528    0.4920   -5996.4950  0.2949 
   00529    0.4648   -6043.4264  0.2978 
   00530    0.4984   -6011.2159  0.2937 
   00531    0.4972   -6046.3356  0.2886 
   00532    0.4864   -5983.5939  0.2888 
   00533    0.4860   -6063.5431  0.2935 
   00534    0.4876   -6137.3740  0.2949 
   00535    0.4824   -6132.2416  0.2958 
   00536    0.4696   -6141.9697  0.2968 
   00537    0.4940   -6254.4933  0.2951 
   00538    0.4692   -6169.3514  0.2933 
   00539    0.4596   -6020.9112  0.2890 
   00540    0.4828   -6024.7650  0.2912 
   00541    0.4876   -6059.3914  0.2889 
   00542    0.4804   -6077.4398  0.2890 
   00543    0.4884   -5927.7701  0.2864 
   00544    0.5020   -5952.4595  0.2837 
   00545    0.4744   -6077.4780  0.2813 
   00546    0.4800   -6091.9881  0.2787 
   00547    0.4892   -6190.6923  0.2809 
   00548    0.4672   -6200.2909  0.2801 
   00549    0.4772   -6141.2155  0.2795 
   00550    0.4716   -6143.3068  0.2820 
   00551    0.4816   -6004.4325  0.2826 
   00552    0.4868   -6054.0476  0.2817 
   00553    0.4936   -6071.0619  0.2815 
   00554    0.4908   -6089.9830  0.2801 
   00555    0.4808   -5985.3188  0.2771 
   00556    0.4868   -5997.0209  0.2778 
   00557    0.4972   -5993.6806  0.2802 
   00558    0.5012   -6031.5286  0.2811 
   00559    0.4824   -6011.8859  0.2820 
   00560    0.4844   -5949.8442  0.2790 
   00561    0.4876   -5908.4952  0.2793 
   00562    0.4800   -5906.7467  0.2770 
   00563    0.4968   -5921.9323  0.2747 
   00564    0.4880   -5944.3008  0.2774 
   00565    0.5132   -5880.1036  0.2802 
   00566    0.4724   -5970.4966  0.2784 
   00567    0.4892   -5857.6983  0.2793 
   00568    0.4904   -5946.6732  0.2847 
   00569    0.4868   -5938.3326  0.2857 
   00570    0.4896   -5997.4012  0.2881 
   00571    0.4856   -5985.7157  0.2865 
   00572    0.4880   -5919.4385  0.2823 
   00573    0.4816   -5943.0865  0.2837 
   00574    0.4860   -5917.6068  0.2812 
   00575    0.4952   -5913.4850  0.2824 
   00576    0.5084   -5831.9555  0.2798 
   00577    0.4888   -5822.9500  0.2781 
   00578    0.5028   -5922.4764  0.2761 
   00579    0.5048   -5868.1324  0.2729 
   00580    0.4988   -5891.2816  0.2741 
   00581    0.4888   -6016.7441  0.2741 
   00582    0.4832   -6029.8747  0.2772 
   00583    0.4712   -6011.9555  0.2788 
   00584    0.4904   -5959.0184  0.2795 
   00585    0.4936   -6048.7086  0.2814 
   00586    0.4680   -5999.3090  0.2801 
   00587    0.5084   -5970.3827  0.2836 
   00588    0.4884   -5927.9708  0.2802 
   00589    0.4948   -5941.7489  0.2821 
   00590    0.4812   -5952.6763  0.2805 
   00591    0.4756   -5897.2847  0.2819 
   00592    0.4828   -5820.3275  0.2802 
   00593    0.4868   -5901.1357  0.2778 
   00594    0.4944   -5831.9449  0.2767 
   00595    0.4900   -5854.5774  0.2773 
   00596    0.5072   -5841.5588  0.2757 
   00597    0.4972   -5824.9301  0.2716 
   00598    0.4908   -5865.8036  0.2701 
   00599    0.4820   -5931.6008  0.2658 
   00600    0.4784   -5931.3954  0.2680 
   00601    0.4840   -5992.8172  0.2676 
   00602    0.4816   -5897.1448  0.2636 
   00603    0.4972   -5898.4397  0.2647 
   00604    0.4908   -5904.6846  0.2684 
   00605    0.4924   -5830.5555  0.2687 
   00606    0.5056   -5829.1832  0.2628 
   00607    0.4924   -5893.0547  0.2640 
   00608    0.4720   -5810.2298  0.2613 
   00609    0.5024   -5808.7325  0.2590 
   00610    0.4876   -5835.3214  0.2593 
   00611    0.4964   -5770.8142  0.2600 
   00612    0.5112   -5754.1310  0.2619 
   00613    0.5164   -5782.1924  0.2617 
   00614    0.5032   -5816.3400  0.2605 
   00615    0.4700   -5850.3308  0.2599 
   00616    0.4860   -5799.8829  0.2599 
   00617    0.5172   -5757.8600  0.2631 
   00618    0.5060   -5861.8067  0.2618 
   00619    0.5028   -5851.6614  0.2563 
   00620    0.4936   -5778.3448  0.2538 
   00621    0.4880   -5820.4595  0.2531 
   00622    0.4984   -5741.6332  0.2574 
   00623    0.5104   -5856.0977  0.2555 
   00624    0.4904   -5986.3494  0.2557 
   00625    0.4868   -6000.3213  0.2572 
   00626    0.4808   -6079.8287  0.2561 
   00627    0.4836   -6069.9196  0.2549 
   00628    0.4976   -6112.6269  0.2549 
   00629    0.4740   -6074.0750  0.2566 
   00630    0.4800   -6088.9898  0.2563 
   00631    0.4864   -6058.1263  0.2567 
   00632    0.4876   -5982.5355  0.2567 
   00633    0.4748   -6003.5941  0.2560 
   00634    0.4652   -5955.7247  0.2521 
   00635    0.4820   -5975.8987  0.2544 
   00636    0.4792   -5935.9745  0.2560 
   00637    0.4844   -6037.2502  0.2632 
   00638    0.4872   -5977.1568  0.2585 
   00639    0.4912   -5986.0895  0.2608 
   00640    0.4664   -5950.5363  0.2574 
   00641    0.4856   -6037.5731  0.2518 
   00642    0.4628   -6003.5918  0.2526 
   00643    0.4860   -5986.6259  0.2556 
   00644    0.4864   -6007.5854  0.2556 
   00645    0.4584   -6086.0247  0.2543 
   00646    0.4764   -6085.5880  0.2537 
   00647    0.4632   -5960.6495  0.2511 
   00648    0.4864   -6066.1500  0.2503 
   00649    0.4896   -6060.4850  0.2523 
   00650    0.4796   -6090.0079  0.2544 
   00651    0.4852   -6093.9440  0.2560 
   00652    0.4812   -6062.6838  0.2587 
   00653    0.4824   -6081.9004  0.2587 
   00654    0.4852   -5947.8462  0.2579 
   00655    0.5112   -5917.1852  0.2545 
   00656    0.4968   -6013.7116  0.2583 
   00657    0.4800   -6057.7201  0.2598 
   00658    0.4808   -6117.9846  0.2619 
   00659    0.4892   -6045.0896  0.2613 
   00660    0.4928   -5926.9571  0.2557 
   00661    0.4932   -5806.2476  0.2568 
   00662    0.4812   -5888.1404  0.2598 
   00663    0.4896   -5932.5191  0.2562 
   00664    0.4920   -5896.8623  0.2561 
   00665    0.4860   -5948.7142  0.2579 
   00666    0.4908   -5845.0855  0.2582 
   00667    0.5000   -5924.9235  0.2554 
   00668    0.4920   -5874.7610  0.2574 
   00669    0.4928   -5809.8310  0.2629 
   00670    0.4968   -5821.1052  0.2605 
   00671    0.5228   -5834.5429  0.2556 
   00672    0.4960   -5842.8120  0.2600 
   00673    0.4844   -5855.6247  0.2617 
   00674    0.5048   -5964.2243  0.2621 
   00675    0.4996   -5930.1726  0.2656 
   00676    0.4968   -5951.0037  0.2611 
   00677    0.4860   -5901.5657  0.2619 
   00678    0.5132   -5869.1833  0.2624 
   00679    0.4856   -5922.0685  0.2688 
   00680    0.4820   -5910.8844  0.2638 
   00681    0.4988   -5890.1811  0.2655 
   00682    0.4940   -5863.0212  0.2642 
   00683    0.5032   -5786.8927  0.2591 
   00684    0.4992   -5827.5371  0.2591 
   00685    0.4872   -5769.0035  0.2609 
   00686    0.4884   -5855.9322  0.2589 
   00687    0.5032   -5883.7050  0.2579 
   00688    0.5120   -5898.2515  0.2553 
   00689    0.4964   -5935.5835  0.2595 
   00690    0.5000   -5956.3871  0.2599 
   00691    0.4960   -5941.1391  0.2663 
   00692    0.4988   -5974.2914  0.2639 
   00693    0.4816   -6021.2957  0.2621 
   00694    0.4824   -6059.8284  0.2628 
   00695    0.4860   -5956.3623  0.2657 
   00696    0.4920   -5937.2606  0.2667 
   00697    0.5220   -5965.5718  0.2643 
   00698    0.4872   -6018.3968  0.2692 
   00699    0.5056   -5909.4467  0.2648 
   00700    0.4932   -5969.5136  0.2658 
