#=====================================================
# File created:        Sat-09-Mar-2024-at-11-26-59AM
# Size of lattice:     200x200
# Number of MC steps:  200
# Reduced temperature: 0.500
# Run time (s):        214.570813
#=====================================================
# MC step:  Ratio:     Energy:   Order:
#=====================================================
   00000    0.5000  -39432.2762  0.2525 
   00001    0.6794  -58929.6518  0.2519 
   00002    0.6258  -71444.9998  0.2545 
   00003    0.5866  -80356.4964  0.2541 
   00004    0.5594  -87406.6126  0.2558 
   00005    0.5402  -93026.8726  0.2575 
   00006    0.5232  -97335.8012  0.2613 
   00007    0.5136 -101137.5913  0.2635 
   00008    0.5027 -104015.9617  0.2660 
   00009    0.4907 -106653.0895  0.2663 
   00010    0.4840 -109008.0451  0.2671 
   00011    0.4788 -111263.4011  0.2675 
   00012    0.4711 -112839.4671  0.2682 
   00013    0.4682 -114196.1158  0.2692 
   00014    0.4647 -115528.3611  0.2693 
   00015    0.4612 -116882.6587  0.2685 
   00016    0.4588 -118102.2422  0.2694 
   00017    0.4582 -119050.1505  0.2700 
   00018    0.4481 -119917.9631  0.2720 
   00019    0.4517 -120959.6155  0.2754 
   00020    0.4440 -121700.2089  0.2740 
   00021    0.4494 -122164.4730  0.2748 
   00022    0.4466 -122712.8789  0.2743 
   00023    0.4441 -123351.5988  0.2748 
   00024    0.4373 -123819.4072  0.2790 
   00025    0.4391 -124323.3005  0.2796 
   00026    0.4401 -124542.6877  0.2791 
   00027    0.4404 -125145.2023  0.2786 
   00028    0.4374 -125497.5445  0.2769 
   00029    0.4370 -125619.5983  0.2780 
   00030    0.4368 -125903.6247  0.2778 
   00031    0.4325 -126297.3501  0.2794 
   00032    0.4352 -126778.2703  0.2797 
   00033    0.4357 -127012.9956  0.2812 
   00034    0.4382 -127147.9768  0.2813 
   00035    0.4285 -127325.3936  0.2817 
   00036    0.4318 -127425.3182  0.2812 
   00037    0.4298 -127661.2714  0.2815 
   00038    0.4304 -127865.9211  0.2816 
   00039    0.4283 -127971.6117  0.2812 
   00040    0.4313 -128264.6879  0.2817 
   00041    0.4342 -128560.0417  0.2804 
   00042    0.4251 -128766.2120  0.2803 
   00043    0.4278 -128946.9267  0.2820 
   00044    0.4306 -128975.0941  0.2835 
   00045    0.4250 -129006.4857  0.2856 
   00046    0.4238 -129230.3662  0.2868 
   00047    0.4262 -129589.3478  0.2884 
   00048    0.4234 -129655.4395  0.2911 
   00049    0.4281 -129687.2707  0.2906 
   00050    0.4242 -129961.7585  0.2932 
   00051    0.4205 -130192.1806  0.2934 
   00052    0.4265 -130434.9874  0.2934 
   00053    0.4238 -130636.0815  0.2909 
   00054    0.4189 -130681.7555  0.2926 
   00055    0.4247 -130632.2723  0.2926 
   00056    0.4209 -130638.9026  0.2916 
   00057    0.4230 -130671.3457  0.2929 
   00058    0.4187 -130756.2529  0.2927 
   00059    0.4244 -130816.2603  0.2947 
   00060    0.4281 -130952.7270  0.2947 
   00061    0.4228 -130816.5084  0.2956 
   00062    0.4210 -130954.5413  0.2969 
   00063    0.4217 -130905.2519  0.2965 
   00064    0.4252 -130764.4887  0.2967 
   00065    0.4301 -130860.3688  0.2973 
   00066    0.4218 -131049.6824  0.2972 
   00067    0.4240 -130971.7289  0.2979 
   00068    0.4261 -130830.9940  0.2991 
   00069    0.4249 -131106.2006  0.2981 
   00070    0.4213 -131131.1190  0.2985 
   00071    0.4213 -131320.4401  0.2976 
   00072    0.4252 -131500.2639  0.2991 
   00073    0.4209 -131480.3387  0.2979 
   00074    0.4210 -131646.4960  0.2983 
   00075    0.4207 -131700.5722  0.2976 
   00076    0.4247 -131799.6778  0.2992 
   00077    0.4264 -131479.1589  0.2981 
   00078    0.4243 -131504.3083  0.2982 
   00079    0.4253 -131694.1969  0.2990 
   00080    0.4194 -131861.3573  0.2995 
   00081    0.4176 -131916.7278  0.3004 
   00082    0.4203 -131870.3558  0.3011 
   00083    0.4209 -132012.7253  0.3015 
   00084    0.4219 -131939.0803  0.3009 
   00085    0.4183 -131879.1951  0.3005 
   00086    0.4253 -131939.5051  0.2989 
   00087    0.4210 -132149.4503  0.3008 
   00088    0.4178 -132118.7667  0.3002 
   00089    0.4243 -132193.5616  0.3001 
   00090    0.4191 -132133.9464  0.3018 
   00091    0.4223 -132226.3281  0.3025 
   00092    0.4227 -132211.0817  0.3017 
   00093    0.4223 -132347.8557  0.3030 
   00094    0.4187 -132460.9215  0.3031 
   00095    0.4225 -132427.8923  0.3040 
   00096    0.4215 -132452.1601  0.3030 
   00097    0.4195 -132676.7475  0.3030 
   00098    0.4238 -132526.0984  0.3047 
   00099    0.4206 -132702.5624  0.3045 
   00100    0.4157 -132789.4271  0.3030 
   00101    0.4230 -132875.7409  0.3044 
   00102    0.4140 -132892.1039  0.3066 
   00103    0.4193 -132776.2109  0.3066 
   00104    0.4163 -132746.3386  0.3052 
   00105    0.4177 -132672.0843  0.3054 
   00106    0.4170 -132691.8625  0.3050 
   00107    0.4162 -132768.7964  0.3065 
   00108    0.4172 -132905.1138  0.3060 
   00109    0.4203 -132963.8478  0.3055 
   00110    0.4176 -133137.0678  0.3039 
   00111    0.4194 -133080.8000  0.3034 
   00112    0.4179 -132952.8879  0.3029 
   00113    0.4153 -133092.9773  0.3019 
   00114    0.4215 -133050.1472  0.3007 
   00115    0.4220 -133112.9900  0.2998 
   00116    0.4182 -133253.1274  0.2998 
   00117    0.4147 -133383.3717  0.2989 
   00118    0.4182 -133349.9140  0.2997 
   00119    0.4180 -133455.9925  0.2995 
   00120    0.4170 -133389.0134  0.2993 
   00121    0.4163 -133418.2033  0.2974 
   00122    0.4206 -133534.1021  0.2969 
   00123    0.4179 -133655.8098  0.2989 
   00124    0.4204 -133647.9617  0.2980 
   00125    0.4194 -133682.8201  0.2988 
   00126    0.4220 -133629.2671  0.3004 
   00127    0.4161 -133675.7003  0.3003 
   00128    0.4161 -133517.4880  0.3017 
   00129    0.4157 -133551.4391  0.2994 
   00130    0.4206 -133520.9956  0.2975 
   00131    0.4164 -133626.5794  0.2955 
   00132    0.4183 -133598.0588  0.2956 
   00133    0.4164 -133662.1884  0.2946 
   00134    0.4194 -133750.6890  0.2962 
   00135    0.4194 -133818.6617  0.2981 
   00136    0.4127 -133812.0190  0.2986 
   00137    0.4172 -134009.8528  0.2979 
   00138    0.4188 -134021.9522  0.2969 
   00139    0.4156 -134010.0877  0.2980 
   00140    0.4166 -134022.5613  0.2973 
   00141    0.4173 -133913.4971  0.2988 
   00142    0.4168 -133963.3592  0.3003 
   00143    0.4168 -134157.5380  0.2996 
   00144    0.4147 -134072.6283  0.3014 
   00145    0.4134 -134095.0313  0.3017 
   00146    0.4193 -134156.3632  0.3029 
   00147    0.4156 -134228.7435  0.3033 
   00148    0.4152 -134296.3430  0.3038 
   00149    0.4171 -134290.9314  0.3018 
   00150    0.4160 -134495.0282  0.3028 
   00151    0.4162 -134499.9748  0.3019 
   00152    0.4178 -134340.2228  0.3017 
   00153    0.4163 -134182.1318  0.3012 
   00154    0.4130 -134083.7914  0.3022 
   00155    0.4149 -133934.6731  0.3020 
   00156    0.4176 -133967.0449  0.3041 
   00157    0.4180 -133919.7764  0.3040 
   00158    0.4154 -134164.2027  0.3031 
   00159    0.4228 -134113.8042  0.3015 
   00160    0.4158 -134154.7044  0.3023 
   00161    0.4198 -134249.3906  0.3019 
   00162    0.4132 -134143.6163  0.3017 
   00163    0.4134 -134412.2340  0.3033 
   00164    0.4165 -134313.7669  0.3034 
   00165    0.4137 -134181.5472  0.3046 
   00166    0.4131 -134198.9052  0.3035 
   00167    0.4119 -134203.4622  0.3043 
   00168    0.4197 -134300.0857  0.3045 
   00169    0.4182 -134452.5133  0.3045 
   00170    0.4190 -134321.6167  0.3058 
   00171    0.4138 -134467.3754  0.3055 
   00172    0.4169 -134622.8185  0.3055 
   00173    0.4155 -134693.5490  0.3047 
   00174    0.4172 -134605.3738  0.3048 
   00175    0.4138 -134421.4728  0.3048 
   00176    0.4113 -134419.7331  0.3052 
   00177    0.4133 -134293.3773  0.3069 
   00178    0.4169 -134364.2741  0.3063 
   00179    0.4204 -134383.9688  0.3038 
   00180    0.4154 -134424.3462  0.3043 
   00181    0.4177 -134580.3324  0.3046 
   00182    0.4164 -134530.1762  0.3056 
   00183    0.4197 -134490.8040  0.3050 
   00184    0.4118 -134533.6842  0.3056 
   00185    0.4145 -134497.6032  0.3056 
   00186    0.4168 -134500.6613  0.3041 
   00187    0.4142 -134228.3565  0.3035 
   00188    0.4139 -134311.1558  0.3028 
   00189    0.4119 -134343.6241  0.3022 
   00190    0.4170 -134337.9671  0.3022 
   00191    0.4168 -134401.0292  0.3023 
   00192    0.4130 -134493.9514  0.3019 
   00193    0.4160 -134554.6369  0.3020 
   00194    0.4126 -134625.4833  0.3009 
   00195    0.4138 -134719.0550  0.3008 
   00196    0.4114 -134543.7192  0.3007 
   00197    0.4165 -134647.3318  0.3006 
   00198    0.4178 -134686.5249  0.3007 
   00199    0.4157 -134497.7896  0.2996 
   00200    0.4204 -134418.9757  0.2988 
