#=====================================================
# File created:        Mon-11-Mar-2024-at-02-17-50PM
# Size of lattice:     200x200
# Number of MC steps:  200
# Reduced temperature: 0.500
# Run time (s):        213.509766
#=====================================================
# MC step:  Ratio:     Energy:   Order:
#=====================================================
   00000    0.5000  -39795.3631  0.2528 
   00001    0.6955  -61618.4759  0.2544 
   00002    0.6234  -75431.5272  0.2554 
   00003    0.5792  -85063.1645  0.2540 
   00004    0.5481  -92132.6185  0.2558 
   00005    0.5314  -97732.8351  0.2552 
   00006    0.5098 -101936.7009  0.2556 
   00007    0.4999 -105655.9325  0.2564 
   00008    0.4905 -108744.2456  0.2549 
   00009    0.4795 -111262.1241  0.2550 
   00010    0.4743 -113577.3627  0.2559 
   00011    0.4654 -115261.0417  0.2567 
   00012    0.4673 -116808.9095  0.2575 
   00013    0.4612 -118028.7454  0.2608 
   00014    0.4562 -119248.1990  0.2615 
   00015    0.4492 -120228.3947  0.2616 
   00016    0.4535 -121061.1354  0.2604 
   00017    0.4490 -121896.2534  0.2617 
   00018    0.4438 -122699.8115  0.2624 
   00019    0.4444 -123433.8725  0.2654 
   00020    0.4439 -124123.7517  0.2647 
   00021    0.4424 -124655.0306  0.2668 
   00022    0.4374 -125252.2142  0.2658 
   00023    0.4345 -125635.7444  0.2658 
   00024    0.4390 -125849.6577  0.2672 
   00025    0.4400 -126294.6270  0.2678 
   00026    0.4375 -126843.1200  0.2666 
   00027    0.4337 -127291.9769  0.2660 
   00028    0.4341 -127256.5564  0.2669 
   00029    0.4329 -127504.1647  0.2672 
   00030    0.4335 -127597.0470  0.2682 
   00031    0.4295 -127897.9837  0.2695 
   00032    0.4321 -128237.9275  0.2709 
   00033    0.4322 -128457.7332  0.2723 
   00034    0.4270 -128752.3650  0.2704 
   00035    0.4283 -128983.1319  0.2692 
   00036    0.4286 -129190.3101  0.2683 
   00037    0.4275 -129440.6054  0.2672 
   00038    0.4278 -129630.7293  0.2655 
   00039    0.4293 -129754.4104  0.2675 
   00040    0.4250 -129792.1141  0.2676 
   00041    0.4252 -129888.8167  0.2671 
   00042    0.4269 -129876.3482  0.2668 
   00043    0.4287 -129989.5522  0.2667 
   00044    0.4301 -130290.3046  0.2677 
   00045    0.4274 -130374.3669  0.2655 
   00046    0.4183 -130429.1012  0.2657 
   00047    0.4207 -130558.4782  0.2656 
   00048    0.4256 -130926.4008  0.2656 
   00049    0.4195 -131056.1092  0.2649 
   00050    0.4218 -131001.6851  0.2643 
   00051    0.4220 -131280.2128  0.2651 
   00052    0.4246 -131402.9183  0.2647 
   00053    0.4208 -131328.5282  0.2678 
   00054    0.4261 -131465.8047  0.2679 
   00055    0.4216 -131615.2768  0.2663 
   00056    0.4206 -131736.2678  0.2655 
   00057    0.4211 -131879.1262  0.2671 
   00058    0.4183 -132109.2898  0.2684 
   00059    0.4243 -132050.6741  0.2695 
   00060    0.4210 -132124.0394  0.2676 
   00061    0.4229 -132116.5954  0.2668 
   00062    0.4185 -132308.6307  0.2659 
   00063    0.4200 -132354.0185  0.2661 
   00064    0.4195 -132409.4942  0.2647 
   00065    0.4160 -132594.5284  0.2641 
   00066    0.4210 -132544.3817  0.2642 
   00067    0.4201 -132561.5807  0.2655 
   00068    0.4204 -132571.7385  0.2652 
   00069    0.4235 -132662.3985  0.2661 
   00070    0.4228 -132845.1675  0.2664 
   00071    0.4167 -132835.5402  0.2670 
   00072    0.4166 -133122.9327  0.2675 
   00073    0.4150 -132958.0460  0.2680 
   00074    0.4152 -133060.2627  0.2680 
   00075    0.4167 -132971.4320  0.2686 
   00076    0.4164 -132917.7913  0.2679 
   00077    0.4200 -132956.8812  0.2679 
   00078    0.4184 -133005.9269  0.2675 
   00079    0.4199 -133125.0525  0.2659 
   00080    0.4172 -133068.2882  0.2668 
   00081    0.4204 -132999.7332  0.2669 
   00082    0.4164 -132950.8090  0.2684 
   00083    0.4189 -133109.8645  0.2675 
   00084    0.4158 -133347.3365  0.2668 
   00085    0.4213 -133353.2924  0.2686 
   00086    0.4189 -133224.0281  0.2677 
   00087    0.4188 -133353.1071  0.2671 
   00088    0.4208 -133489.4779  0.2646 
   00089    0.4218 -133652.9015  0.2636 
   00090    0.4179 -133596.9947  0.2634 
   00091    0.4147 -133739.0922  0.2646 
   00092    0.4181 -133480.2377  0.2646 
   00093    0.4158 -133509.8839  0.2660 
   00094    0.4153 -133637.9195  0.2663 
   00095    0.4172 -133839.9593  0.2657 
   00096    0.4148 -133627.9082  0.2659 
   00097    0.4141 -133502.5687  0.2646 
   00098    0.4214 -133571.3133  0.2657 
   00099    0.4159 -133718.3695  0.2647 
   00100    0.4176 -133701.2092  0.2648 
   00101    0.4133 -133575.3946  0.2630 
   00102    0.4178 -133595.5328  0.2643 
   00103    0.4171 -133482.7729  0.2640 
   00104    0.4187 -133701.6277  0.2638 
   00105    0.4154 -133693.6472  0.2653 
   00106    0.4170 -133719.4233  0.2648 
   00107    0.4147 -133575.5064  0.2671 
   00108    0.4124 -133614.4088  0.2673 
   00109    0.4185 -133597.6971  0.2667 
   00110    0.4174 -133698.7710  0.2657 
   00111    0.4194 -133850.8550  0.2673 
   00112    0.4225 -133692.2345  0.2662 
   00113    0.4183 -133843.3563  0.2665 
   00114    0.4182 -133864.5918  0.2670 
   00115    0.4161 -133819.9021  0.2668 
   00116    0.4150 -133743.6465  0.2655 
   00117    0.4181 -133861.0935  0.2678 
   00118    0.4182 -133938.8856  0.2683 
   00119    0.4203 -134085.0162  0.2679 
   00120    0.4133 -133927.6392  0.2667 
   00121    0.4199 -133977.7285  0.2657 
   00122    0.4185 -133964.8121  0.2643 
   00123    0.4138 -133910.5483  0.2650 
   00124    0.4173 -133937.5621  0.2636 
   00125    0.4166 -134069.9224  0.2645 
   00126    0.4206 -134059.2020  0.2661 
   00127    0.4173 -134064.6440  0.2651 
   00128    0.4174 -134074.2223  0.2636 
   00129    0.4150 -134161.6904  0.2635 
   00130    0.4152 -134164.1756  0.2626 
   00131    0.4178 -134237.1932  0.2612 
   00132    0.4181 -134320.0376  0.2599 
   00133    0.4118 -134140.8375  0.2603 
   00134    0.4189 -133916.7701  0.2598 
   00135    0.4146 -134160.9373  0.2600 
   00136    0.4193 -134158.5585  0.2605 
   00137    0.4098 -134227.0837  0.2614 
   00138    0.4168 -134163.6979  0.2641 
   00139    0.4157 -134168.0703  0.2654 
   00140    0.4093 -134306.8968  0.2651 
   00141    0.4140 -134315.8950  0.2638 
   00142    0.4189 -134438.8598  0.2647 
   00143    0.4143 -134592.9577  0.2646 
   00144    0.4189 -134605.1601  0.2640 
   00145    0.4161 -134616.2090  0.2643 
   00146    0.4184 -134641.8633  0.2656 
   00147    0.4123 -134396.2146  0.2636 
   00148    0.4133 -134532.6088  0.2644 
   00149    0.4115 -134571.0481  0.2643 
   00150    0.4133 -134556.0611  0.2646 
   00151    0.4155 -134500.9789  0.2635 
   00152    0.4192 -134357.6021  0.2625 
   00153    0.4162 -134495.7789  0.2643 
   00154    0.4192 -134575.1252  0.2639 
   00155    0.4189 -134712.2484  0.2643 
   00156    0.4129 -134485.2702  0.2626 
   00157    0.4187 -134599.7552  0.2616 
   00158    0.4131 -134578.9425  0.2613 
   00159    0.4130 -134750.5076  0.2627 
   00160    0.4173 -134832.0849  0.2620 
   00161    0.4203 -134777.8736  0.2636 
   00162    0.4169 -134796.7993  0.2632 
   00163    0.4138 -135004.2654  0.2615 
   00164    0.4153 -134793.4279  0.2620 
   00165    0.4143 -134943.5406  0.2619 
   00166    0.4134 -134944.8710  0.2648 
   00167    0.4148 -135141.6587  0.2656 
   00168    0.4143 -135018.4052  0.2659 
   00169    0.4112 -135010.7688  0.2649 
   00170    0.4154 -135010.4019  0.2652 
   00171    0.4113 -134876.7224  0.2654 
   00172    0.4173 -135050.9642  0.2648 
   00173    0.4135 -135113.9750  0.2663 
   00174    0.4150 -134952.6079  0.2657 
   00175    0.4190 -135114.8759  0.2654 
   00176    0.4151 -135180.4829  0.2641 
   00177    0.4134 -135084.9000  0.2646 
   00178    0.4157 -135057.0549  0.2656 
   00179    0.4142 -135038.0556  0.2658 
   00180    0.4138 -134923.9824  0.2658 
   00181    0.4156 -134858.7420  0.2654 
   00182    0.4121 -134839.7510  0.2668 
   00183    0.4194 -134696.1728  0.2679 
   00184    0.4146 -134792.1813  0.2697 
   00185    0.4165 -134921.1097  0.2701 
   00186    0.4136 -135110.3054  0.2689 
   00187    0.4118 -135159.2491  0.2682 
   00188    0.4149 -135099.4065  0.2676 
   00189    0.4148 -134876.2273  0.2671 
   00190    0.4133 -134977.5522  0.2694 
   00191    0.4125 -134864.3706  0.2689 
   00192    0.4144 -134875.9961  0.2694 
   00193    0.4097 -135058.1689  0.2682 
   00194    0.4140 -134890.5232  0.2686 
   00195    0.4175 -134930.2128  0.2687 
   00196    0.4114 -135092.8851  0.2696 
   00197    0.4145 -135302.2301  0.2701 
   00198    0.4159 -135127.0366  0.2681 
   00199    0.4140 -135233.6069  0.2692 
   00200    0.4124 -135306.2333  0.2700 
