#=====================================================
# File created:        Mon-11-Mar-2024-at-06-09-02PM
# Size of lattice:     200x200
# Number of MC steps:  200
# Reduced temperature: 0.500
# Run time (s):        295.349152
#=====================================================
# MC step:  Ratio:     Energy:   Order:
#=====================================================
   00000    0.5000  -40098.7422  0.2513 
   00001    0.6780  -59724.9180  0.2535 
   00002    0.6219  -72101.2344  0.2513 
   00003    0.5855  -81286.1328  0.2527 
   00004    0.5529  -88235.9609  0.2515 
   00005    0.5369  -93764.5391  0.2525 
   00006    0.5240  -98152.7734  0.2540 
   00007    0.5082 -102062.8828  0.2563 
   00008    0.4969 -105170.2266  0.2590 
   00009    0.4861 -107701.1953  0.2622 
   00010    0.4764 -109937.0781  0.2602 
   00011    0.4800 -111675.9219  0.2605 
   00012    0.4709 -113462.0547  0.2625 
   00013    0.4692 -114987.0391  0.2607 
   00014    0.4640 -116505.8750  0.2610 
   00015    0.4600 -117488.6719  0.2605 
   00016    0.4575 -118451.3281  0.2629 
   00017    0.4525 -119717.0703  0.2630 
   00018    0.4461 -120545.5469  0.2621 
   00019    0.4473 -121151.1016  0.2614 
   00020    0.4479 -121720.1094  0.2622 
   00021    0.4441 -122232.0547  0.2621 
   00022    0.4450 -122894.2969  0.2627 
   00023    0.4437 -123439.2188  0.2639 
   00024    0.4418 -123801.4141  0.2638 
   00025    0.4393 -124179.3906  0.2629 
   00026    0.4334 -124599.7812  0.2636 
   00027    0.4374 -125189.4922  0.2617 
   00028    0.4410 -125617.5000  0.2618 
   00029    0.4414 -125783.8438  0.2612 
   00030    0.4355 -126081.5312  0.2611 
   00031    0.4351 -126532.1328  0.2618 
   00032    0.4319 -126835.9766  0.2615 
   00033    0.4340 -127082.4062  0.2615 
   00034    0.4299 -127213.0234  0.2628 
   00035    0.4311 -127313.4297  0.2640 
   00036    0.4337 -127767.5781  0.2646 
   00037    0.4291 -127933.5156  0.2649 
   00038    0.4258 -128167.1562  0.2655 
   00039    0.4283 -128175.1875  0.2642 
   00040    0.4273 -128316.7500  0.2646 
   00041    0.4286 -128375.4219  0.2640 
   00042    0.4266 -128773.9219  0.2647 
   00043    0.4247 -128931.5469  0.2641 
   00044    0.4259 -128939.8672  0.2659 
   00045    0.4270 -128974.3203  0.2670 
   00046    0.4324 -129145.2109  0.2667 
   00047    0.4254 -129446.9766  0.2671 
   00048    0.4265 -129655.4062  0.2677 
   00049    0.4204 -129856.0234  0.2691 
   00050    0.4230 -129838.3906  0.2695 
   00051    0.4246 -130007.6094  0.2701 
   00052    0.4247 -130177.7109  0.2706 
   00053    0.4250 -130432.4062  0.2708 
   00054    0.4237 -130451.3906  0.2708 
   00055    0.4217 -130469.5781  0.2711 
   00056    0.4194 -130541.5547  0.2687 
   00057    0.4216 -130654.5469  0.2683 
   00058    0.4216 -130732.2500  0.2672 
   00059    0.4236 -130930.7500  0.2670 
   00060    0.4201 -131005.9531  0.2662 
   00061    0.4226 -131171.4375  0.2655 
   00062    0.4236 -131360.2500  0.2658 
   00063    0.4249 -131476.1094  0.2652 
   00064    0.4212 -131354.6875  0.2655 
   00065    0.4247 -131455.7188  0.2678 
   00066    0.4252 -131436.2500  0.2679 
   00067    0.4250 -131650.1406  0.2692 
   00068    0.4195 -131731.6719  0.2687 
   00069    0.4182 -131709.9688  0.2677 
   00070    0.4238 -131602.3594  0.2671 
   00071    0.4196 -131650.7969  0.2684 
   00072    0.4231 -131748.4062  0.2687 
   00073    0.4234 -131838.2656  0.2687 
   00074    0.4251 -131897.0625  0.2689 
   00075    0.4219 -131955.5469  0.2701 
   00076    0.4218 -131917.6094  0.2722 
   00077    0.4228 -131997.2812  0.2727 
   00078    0.4177 -132045.1094  0.2721 
   00079    0.4186 -132088.9688  0.2720 
   00080    0.4234 -132042.5625  0.2717 
   00081    0.4210 -132040.4062  0.2702 
   00082    0.4220 -131985.0312  0.2701 
   00083    0.4213 -132319.6719  0.2699 
   00084    0.4202 -132308.3281  0.2696 
   00085    0.4182 -132284.0312  0.2690 
   00086    0.4159 -132149.1406  0.2699 
   00087    0.4187 -132290.8906  0.2700 
   00088    0.4174 -132202.4375  0.2707 
   00089    0.4181 -132336.8125  0.2729 
   00090    0.4232 -132427.1562  0.2738 
   00091    0.4168 -132543.2656  0.2727 
   00092    0.4218 -132529.3125  0.2732 
   00093    0.4171 -132455.5469  0.2744 
   00094    0.4225 -132459.8125  0.2757 
   00095    0.4233 -132756.9531  0.2768 
   00096    0.4203 -132731.2188  0.2764 
   00097    0.4191 -132663.7344  0.2765 
   00098    0.4194 -132758.0781  0.2780 
   00099    0.4199 -132830.5469  0.2789 
   00100    0.4205 -132770.9844  0.2792 
   00101    0.4195 -132874.0625  0.2775 
   00102    0.4229 -132850.0156  0.2767 
   00103    0.4180 -132786.9844  0.2776 
   00104    0.4198 -132914.0781  0.2799 
   00105    0.4177 -133144.3906  0.2811 
   00106    0.4164 -133112.8125  0.2813 
   00107    0.4147 -132904.6406  0.2810 
   00108    0.4159 -133185.2500  0.2800 
   00109    0.4209 -133052.4062  0.2784 
   00110    0.4164 -133246.9844  0.2788 
   00111    0.4189 -133366.7656  0.2790 
   00112    0.4196 -133443.9062  0.2799 
   00113    0.4207 -133428.7969  0.2797 
   00114    0.4193 -133506.7812  0.2809 
   00115    0.4177 -133438.6406  0.2814 
   00116    0.4210 -133542.5469  0.2802 
   00117    0.4154 -133504.0156  0.2796 
   00118    0.4164 -133465.3281  0.2781 
   00119    0.4191 -133482.3750  0.2799 
   00120    0.4184 -133460.0781  0.2797 
   00121    0.4205 -133554.2188  0.2789 
   00122    0.4178 -133401.0469  0.2785 
   00123    0.4184 -133330.0938  0.2772 
   00124    0.4184 -133219.6094  0.2772 
   00125    0.4133 -133368.9531  0.2797 
   00126    0.4186 -133560.0938  0.2791 
   00127    0.4148 -133439.7812  0.2783 
   00128    0.4162 -133696.6250  0.2791 
   00129    0.4177 -133542.1250  0.2775 
   00130    0.4170 -133568.5938  0.2764 
   00131    0.4146 -133595.8750  0.2775 
   00132    0.4207 -133708.3594  0.2775 
   00133    0.4191 -133709.2031  0.2793 
   00134    0.4200 -133830.9688  0.2786 
   00135    0.4137 -133843.2344  0.2790 
   00136    0.4160 -133948.7656  0.2801 
   00137    0.4169 -134007.9531  0.2804 
   00138    0.4174 -134096.8438  0.2813 
   00139    0.4179 -134433.0312  0.2798 
   00140    0.4136 -134204.8125  0.2796 
   00141    0.4150 -134094.2812  0.2801 
   00142    0.4146 -134241.1250  0.2791 
   00143    0.4171 -134335.8281  0.2786 
   00144    0.4110 -134367.5938  0.2784 
   00145    0.4159 -134422.5312  0.2782 
   00146    0.4155 -134371.1875  0.2779 
   00147    0.4135 -134320.4531  0.2774 
   00148    0.4123 -134267.1094  0.2786 
   00149    0.4154 -134353.5938  0.2781 
   00150    0.4152 -134469.8906  0.2788 
   00151    0.4128 -134535.5625  0.2815 
   00152    0.4138 -134615.4062  0.2815 
   00153    0.4157 -134497.0312  0.2819 
   00154    0.4178 -134512.0625  0.2809 
   00155    0.4150 -134316.0156  0.2802 
   00156    0.4141 -134361.2500  0.2821 
   00157    0.4186 -134413.8438  0.2814 
   00158    0.4216 -134495.3438  0.2812 
   00159    0.4155 -134550.9531  0.2821 
   00160    0.4152 -134428.4219  0.2823 
   00161    0.4146 -134268.5781  0.2821 
   00162    0.4216 -134198.3750  0.2835 
   00163    0.4189 -134035.7344  0.2836 
   00164    0.4177 -134040.7812  0.2821 
   00165    0.4166 -134055.2656  0.2817 
   00166    0.4186 -134242.7031  0.2805 
   00167    0.4132 -134336.9531  0.2804 
   00168    0.4119 -134342.8750  0.2816 
   00169    0.4175 -134519.3906  0.2821 
   00170    0.4145 -134683.4375  0.2841 
   00171    0.4217 -134668.1406  0.2840 
   00172    0.4164 -134853.9219  0.2842 
   00173    0.4139 -134968.2656  0.2862 
   00174    0.4155 -134783.5156  0.2868 
   00175    0.4150 -134734.9062  0.2874 
   00176    0.4129 -134762.2344  0.2876 
   00177    0.4121 -134707.2500  0.2875 
   00178    0.4105 -134721.2812  0.2909 
   00179    0.4152 -134631.5938  0.2901 
   00180    0.4100 -134699.1875  0.2903 
   00181    0.4139 -134812.7500  0.2902 
   00182    0.4140 -134717.9844  0.2908 
   00183    0.4176 -134803.2500  0.2899 
   00184    0.4138 -134686.8281  0.2885 
   00185    0.4143 -134912.0781  0.2884 
   00186    0.4128 -134867.1562  0.2888 
   00187    0.4115 -134774.4062  0.2884 
   00188    0.4149 -134858.5781  0.2882 
   00189    0.4137 -134954.3906  0.2876 
   00190    0.4141 -134899.4688  0.2876 
   00191    0.4141 -134957.9062  0.2875 
   00192    0.4141 -134989.0938  0.2901 
   00193    0.4168 -134948.1562  0.2899 
   00194    0.4170 -134984.1406  0.2895 
   00195    0.4160 -135017.9375  0.2885 
   00196    0.4148 -134988.3594  0.2881 
   00197    0.4160 -135062.1719  0.2882 
   00198    0.4085 -135094.8438  0.2885 
   00199    0.4104 -134896.8125  0.2897 
   00200    0.4127 -134963.9062  0.2901 
