#=====================================================
# File created:        Tue-12-Mar-2024-at-04-13-17PM
# Size of lattice:     500x500
# Number of MC steps:  50
# Reduced temperature: 1.000
# Run time (s):        54.192518
#=====================================================
# MC step:  Ratio:     Energy:   Order:
#=====================================================
   00000    0.5000 -249535.6971  0.2526 
   00001    0.6930 -379068.9805  0.2535 
   00002    0.6236 -441184.8907  0.2522 
   00003    0.5885 -476474.5848  0.2532 
   00004    0.5666 -499509.9874  0.2532 
   00005    0.5525 -516635.8380  0.2528 
   00006    0.5422 -529253.2277  0.2523 
   00007    0.5332 -538901.2789  0.2529 
   00008    0.5270 -547420.2794  0.2515 
   00009    0.5205 -552755.1186  0.2517 
   00010    0.5186 -556436.6747  0.2507 
   00011    0.5148 -561685.6773  0.2514 
   00012    0.5144 -565399.6683  0.2506 
   00013    0.5097 -568693.9072  0.2515 
   00014    0.5070 -571233.6281  0.2511 
   00015    0.5060 -573634.3647  0.2510 
   00016    0.5046 -575437.4505  0.2509 
   00017    0.5053 -576129.7232  0.2515 
   00018    0.5024 -577570.4434  0.2516 
   00019    0.5024 -579237.5371  0.2512 
   00020    0.5012 -580044.5738  0.2516 
   00021    0.5012 -581622.0936  0.2515 
   00022    0.4981 -582704.2268  0.2514 
   00023    0.4977 -582192.7115  0.2529 
   00024    0.5000 -582619.7750  0.2530 
   00025    0.4980 -583161.5793  0.2539 
   00026    0.4991 -584549.3253  0.2544 
   00027    0.4990 -583179.5579  0.2530 
   00028    0.4982 -584451.4016  0.2542 
   00029    0.4968 -585666.6416  0.2552 
   00030    0.4969 -585875.0528  0.2554 
   00031    0.4939 -586056.0550  0.2561 
   00032    0.4972 -585871.0342  0.2549 
   00033    0.4972 -585924.5805  0.2551 
   00034    0.4954 -586176.9593  0.2538 
   00035    0.4958 -586453.9278  0.2531 
   00036    0.4971 -586806.4686  0.2536 
   00037    0.4939 -586705.1182  0.2532 
   00038    0.4957 -586423.1608  0.2524 
   00039    0.4949 -587088.1929  0.2519 
   00040    0.4960 -586531.9161  0.2525 
   00041    0.4974 -587733.9842  0.2523 
   00042    0.4966 -587783.5165  0.2527 
   00043    0.4960 -586475.3213  0.2540 
   00044    0.4941 -587513.1782  0.2529 
   00045    0.4943 -587247.8087  0.2538 
   00046    0.4941 -588013.5923  0.2546 
   00047    0.4945 -588932.4553  0.2541 
   00048    0.4937 -589924.0168  0.2527 
   00049    0.4937 -589965.6039  0.2515 
   00050    0.4925 -590008.6436  0.2517 
