#=====================================================
# File created:        Tue-12-Mar-2024-at-03-31-27PM
# Size of lattice:     50x50
# Number of MC steps:  1000
# Reduced temperature: 1.000
# Run time (s):        12.443611
#=====================================================
# MC step:  Ratio:     Energy:   Order:
#=====================================================
   00000    0.5000   -2412.5055  0.2634 
   00001    0.6980   -3705.1862  0.2737 
   00002    0.6472   -4320.7960  0.2812 
   00003    0.5852   -4638.2228  0.2910 
   00004    0.5744   -4895.4614  0.2998 
   00005    0.5680   -5082.3698  0.2892 
   00006    0.5492   -5177.9714  0.2838 
   00007    0.5360   -5205.2946  0.2723 
   00008    0.5280   -5321.6618  0.2695 
   00009    0.5328   -5299.9057  0.2667 
   00010    0.5296   -5336.1825  0.2720 
   00011    0.5368   -5457.4047  0.2719 
   00012    0.5184   -5456.3575  0.2837 
   00013    0.5044   -5525.7353  0.2877 
   00014    0.5040   -5632.9252  0.2824 
   00015    0.5088   -5577.6013  0.2776 
   00016    0.4956   -5653.0420  0.2752 
   00017    0.5152   -5702.7417  0.2710 
   00018    0.5044   -5768.3419  0.2726 
   00019    0.5028   -5808.2754  0.2736 
   00020    0.5072   -5855.0920  0.2700 
   00021    0.4972   -5854.8508  0.2788 
   00022    0.5052   -5821.1021  0.2748 
   00023    0.4820   -5862.1871  0.2742 
   00024    0.4884   -5771.4667  0.2766 
   00025    0.5052   -5847.0963  0.2769 
   00026    0.4840   -5936.5037  0.2776 
   00027    0.4916   -5806.7591  0.2883 
   00028    0.4964   -5930.2782  0.2807 
   00029    0.4792   -5985.5814  0.2856 
   00030    0.4936   -5999.1587  0.2975 
   00031    0.4840   -5973.8541  0.2935 
   00032    0.5020   -6048.8249  0.2902 
   00033    0.4840   -5956.7462  0.2899 
   00034    0.5004   -6060.7281  0.2916 
   00035    0.4648   -5982.6965  0.2867 
   00036    0.4720   -6011.6167  0.2830 
   00037    0.4992   -5898.9167  0.2917 
   00038    0.4904   -5890.0579  0.2905 
   00039    0.4960   -5875.7448  0.3042 
   00040    0.4944   -5808.6284  0.3097 
   00041    0.5056   -5807.9266  0.3106 
   00042    0.4984   -5758.5898  0.2999 
   00043    0.5128   -5788.5155  0.2928 
   00044    0.5076   -5716.2939  0.2892 
   00045    0.5088   -5684.8688  0.2915 
   00046    0.5132   -5772.9203  0.2935 
   00047    0.5108   -5845.9175  0.2880 
   00048    0.4968   -5759.4783  0.2796 
   00049    0.5036   -5878.0809  0.2757 
   00050    0.4816   -5745.5463  0.2743 
   00051    0.4956   -5859.8575  0.2791 
   00052    0.4908   -5864.2651  0.2780 
   00053    0.4924   -5774.7191  0.2618 
   00054    0.5068   -5832.5718  0.2608 
   00055    0.4912   -5921.1756  0.2667 
   00056    0.4824   -5896.2400  0.2708 
   00057    0.4920   -5896.9434  0.2747 
   00058    0.4864   -5812.0921  0.2790 
   00059    0.5168   -5863.7421  0.2791 
   00060    0.5020   -5931.3990  0.2863 
   00061    0.4836   -5732.0288  0.2761 
   00062    0.4900   -5911.8222  0.2808 
   00063    0.4868   -5868.9984  0.2668 
   00064    0.4824   -5860.2798  0.2612 
   00065    0.5108   -5819.4097  0.2598 
   00066    0.5072   -5746.3147  0.2593 
   00067    0.4812   -5757.2594  0.2617 
   00068    0.4980   -5801.4235  0.2554 
   00069    0.5148   -5776.6309  0.2790 
   00070    0.4952   -5748.9227  0.2766 
   00071    0.4976   -5807.0053  0.2718 
   00072    0.4904   -5683.0872  0.2837 
   00073    0.5052   -5751.0533  0.2859 
   00074    0.5196   -5717.2719  0.2733 
   00075    0.4912   -5808.1801  0.2963 
   00076    0.5128   -5857.5473  0.2864 
   00077    0.5072   -5906.5694  0.2919 
   00078    0.5044   -5873.5779  0.2842 
   00079    0.5004   -5866.4491  0.3019 
   00080    0.5036   -5845.5471  0.3028 
   00081    0.5044   -5872.0115  0.2977 
   00082    0.4872   -5880.0283  0.2879 
   00083    0.4972   -5932.6132  0.2887 
   00084    0.4992   -6012.1456  0.2903 
   00085    0.4896   -5956.6091  0.2962 
   00086    0.4892   -5865.3954  0.2970 
   00087    0.4980   -5824.5319  0.2898 
   00088    0.5096   -5792.5275  0.2876 
   00089    0.5028   -5899.4181  0.2862 
   00090    0.4976   -5862.5028  0.2924 
   00091    0.5060   -5823.0086  0.2828 
   00092    0.5152   -5809.0561  0.2898 
   00093    0.5000   -5746.4367  0.3033 
   00094    0.5052   -5815.0788  0.3099 
   00095    0.5076   -5869.7579  0.3101 
   00096    0.4972   -5695.7291  0.3157 
   00097    0.4968   -5798.6526  0.3187 
   00098    0.4952   -5783.2611  0.3214 
   00099    0.4888   -5772.3022  0.3133 
   00100    0.5024   -5859.4918  0.3172 
   00101    0.5068   -5837.8573  0.3214 
   00102    0.4704   -5740.1466  0.3287 
   00103    0.5036   -5717.8582  0.3211 
   00104    0.4976   -5931.3574  0.3227 
   00105    0.5024   -5821.7253  0.3221 
   00106    0.4840   -5986.2317  0.3258 
   00107    0.4780   -5965.4936  0.3253 
   00108    0.4808   -5892.3492  0.3319 
   00109    0.4976   -5949.5351  0.3368 
   00110    0.5004   -5962.2443  0.3406 
   00111    0.4876   -5927.3527  0.3376 
   00112    0.5068   -5928.2382  0.3334 
   00113    0.5052   -5890.3937  0.3207 
   00114    0.5100   -5819.6534  0.3213 
   00115    0.4908   -5889.4464  0.3216 
   00116    0.5004   -5822.8494  0.3221 
   00117    0.4892   -5950.5607  0.3163 
   00118    0.4812   -5951.1894  0.3157 
   00119    0.4980   -5923.2663  0.3053 
   00120    0.5044   -5912.4815  0.3159 
   00121    0.4856   -5980.9783  0.3180 
   00122    0.5048   -5816.1118  0.3014 
   00123    0.4928   -5802.2782  0.2977 
   00124    0.4912   -5800.4688  0.2939 
   00125    0.4948   -5740.1680  0.2984 
   00126    0.5048   -5881.8701  0.2942 
   00127    0.4920   -5819.4177  0.2865 
   00128    0.4804   -5900.8245  0.2986 
   00129    0.4940   -5818.6661  0.2917 
   00130    0.4824   -5876.2265  0.2938 
   00131    0.5032   -5751.2536  0.2770 
   00132    0.4964   -5846.3648  0.2781 
   00133    0.4928   -5898.1410  0.2762 
   00134    0.4928   -5920.2413  0.2676 
   00135    0.4880   -5903.3825  0.2710 
   00136    0.4972   -5815.7001  0.2734 
   00137    0.5100   -5854.3126  0.2766 
   00138    0.5200   -5787.1346  0.2795 
   00139    0.5008   -5838.4959  0.2863 
   00140    0.4988   -5903.5992  0.2910 
   00141    0.4764   -5925.7492  0.2809 
   00142    0.4996   -5998.2986  0.2857 
   00143    0.5008   -6006.1201  0.2829 
   00144    0.4784   -6029.5582  0.2752 
   00145    0.4628   -5919.1277  0.2848 
   00146    0.4828   -5772.0633  0.2834 
   00147    0.5196   -5757.0573  0.2780 
   00148    0.5028   -5710.2026  0.2725 
   00149    0.4932   -5710.5768  0.2611 
   00150    0.5172   -5839.4518  0.2715 
   00151    0.4964   -5884.7374  0.2692 
   00152    0.4948   -5888.4371  0.2664 
   00153    0.4880   -5907.8215  0.2576 
   00154    0.4888   -5942.8627  0.2633 
   00155    0.4832   -5887.4889  0.2649 
   00156    0.4840   -5812.3802  0.2708 
   00157    0.5012   -5819.0710  0.2696 
   00158    0.4968   -5784.3800  0.2594 
   00159    0.5040   -5724.4452  0.2624 
   00160    0.5148   -5690.8780  0.2555 
   00161    0.5008   -5726.5355  0.2749 
   00162    0.4940   -5739.3733  0.2900 
   00163    0.4988   -5840.3297  0.2911 
   00164    0.4944   -5857.6929  0.2847 
   00165    0.4864   -5797.4545  0.2823 
   00166    0.5112   -5792.0377  0.2609 
   00167    0.4924   -5799.2424  0.2700 
   00168    0.4972   -5815.1984  0.2760 
   00169    0.4916   -5824.2223  0.2728 
   00170    0.4864   -5852.3455  0.2668 
   00171    0.5044   -5873.9677  0.2652 
   00172    0.4884   -5846.3455  0.2662 
   00173    0.4944   -5914.0462  0.2711 
   00174    0.5020   -5870.5613  0.2764 
   00175    0.4880   -5895.9592  0.2666 
   00176    0.4932   -5936.8998  0.2611 
   00177    0.4948   -6016.0824  0.2652 
   00178    0.4636   -6053.7889  0.2610 
   00179    0.4952   -5996.0022  0.2626 
   00180    0.4848   -5949.2504  0.2729 
   00181    0.4912   -5902.4994  0.2687 
   00182    0.4992   -5886.5159  0.2797 
   00183    0.4992   -5866.1393  0.2744 
   00184    0.4948   -5740.1812  0.2754 
   00185    0.4988   -5810.6273  0.2829 
   00186    0.4880   -5818.8921  0.2881 
   00187    0.4984   -5839.6376  0.2875 
   00188    0.5092   -5848.7200  0.2985 
   00189    0.5032   -5782.0112  0.2918 
   00190    0.4980   -5739.2625  0.2897 
   00191    0.4868   -5814.5541  0.2905 
   00192    0.5004   -5928.5963  0.2775 
   00193    0.4832   -5867.4909  0.2736 
   00194    0.4788   -5829.0482  0.2810 
   00195    0.4948   -5983.7006  0.2779 
   00196    0.4848   -5979.9917  0.2717 
   00197    0.4880   -5940.1491  0.2625 
   00198    0.4736   -5956.5635  0.2745 
   00199    0.4896   -5878.1083  0.2717 
   00200    0.4896   -5912.4693  0.2734 
   00201    0.5084   -5854.5037  0.2722 
   00202    0.4960   -5889.3561  0.2976 
   00203    0.4904   -5940.5345  0.3010 
   00204    0.4924   -5996.6797  0.2968 
   00205    0.5128   -5872.5481  0.2851 
   00206    0.4968   -5913.6665  0.2846 
   00207    0.4964   -5955.5450  0.2784 
   00208    0.4836   -5964.4559  0.2795 
   00209    0.4964   -5979.2726  0.2895 
   00210    0.4968   -5869.5257  0.2835 
   00211    0.4980   -5896.4823  0.2880 
   00212    0.4904   -5925.1328  0.2869 
   00213    0.4732   -5927.1350  0.2846 
   00214    0.4724   -5891.8889  0.2804 
   00215    0.5080   -5849.1113  0.2915 
   00216    0.4972   -5899.9812  0.3000 
   00217    0.4928   -5852.9029  0.3152 
   00218    0.4888   -5853.4019  0.3095 
   00219    0.4976   -5792.7283  0.2985 
   00220    0.4968   -5867.1343  0.2989 
   00221    0.5044   -5926.6953  0.2963 
   00222    0.4880   -5864.7528  0.2991 
   00223    0.5080   -5886.1665  0.2996 
   00224    0.4920   -5871.5264  0.3050 
   00225    0.4812   -5968.5515  0.3161 
   00226    0.4896   -5931.8734  0.3109 
   00227    0.4900   -5947.9292  0.3103 
   00228    0.4700   -5970.4545  0.3029 
   00229    0.5028   -5937.4556  0.3016 
   00230    0.4852   -6025.6154  0.2996 
   00231    0.4828   -5917.9410  0.2831 
   00232    0.5008   -5923.6986  0.2852 
   00233    0.5072   -5891.6624  0.2771 
   00234    0.4892   -5828.1805  0.2720 
   00235    0.4916   -5923.6167  0.2928 
   00236    0.4860   -5892.0669  0.2867 
   00237    0.4972   -5979.8989  0.2876 
   00238    0.4948   -6104.2692  0.2934 
   00239    0.4912   -6115.0803  0.3015 
   00240    0.4584   -5993.0651  0.3137 
   00241    0.5072   -6027.4728  0.3086 
   00242    0.4960   -5987.4944  0.3196 
   00243    0.4992   -6012.1119  0.3114 
   00244    0.4884   -5918.3163  0.3096 
   00245    0.4840   -5805.8118  0.3088 
   00246    0.4684   -5891.1127  0.3053 
   00247    0.4972   -5930.1633  0.3052 
   00248    0.4820   -5932.8251  0.3049 
   00249    0.5008   -5905.8775  0.3053 
   00250    0.5024   -5821.3138  0.3073 
   00251    0.5028   -5937.6817  0.2915 
   00252    0.4824   -5956.3363  0.2941 
   00253    0.4800   -6004.0573  0.2906 
   00254    0.4896   -5988.4436  0.2933 
   00255    0.4724   -6047.2166  0.3029 
   00256    0.4920   -6067.0458  0.3038 
   00257    0.4820   -5983.3935  0.2997 
   00258    0.4756   -5969.0954  0.3009 
   00259    0.4940   -5961.5824  0.2910 
   00260    0.4964   -5880.1950  0.2932 
   00261    0.5100   -5878.8479  0.2914 
   00262    0.4948   -5926.9535  0.2968 
   00263    0.4892   -5872.1796  0.2933 
   00264    0.4900   -5845.2934  0.2976 
   00265    0.4852   -5866.6230  0.2957 
   00266    0.4972   -5839.8031  0.2988 
   00267    0.4916   -5885.9188  0.2808 
   00268    0.5056   -5885.7287  0.2843 
   00269    0.4976   -5923.2810  0.2936 
   00270    0.4724   -5882.5138  0.2961 
   00271    0.4932   -5841.4484  0.2965 
   00272    0.5092   -5813.8599  0.3094 
   00273    0.5064   -5843.4071  0.3075 
   00274    0.4816   -5871.9309  0.2949 
   00275    0.4908   -5848.3640  0.2898 
   00276    0.4816   -5906.9791  0.2911 
   00277    0.4976   -5863.4536  0.2929 
   00278    0.4924   -5824.1470  0.2850 
   00279    0.4956   -5765.4328  0.2821 
   00280    0.4980   -5769.6805  0.2718 
   00281    0.4800   -5859.3854  0.2756 
   00282    0.4784   -5940.2755  0.2793 
   00283    0.4764   -5885.7284  0.2819 
   00284    0.4976   -5905.3807  0.3000 
   00285    0.4940   -5851.6974  0.2934 
   00286    0.4948   -5838.9015  0.3006 
   00287    0.5048   -5867.3504  0.3110 
   00288    0.5024   -5835.7029  0.3161 
   00289    0.4804   -5795.7859  0.3095 
   00290    0.4756   -5798.6890  0.3048 
   00291    0.5160   -5813.7097  0.2945 
   00292    0.4840   -5885.4058  0.2873 
   00293    0.5128   -5897.1355  0.2950 
   00294    0.4892   -5879.7603  0.2949 
   00295    0.4844   -5935.2568  0.2862 
   00296    0.4800   -5910.8267  0.2930 
   00297    0.5008   -5963.8291  0.2891 
   00298    0.4912   -5816.2136  0.2801 
   00299    0.4676   -5865.9152  0.2841 
   00300    0.4864   -5769.3283  0.2847 
   00301    0.5032   -5743.8847  0.2860 
   00302    0.4880   -5739.9477  0.2770 
   00303    0.5052   -5796.6907  0.2774 
   00304    0.5028   -5764.8661  0.2785 
   00305    0.5096   -5790.3258  0.2619 
   00306    0.5164   -5734.0379  0.2600 
   00307    0.5064   -5734.6777  0.2640 
   00308    0.5212   -5787.0971  0.2717 
   00309    0.4928   -5814.4148  0.2816 
   00310    0.4876   -5812.5097  0.2806 
   00311    0.5012   -5878.5499  0.2841 
   00312    0.4856   -5941.8069  0.2693 
   00313    0.4968   -5916.9566  0.2760 
   00314    0.4856   -5876.4009  0.2763 
   00315    0.5080   -5855.4991  0.2745 
   00316    0.4824   -5778.0863  0.2711 
   00317    0.4920   -5798.6421  0.2530 
   00318    0.5100   -5719.0267  0.2658 
   00319    0.4908   -5713.8128  0.2720 
   00320    0.4936   -5671.0161  0.2652 
   00321    0.5172   -5683.0847  0.2881 
   00322    0.4928   -5723.7594  0.2895 
   00323    0.5160   -5692.4268  0.2955 
   00324    0.5248   -5768.7072  0.3051 
   00325    0.5084   -5833.5077  0.2954 
   00326    0.4996   -5813.9219  0.3009 
   00327    0.5096   -5746.9351  0.2853 
   00328    0.5024   -5756.6196  0.2859 
   00329    0.5072   -5827.6249  0.2939 
   00330    0.4892   -5853.9477  0.3056 
   00331    0.5008   -5873.5069  0.3032 
   00332    0.4960   -5881.2685  0.3060 
   00333    0.4976   -5895.6774  0.3186 
   00334    0.5084   -5879.0884  0.3403 
   00335    0.4988   -5855.2442  0.3369 
   00336    0.4940   -5926.2363  0.3299 
   00337    0.4864   -5992.7683  0.3329 
   00338    0.4540   -6006.7561  0.3338 
   00339    0.5016   -5966.3809  0.3398 
   00340    0.4892   -5925.3585  0.3245 
   00341    0.5096   -5861.4689  0.3047 
   00342    0.4924   -5885.0280  0.2898 
   00343    0.5124   -5863.9017  0.2962 
   00344    0.5028   -5788.2120  0.2889 
   00345    0.4916   -5807.8122  0.3039 
   00346    0.4928   -5829.9830  0.3054 
   00347    0.4968   -5834.1852  0.3000 
   00348    0.5024   -5810.5018  0.2887 
   00349    0.5060   -5747.1388  0.2921 
   00350    0.5012   -5730.5756  0.3107 
   00351    0.4992   -5749.4058  0.3171 
   00352    0.4980   -5721.8501  0.3160 
   00353    0.5108   -5854.2715  0.3225 
   00354    0.4812   -5870.8956  0.3233 
   00355    0.4960   -5848.9816  0.3381 
   00356    0.4796   -5808.3959  0.3396 
   00357    0.4904   -5884.0192  0.3431 
   00358    0.5044   -5778.9508  0.3319 
   00359    0.5060   -5740.9709  0.3203 
   00360    0.5068   -5787.0595  0.3292 
   00361    0.5120   -5759.4567  0.3567 
   00362    0.4872   -5708.2862  0.3613 
   00363    0.5152   -5693.9465  0.3733 
   00364    0.5040   -5781.0670  0.3755 
   00365    0.5216   -5795.2452  0.3769 
   00366    0.5092   -5855.5486  0.3858 
   00367    0.5096   -5953.1160  0.3887 
   00368    0.5004   -5995.2207  0.3922 
   00369    0.5016   -5816.2724  0.3849 
   00370    0.4956   -5815.1163  0.3850 
   00371    0.4964   -5781.6403  0.3769 
   00372    0.5116   -5821.1969  0.3781 
   00373    0.5128   -5927.7456  0.3713 
   00374    0.4860   -5875.7154  0.3551 
   00375    0.5020   -5846.3762  0.3629 
   00376    0.4968   -5873.0599  0.3672 
   00377    0.4912   -5856.7944  0.3724 
   00378    0.4952   -5882.1819  0.3760 
   00379    0.5080   -5928.3144  0.3812 
   00380    0.5040   -5940.5708  0.3632 
   00381    0.4944   -5907.8796  0.3555 
   00382    0.4940   -6027.0732  0.3547 
   00383    0.4556   -6088.1741  0.3551 
   00384    0.4800   -6076.3474  0.3613 
   00385    0.4808   -5994.3968  0.3706 
   00386    0.4860   -5976.6926  0.3564 
   00387    0.4916   -6038.3531  0.3655 
   00388    0.4852   -6018.6359  0.3577 
   00389    0.4848   -5990.2482  0.3564 
   00390    0.4920   -5997.0685  0.3616 
   00391    0.4756   -5989.4437  0.3553 
   00392    0.4832   -6000.4009  0.3544 
   00393    0.4744   -6033.5968  0.3571 
   00394    0.4840   -5975.9280  0.3423 
   00395    0.4780   -5930.3645  0.3247 
   00396    0.4900   -5923.6002  0.3251 
   00397    0.4848   -5951.2656  0.3397 
   00398    0.4780   -5912.6199  0.3492 
   00399    0.4876   -5964.6788  0.3597 
   00400    0.4836   -6024.8634  0.3681 
   00401    0.4748   -6038.9774  0.3794 
   00402    0.4856   -6054.5460  0.3846 
   00403    0.4704   -5988.3150  0.3863 
   00404    0.5056   -6014.1536  0.3750 
   00405    0.4832   -6041.3479  0.3673 
   00406    0.4928   -5968.0056  0.3612 
   00407    0.4980   -5955.5025  0.3674 
   00408    0.4620   -5991.6820  0.3785 
   00409    0.4908   -5963.2740  0.3772 
   00410    0.4816   -5926.9804  0.3726 
   00411    0.4944   -5865.6331  0.3678 
   00412    0.4848   -5924.7714  0.3692 
   00413    0.4860   -5948.3584  0.3598 
   00414    0.4960   -5862.0326  0.3577 
   00415    0.4916   -5871.8350  0.3721 
   00416    0.4904   -5864.1468  0.3520 
   00417    0.5088   -5838.8592  0.3445 
   00418    0.5232   -5824.6738  0.3511 
   00419    0.5056   -5750.2945  0.3540 
   00420    0.4900   -5813.8480  0.3558 
   00421    0.4868   -5852.5205  0.3579 
   00422    0.4912   -5862.3310  0.3474 
   00423    0.4936   -5889.9173  0.3485 
   00424    0.5052   -5889.7384  0.3542 
   00425    0.4984   -5897.3711  0.3546 
   00426    0.4928   -5937.6398  0.3540 
   00427    0.5020   -5868.6193  0.3400 
   00428    0.4996   -5865.3210  0.3376 
   00429    0.5000   -5838.7629  0.3483 
   00430    0.5028   -5792.4470  0.3570 
   00431    0.4808   -5873.0559  0.3540 
   00432    0.4868   -5939.6136  0.3698 
   00433    0.4864   -5966.2518  0.3639 
   00434    0.4972   -5881.9092  0.3661 
   00435    0.5048   -5939.5071  0.3703 
   00436    0.4776   -5994.8611  0.3648 
   00437    0.4732   -5895.1724  0.3662 
   00438    0.5060   -5852.4677  0.3615 
   00439    0.4856   -5885.0038  0.3689 
   00440    0.5180   -5938.1630  0.3625 
   00441    0.4944   -6018.4563  0.3786 
   00442    0.4768   -6007.9167  0.3951 
   00443    0.4952   -5866.4454  0.3950 
   00444    0.4904   -5938.8266  0.3949 
   00445    0.4936   -5923.7741  0.3793 
   00446    0.5100   -5989.8330  0.3906 
   00447    0.4768   -5891.9724  0.3814 
   00448    0.4888   -5898.3788  0.3900 
   00449    0.4836   -5939.2442  0.3822 
   00450    0.4804   -5928.3275  0.3909 
   00451    0.4836   -6005.1751  0.3907 
   00452    0.4900   -5961.7400  0.3919 
   00453    0.4772   -5991.4889  0.3843 
   00454    0.4996   -5899.5032  0.3740 
   00455    0.4956   -5893.8801  0.3727 
   00456    0.5140   -5925.0065  0.3809 
   00457    0.4900   -5936.6017  0.3815 
   00458    0.4880   -5970.7681  0.3841 
   00459    0.4820   -5941.9677  0.3858 
   00460    0.5016   -5961.0368  0.3947 
   00461    0.4812   -6009.2029  0.3898 
   00462    0.4992   -6008.7774  0.3984 
   00463    0.4864   -5958.9812  0.3873 
   00464    0.4960   -5991.4566  0.3782 
   00465    0.4776   -5921.4606  0.3696 
   00466    0.4888   -5848.7770  0.3665 
   00467    0.5012   -5843.4246  0.3614 
   00468    0.4932   -5792.3534  0.3584 
   00469    0.4912   -5781.9993  0.3631 
   00470    0.4888   -5806.0499  0.3662 
   00471    0.4952   -5749.2473  0.3547 
   00472    0.5076   -5728.6923  0.3691 
   00473    0.4948   -5883.9780  0.3760 
   00474    0.4980   -5887.7175  0.3889 
   00475    0.5036   -5929.5282  0.3756 
   00476    0.5048   -5953.8281  0.3709 
   00477    0.4924   -5913.1605  0.3600 
   00478    0.4820   -5822.3978  0.3631 
   00479    0.5024   -5917.3481  0.3590 
   00480    0.4948   -5984.4552  0.3492 
   00481    0.4752   -5911.5568  0.3526 
   00482    0.4916   -5786.3589  0.3428 
   00483    0.4976   -5764.2354  0.3282 
   00484    0.5108   -5796.5473  0.3388 
   00485    0.4944   -5846.6125  0.3297 
   00486    0.4864   -5825.2822  0.3298 
   00487    0.5144   -5770.1111  0.3323 
   00488    0.5204   -5842.5745  0.3314 
   00489    0.4908   -5962.0140  0.3381 
   00490    0.4908   -6054.1934  0.3332 
   00491    0.4784   -6069.1487  0.3380 
   00492    0.4952   -6094.1095  0.3320 
   00493    0.4792   -6016.1179  0.3194 
   00494    0.4804   -5943.2741  0.3142 
   00495    0.4896   -5950.5950  0.2951 
   00496    0.4872   -5892.3054  0.3107 
   00497    0.5060   -5904.8935  0.3086 
   00498    0.5020   -5886.2062  0.3189 
   00499    0.5072   -6052.1987  0.3279 
   00500    0.4736   -6056.7174  0.3358 
   00501    0.4844   -6055.3750  0.3331 
   00502    0.4652   -5980.4924  0.3366 
   00503    0.4808   -6004.3331  0.3453 
   00504    0.4744   -5970.6459  0.3309 
   00505    0.4876   -5969.6649  0.3227 
   00506    0.5240   -5930.1519  0.3175 
   00507    0.4760   -5906.4422  0.3121 
   00508    0.4768   -5902.1856  0.3230 
   00509    0.4984   -5938.6311  0.3349 
   00510    0.4872   -5943.4802  0.3390 
   00511    0.4936   -5897.5700  0.3213 
   00512    0.4944   -5814.9068  0.3216 
   00513    0.4904   -5729.4783  0.3056 
   00514    0.5068   -5794.7308  0.3053 
   00515    0.5140   -5833.0269  0.3181 
   00516    0.4944   -5871.0741  0.3133 
   00517    0.5148   -5937.7745  0.3077 
   00518    0.5000   -5936.8766  0.3095 
   00519    0.4848   -6010.8258  0.3122 
   00520    0.4836   -5937.4212  0.3053 
   00521    0.4836   -5961.7639  0.3077 
   00522    0.4752   -5941.9023  0.3105 
   00523    0.4956   -5974.1645  0.3159 
   00524    0.4772   -5996.2994  0.3196 
   00525    0.4796   -5987.2199  0.3245 
   00526    0.4884   -6062.2346  0.3140 
   00527    0.4856   -6082.1107  0.3100 
   00528    0.4732   -6079.8414  0.3030 
   00529    0.4852   -6018.3072  0.3020 
   00530    0.4812   -5964.4764  0.3028 
   00531    0.4868   -5969.8288  0.2972 
   00532    0.4984   -5875.8719  0.3065 
   00533    0.5064   -5908.9756  0.3057 
   00534    0.4680   -5886.4730  0.2924 
   00535    0.4880   -5898.6039  0.2983 
   00536    0.5096   -5958.6675  0.2888 
   00537    0.5028   -5880.2586  0.2639 
   00538    0.4912   -5934.1066  0.2617 
   00539    0.4828   -6006.0913  0.2811 
   00540    0.4984   -5922.3435  0.2740 
   00541    0.4860   -5913.4279  0.2909 
   00542    0.4920   -5958.4235  0.2943 
   00543    0.5012   -5984.8373  0.2951 
   00544    0.4948   -5921.8013  0.2892 
   00545    0.4940   -5855.8105  0.3001 
   00546    0.5076   -5830.9901  0.3086 
   00547    0.5048   -5810.1719  0.3007 
   00548    0.5036   -5865.4225  0.2983 
   00549    0.4824   -5866.8248  0.3088 
   00550    0.4896   -5908.1248  0.3132 
   00551    0.5072   -5914.5666  0.3057 
   00552    0.4960   -5936.7051  0.3069 
   00553    0.4836   -6011.2134  0.3031 
   00554    0.5036   -5944.3671  0.2996 
   00555    0.4872   -5894.5834  0.3019 
   00556    0.4956   -5932.7366  0.2860 
   00557    0.5156   -5896.6198  0.2880 
   00558    0.4792   -5922.6552  0.2920 
   00559    0.5008   -5886.4291  0.3000 
   00560    0.5012   -5950.0794  0.2899 
   00561    0.4812   -5937.6004  0.2824 
   00562    0.4672   -5839.7361  0.2971 
   00563    0.4824   -5883.0289  0.2913 
   00564    0.4888   -5786.2607  0.2945 
   00565    0.5032   -5724.7853  0.2893 
   00566    0.5312   -5765.4567  0.2927 
   00567    0.5036   -5705.8875  0.2985 
   00568    0.4828   -5803.1993  0.2994 
   00569    0.4980   -5834.0857  0.2899 
   00570    0.5044   -5861.4051  0.2758 
   00571    0.4764   -5900.4525  0.2856 
   00572    0.4988   -5920.0799  0.2854 
   00573    0.4980   -5943.4782  0.2900 
   00574    0.4932   -5986.7226  0.3146 
   00575    0.5012   -5947.2411  0.3152 
   00576    0.4828   -5941.4011  0.3098 
   00577    0.4856   -5892.3814  0.3115 
   00578    0.5016   -5915.7789  0.3117 
   00579    0.4948   -5975.1168  0.3116 
   00580    0.4900   -5909.4044  0.3012 
   00581    0.5040   -5793.9278  0.2914 
   00582    0.4916   -5919.8604  0.3008 
   00583    0.5052   -5949.6774  0.3054 
   00584    0.5032   -5998.9100  0.3051 
   00585    0.4900   -5979.8419  0.2995 
   00586    0.4852   -5997.1292  0.2953 
   00587    0.4912   -5937.4084  0.3000 
   00588    0.5096   -5917.7472  0.2994 
   00589    0.4852   -5844.0992  0.2867 
   00590    0.5172   -5802.8769  0.2820 
   00591    0.5196   -5860.8792  0.2784 
   00592    0.4976   -5855.5184  0.2789 
   00593    0.4944   -5904.8152  0.2968 
   00594    0.4824   -6001.2469  0.2851 
   00595    0.4948   -5931.9942  0.2886 
   00596    0.5028   -5941.4518  0.2902 
   00597    0.4824   -5960.1568  0.2891 
   00598    0.4772   -5846.0274  0.2966 
   00599    0.5092   -5796.8616  0.2890 
   00600    0.4956   -5847.1235  0.2886 
   00601    0.4884   -5939.3260  0.2870 
   00602    0.5028   -6021.5507  0.2848 
   00603    0.5020   -5848.3682  0.2851 
   00604    0.4940   -5939.3218  0.2978 
   00605    0.4884   -5975.1880  0.2956 
   00606    0.4932   -5912.4615  0.2998 
   00607    0.4840   -5937.2505  0.2983 
   00608    0.4956   -5991.9656  0.3023 
   00609    0.5012   -6065.1782  0.3037 
   00610    0.4880   -5946.1514  0.2934 
   00611    0.4792   -5962.6028  0.2930 
   00612    0.4996   -5958.1577  0.2993 
   00613    0.4656   -6056.0280  0.3024 
   00614    0.5072   -6067.7339  0.3019 
   00615    0.4860   -6070.8969  0.3065 
   00616    0.4780   -6072.5258  0.3075 
   00617    0.4720   -6076.9707  0.3022 
   00618    0.4884   -6068.7553  0.3035 
   00619    0.4912   -6006.9528  0.2930 
   00620    0.5052   -5910.4566  0.2887 
   00621    0.4792   -5942.4806  0.2943 
   00622    0.4992   -5830.6108  0.2856 
   00623    0.5100   -5827.9891  0.2864 
   00624    0.4880   -5855.3739  0.2819 
   00625    0.4876   -5994.9326  0.2883 
   00626    0.4764   -5874.8991  0.2761 
   00627    0.4996   -5912.6964  0.2739 
   00628    0.5144   -5841.2120  0.2728 
   00629    0.5072   -5879.1341  0.2792 
   00630    0.4932   -6014.8468  0.2887 
   00631    0.4840   -6035.6800  0.2887 
   00632    0.4760   -6037.0753  0.2866 
   00633    0.4740   -6046.9436  0.2945 
   00634    0.4920   -6076.6992  0.2876 
   00635    0.4760   -5984.7039  0.2867 
   00636    0.4828   -5996.9737  0.2807 
   00637    0.4884   -5805.6692  0.2917 
   00638    0.4992   -5845.0324  0.2919 
   00639    0.5000   -5839.1399  0.3017 
   00640    0.4872   -5907.4552  0.3029 
   00641    0.4892   -5853.9906  0.2892 
   00642    0.5060   -5919.8979  0.2884 
   00643    0.4836   -5985.8744  0.2828 
   00644    0.4908   -5948.7492  0.2718 
   00645    0.4812   -5873.5502  0.2679 
   00646    0.5024   -5870.3683  0.2699 
   00647    0.4844   -5858.6791  0.2773 
   00648    0.5128   -5899.0715  0.2704 
   00649    0.4932   -5887.5111  0.2515 
   00650    0.5064   -5894.2309  0.2542 
   00651    0.4992   -5914.8630  0.2547 
   00652    0.4948   -5966.9318  0.2638 
   00653    0.4764   -6015.9876  0.2712 
   00654    0.4712   -6012.9521  0.2882 
   00655    0.4864   -6060.5327  0.2987 
   00656    0.4756   -5974.6549  0.3007 
   00657    0.4904   -5947.2404  0.2966 
   00658    0.4868   -5957.9552  0.2945 
   00659    0.4908   -5968.1433  0.2911 
   00660    0.4756   -5961.4343  0.2898 
   00661    0.5012   -5938.2230  0.2957 
   00662    0.4756   -5974.2149  0.2986 
   00663    0.4716   -6093.0418  0.2958 
   00664    0.4748   -6000.5605  0.2918 
   00665    0.4900   -6082.1536  0.2896 
   00666    0.4880   -6084.9901  0.2903 
   00667    0.4748   -6008.5127  0.2819 
   00668    0.4984   -6047.0168  0.2935 
   00669    0.4824   -6072.6502  0.2832 
   00670    0.4884   -6095.0874  0.2751 
   00671    0.4888   -6014.4349  0.2705 
   00672    0.4932   -6016.0657  0.2777 
   00673    0.4860   -6050.8537  0.2787 
   00674    0.4728   -6049.2060  0.2744 
   00675    0.4640   -6090.1106  0.2666 
   00676    0.4652   -5990.0505  0.2645 
   00677    0.5028   -5883.2405  0.2601 
   00678    0.4944   -5821.6317  0.2586 
   00679    0.4900   -5867.9368  0.2766 
   00680    0.5004   -5854.4077  0.2816 
   00681    0.4944   -5851.9425  0.2792 
   00682    0.5184   -5806.1130  0.2700 
   00683    0.4932   -5836.1979  0.2783 
   00684    0.4844   -5879.7527  0.2889 
   00685    0.4944   -5919.6426  0.2828 
   00686    0.4808   -5859.6357  0.2805 
   00687    0.5024   -5831.8848  0.2714 
   00688    0.4880   -5845.9547  0.2706 
   00689    0.5116   -5914.4734  0.2685 
   00690    0.4972   -5991.0028  0.2746 
   00691    0.4812   -6098.4032  0.2715 
   00692    0.4784   -6082.4242  0.2712 
   00693    0.4884   -6035.6592  0.2748 
   00694    0.4944   -6127.2699  0.2835 
   00695    0.4752   -6045.7157  0.2825 
   00696    0.4804   -6069.7508  0.2754 
   00697    0.4900   -5971.7321  0.2742 
   00698    0.4832   -5872.3692  0.2630 
   00699    0.4836   -5872.3246  0.2689 
   00700    0.4848   -5946.5845  0.2699 
   00701    0.4724   -5958.1408  0.2886 
   00702    0.4864   -5985.3068  0.2773 
   00703    0.5120   -5998.0529  0.2928 
   00704    0.4992   -5953.0775  0.2877 
   00705    0.5088   -5953.4538  0.2783 
   00706    0.4900   -5860.3052  0.2736 
   00707    0.4940   -6003.3435  0.2781 
   00708    0.4924   -6036.8664  0.2767 
   00709    0.4872   -6010.5986  0.2737 
   00710    0.4916   -6025.8190  0.2757 
   00711    0.4816   -6055.2960  0.2713 
   00712    0.5064   -6084.7536  0.2791 
   00713    0.4936   -6146.9832  0.2797 
   00714    0.4732   -6126.7585  0.2754 
   00715    0.4812   -6098.8795  0.2786 
   00716    0.4988   -5961.9769  0.2896 
   00717    0.4944   -6000.9841  0.2909 
   00718    0.4884   -6060.9557  0.2959 
   00719    0.4920   -6014.1216  0.2854 
   00720    0.5016   -5876.7543  0.2795 
   00721    0.5092   -5893.4001  0.2811 
   00722    0.4996   -5879.1904  0.2773 
   00723    0.5068   -5917.5549  0.2734 
   00724    0.5168   -5809.1873  0.2769 
   00725    0.5080   -5772.9949  0.2816 
   00726    0.5012   -5792.3946  0.2733 
   00727    0.5040   -5882.8995  0.2790 
   00728    0.4964   -5791.5039  0.2679 
   00729    0.5128   -5760.4058  0.2809 
   00730    0.4924   -5744.6970  0.2782 
   00731    0.4976   -5750.7203  0.2800 
   00732    0.5160   -5735.3074  0.2977 
   00733    0.5192   -5748.8153  0.2979 
   00734    0.5052   -5859.6837  0.2959 
   00735    0.4732   -5954.4892  0.2984 
   00736    0.5052   -5937.3439  0.2989 
   00737    0.4904   -5916.3968  0.3057 
   00738    0.4700   -5864.7227  0.3090 
   00739    0.4916   -5883.6237  0.3191 
   00740    0.5160   -5873.7665  0.3129 
   00741    0.5092   -5890.9111  0.3150 
   00742    0.5044   -5891.4369  0.3011 
   00743    0.4868   -5948.4628  0.2946 
   00744    0.5012   -5902.3124  0.2927 
   00745    0.4740   -5879.4730  0.3022 
   00746    0.4956   -5867.2486  0.2913 
   00747    0.4744   -5877.2196  0.2853 
   00748    0.4940   -5993.9582  0.2916 
   00749    0.4704   -6032.1791  0.2918 
   00750    0.4664   -5995.3370  0.2895 
   00751    0.4864   -5923.5898  0.2957 
   00752    0.5020   -5884.1992  0.2873 
   00753    0.4972   -5901.6983  0.2869 
   00754    0.4960   -5877.6124  0.2678 
   00755    0.4816   -5879.0685  0.2622 
   00756    0.4928   -5845.7722  0.2602 
   00757    0.4880   -5890.7190  0.2596 
   00758    0.4828   -5943.6591  0.2533 
   00759    0.5056   -5905.9130  0.2641 
   00760    0.4932   -5963.4443  0.2616 
   00761    0.5012   -5904.9255  0.2552 
   00762    0.5060   -5982.1769  0.2575 
   00763    0.4932   -5958.0380  0.2612 
   00764    0.4832   -5998.9862  0.2750 
   00765    0.4888   -5937.0927  0.2732 
   00766    0.4908   -5895.4161  0.2818 
   00767    0.4948   -5823.2881  0.2735 
   00768    0.4936   -5865.7357  0.2667 
   00769    0.5004   -5904.4542  0.2626 
   00770    0.4920   -5900.9008  0.2672 
   00771    0.4700   -6053.1047  0.2704 
   00772    0.4724   -6094.8233  0.2636 
   00773    0.4852   -5965.1815  0.2568 
   00774    0.5120   -5917.5320  0.2525 
   00775    0.4844   -5983.7906  0.2661 
   00776    0.4952   -6023.5860  0.2624 
   00777    0.5032   -5943.7881  0.2575 
   00778    0.4892   -5929.9642  0.2703 
   00779    0.4824   -5922.3081  0.2668 
   00780    0.5048   -5824.8874  0.2602 
   00781    0.5060   -5892.5924  0.2602 
   00782    0.4952   -5989.6205  0.2589 
   00783    0.4744   -5992.0508  0.2522 
   00784    0.4936   -5942.0925  0.2703 
   00785    0.4780   -5861.8483  0.2703 
   00786    0.4732   -5981.3579  0.2882 
   00787    0.4936   -5946.0796  0.2803 
   00788    0.4876   -5902.9776  0.2765 
   00789    0.4912   -5907.5177  0.2741 
   00790    0.5160   -5870.0611  0.2723 
   00791    0.4948   -5922.7228  0.2690 
   00792    0.4932   -5839.9003  0.2624 
   00793    0.5064   -5840.5905  0.2678 
   00794    0.4840   -5960.9778  0.2864 
   00795    0.4808   -5901.9173  0.2819 
   00796    0.4724   -5921.6628  0.2895 
   00797    0.5048   -5906.3332  0.2916 
   00798    0.4840   -5900.1954  0.2852 
   00799    0.5036   -5831.3873  0.2704 
   00800    0.5064   -5776.6012  0.2712 
   00801    0.4860   -5903.6709  0.2677 
   00802    0.4904   -5855.8736  0.2784 
   00803    0.5044   -5890.0676  0.2711 
   00804    0.5040   -5991.5910  0.2694 
   00805    0.4892   -6014.2583  0.2795 
   00806    0.4948   -5967.0974  0.2856 
   00807    0.4836   -5879.1930  0.2819 
   00808    0.4928   -5829.8921  0.2786 
   00809    0.5036   -5889.2810  0.2788 
   00810    0.5044   -5878.7236  0.2859 
   00811    0.4988   -5935.4541  0.2821 
   00812    0.4972   -5900.2664  0.2864 
   00813    0.4828   -5848.1276  0.2793 
   00814    0.4668   -5787.4051  0.2795 
   00815    0.4896   -5792.5216  0.2777 
   00816    0.4912   -5829.9231  0.2682 
   00817    0.4804   -5939.9418  0.2730 
   00818    0.5112   -5905.5686  0.2692 
   00819    0.4972   -5818.2293  0.2714 
   00820    0.5056   -5761.2392  0.2670 
   00821    0.4996   -5761.4905  0.2710 
   00822    0.5060   -5658.9972  0.2701 
   00823    0.5148   -5872.0570  0.2734 
   00824    0.5016   -5802.0816  0.2688 
   00825    0.4964   -5713.4632  0.2697 
   00826    0.4976   -5829.8784  0.2638 
   00827    0.4984   -5825.5041  0.2629 
   00828    0.5072   -5818.4629  0.2621 
   00829    0.4940   -5934.4043  0.2564 
   00830    0.4712   -5907.6581  0.2763 
   00831    0.4852   -5934.4776  0.2889 
   00832    0.5052   -5863.3196  0.2925 
   00833    0.4760   -5915.3350  0.2842 
   00834    0.4848   -5878.4137  0.2845 
   00835    0.4868   -5920.8568  0.2704 
   00836    0.4940   -5905.0419  0.2688 
   00837    0.4924   -5919.5907  0.2689 
   00838    0.5020   -5807.2043  0.2675 
   00839    0.4968   -5837.5881  0.2638 
   00840    0.5116   -5822.3828  0.2725 
   00841    0.5000   -5775.1011  0.2641 
   00842    0.4980   -5697.0952  0.2716 
   00843    0.5096   -5765.6192  0.2773 
   00844    0.5088   -5846.5670  0.2667 
   00845    0.5056   -5831.8410  0.2549 
   00846    0.4924   -5917.3166  0.2584 
   00847    0.5084   -5899.7554  0.2606 
   00848    0.5008   -6038.8575  0.2739 
   00849    0.4808   -5977.9104  0.2709 
   00850    0.4756   -5849.0274  0.2753 
   00851    0.4904   -6010.6648  0.2707 
   00852    0.4940   -5981.8587  0.2714 
   00853    0.4864   -5990.1153  0.2891 
   00854    0.4908   -6013.4631  0.2923 
   00855    0.4832   -5992.6694  0.2955 
   00856    0.5020   -5868.7639  0.3091 
   00857    0.4880   -5834.3092  0.2921 
   00858    0.5132   -5781.5315  0.2992 
   00859    0.5188   -5828.0058  0.3026 
   00860    0.4948   -5842.0497  0.3042 
   00861    0.5016   -5843.3349  0.3107 
   00862    0.5132   -5913.6000  0.3199 
   00863    0.4916   -5947.8100  0.3230 
   00864    0.4772   -5982.5461  0.3158 
   00865    0.4948   -5954.2880  0.3226 
   00866    0.4800   -5982.1340  0.3221 
   00867    0.4928   -5867.9904  0.3172 
   00868    0.4976   -5821.5932  0.3129 
   00869    0.4936   -5887.8787  0.3215 
   00870    0.4988   -5739.3197  0.3180 
   00871    0.5000   -5827.6753  0.3118 
   00872    0.5052   -5807.7382  0.3117 
   00873    0.5036   -5851.9109  0.3087 
   00874    0.5124   -5836.5761  0.2990 
   00875    0.5016   -5892.1803  0.3131 
   00876    0.4964   -5937.2125  0.3180 
   00877    0.4996   -5872.0295  0.3110 
   00878    0.4936   -5886.8753  0.3121 
   00879    0.5028   -5800.0355  0.3054 
   00880    0.5024   -5769.9981  0.3210 
   00881    0.5116   -5842.0669  0.3241 
   00882    0.5148   -5865.5995  0.3180 
   00883    0.4940   -5918.9707  0.3062 
   00884    0.4928   -5882.4724  0.3027 
   00885    0.5116   -5853.2586  0.2959 
   00886    0.4900   -5843.3437  0.2875 
   00887    0.4840   -5818.7743  0.2715 
   00888    0.5012   -5845.4304  0.2779 
   00889    0.5032   -5785.0475  0.2879 
   00890    0.5220   -5786.2099  0.2788 
   00891    0.4900   -5747.2297  0.2854 
   00892    0.4932   -5697.5380  0.2866 
   00893    0.5032   -5747.8454  0.2923 
   00894    0.4912   -5686.7918  0.3036 
   00895    0.5168   -5642.7405  0.3047 
   00896    0.4956   -5765.5845  0.3068 
   00897    0.5092   -5789.5624  0.3092 
   00898    0.4760   -5864.3721  0.3166 
   00899    0.4936   -5892.9862  0.3123 
   00900    0.5040   -5933.4655  0.3171 
   00901    0.4952   -5909.6731  0.3295 
   00902    0.5092   -5866.0212  0.3230 
   00903    0.4924   -5774.9462  0.3202 
   00904    0.5048   -5693.4873  0.3229 
   00905    0.5080   -5760.5026  0.3116 
   00906    0.4872   -5838.6130  0.3053 
   00907    0.5004   -5861.8378  0.3016 
   00908    0.5080   -5843.7591  0.3099 
   00909    0.5084   -5864.2635  0.3148 
   00910    0.5036   -5836.5079  0.3206 
   00911    0.4980   -5892.4570  0.3155 
   00912    0.5096   -5873.5947  0.3123 
   00913    0.4940   -5985.4164  0.3038 
   00914    0.4748   -5921.4418  0.2958 
   00915    0.4804   -6123.5824  0.3045 
   00916    0.4832   -6041.0032  0.2935 
   00917    0.4924   -6151.8669  0.2889 
   00918    0.4540   -6166.8689  0.2954 
   00919    0.4948   -6131.5946  0.2995 
   00920    0.4856   -6179.4865  0.2973 
   00921    0.4568   -6165.7776  0.2885 
   00922    0.4588   -6147.1927  0.2813 
   00923    0.4900   -6103.2613  0.2793 
   00924    0.4844   -6065.4819  0.2752 
   00925    0.4992   -6000.6102  0.2844 
   00926    0.4908   -5970.7236  0.2741 
   00927    0.4976   -5883.1011  0.2735 
   00928    0.4872   -5781.3774  0.2769 
   00929    0.4980   -5821.4631  0.2744 
   00930    0.5036   -5807.4472  0.2897 
   00931    0.4936   -5880.4199  0.2956 
   00932    0.4920   -5896.8101  0.2964 
   00933    0.5004   -5922.5138  0.3130 
   00934    0.4828   -5983.0833  0.3096 
   00935    0.5028   -5963.8557  0.2969 
   00936    0.4832   -5944.2538  0.2791 
   00937    0.4872   -5957.5107  0.2758 
   00938    0.4832   -5984.3358  0.2885 
   00939    0.4904   -5915.0520  0.2903 
   00940    0.4984   -5928.4277  0.2954 
   00941    0.5056   -5888.6097  0.2941 
   00942    0.5092   -5806.3454  0.2863 
   00943    0.5172   -5737.2863  0.2941 
   00944    0.4904   -5801.8901  0.2966 
   00945    0.5016   -5810.0318  0.2843 
   00946    0.4908   -5766.4067  0.2882 
   00947    0.4848   -5822.9547  0.2904 
   00948    0.4812   -5757.7024  0.2817 
   00949    0.5108   -5714.8843  0.2752 
   00950    0.5064   -5745.7145  0.2689 
   00951    0.5084   -5781.5290  0.2699 
   00952    0.4908   -5800.2109  0.2703 
   00953    0.5100   -5745.6539  0.2900 
   00954    0.5124   -5717.6231  0.2903 
   00955    0.4932   -5807.3384  0.2804 
   00956    0.4932   -5823.2104  0.2813 
   00957    0.4876   -5815.1512  0.2748 
   00958    0.5032   -5812.9810  0.2726 
   00959    0.5040   -5858.5835  0.2750 
   00960    0.4876   -5827.2425  0.2760 
   00961    0.4968   -5851.1839  0.2822 
   00962    0.4980   -5785.4095  0.2917 
   00963    0.4824   -5810.6225  0.2910 
   00964    0.4972   -5821.1857  0.3099 
   00965    0.5004   -5930.6488  0.3168 
   00966    0.4672   -5955.6528  0.3169 
   00967    0.5004   -5991.6098  0.3154 
   00968    0.4944   -6027.5963  0.3192 
   00969    0.4704   -5999.4144  0.3278 
   00970    0.4860   -5940.5697  0.3187 
   00971    0.5020   -5806.6839  0.3146 
   00972    0.5028   -5838.2072  0.3177 
   00973    0.4992   -5787.9402  0.3096 
   00974    0.4832   -5756.8027  0.3050 
   00975    0.4988   -5823.2813  0.3056 
   00976    0.4884   -5913.1024  0.3157 
   00977    0.4928   -5838.8296  0.2959 
   00978    0.5024   -5986.4898  0.3017 
   00979    0.4812   -5852.7189  0.3025 
   00980    0.4864   -5920.0748  0.2862 
   00981    0.4912   -6000.0035  0.2889 
   00982    0.4804   -5999.6567  0.2844 
   00983    0.4860   -6010.3633  0.2810 
   00984    0.5092   -5930.2194  0.2846 
   00985    0.4908   -5894.7803  0.2814 
   00986    0.4768   -5874.1827  0.2857 
   00987    0.5024   -5837.3528  0.2944 
   00988    0.5032   -5928.2626  0.2984 
   00989    0.4856   -5946.1743  0.2985 
   00990    0.4948   -5904.2118  0.3008 
   00991    0.4956   -5917.9393  0.3059 
   00992    0.4924   -5818.3812  0.2913 
   00993    0.4856   -5778.2908  0.2969 
   00994    0.5064   -5712.9293  0.2924 
   00995    0.5100   -5826.8071  0.2838 
   00996    0.4956   -5749.9116  0.2814 
   00997    0.5124   -5681.6754  0.2750 
   00998    0.5176   -5774.4973  0.2764 
   00999    0.5048   -5752.1325  0.2668 
   01000    0.4976   -5784.5679  0.2672 
