#=====================================================
# File created:        Tue-12-Mar-2024-at-03-49-04PM
# Size of lattice:     50x50
# Number of MC steps:  600
# Reduced temperature: 1.000
# Run time (s):        7.518226
#=====================================================
# MC step:  Ratio:     Energy:   Order:
#=====================================================
   00000    0.5000   -2620.2523  0.2700 
   00001    0.7016   -3766.2343  0.2695 
   00002    0.6260   -4397.2735  0.2585 
   00003    0.5872   -4722.2056  0.2668 
   00004    0.5704   -5045.3509  0.2536 
   00005    0.5428   -5227.7619  0.2623 
   00006    0.5424   -5353.2674  0.2605 
   00007    0.5248   -5452.9206  0.2577 
   00008    0.5308   -5458.1938  0.2550 
   00009    0.5368   -5427.0144  0.2516 
   00010    0.5156   -5480.6944  0.2563 
   00011    0.5368   -5472.6311  0.2584 
   00012    0.5316   -5471.7724  0.2566 
   00013    0.5216   -5570.2926  0.2627 
   00014    0.5092   -5616.3868  0.2650 
   00015    0.5028   -5686.6608  0.2701 
   00016    0.5180   -5767.2410  0.2617 
   00017    0.5128   -5773.9655  0.2663 
   00018    0.4840   -5939.5376  0.2612 
   00019    0.4916   -5942.9040  0.2599 
   00020    0.4908   -5932.4517  0.2682 
   00021    0.4900   -5937.1628  0.2586 
   00022    0.5048   -5891.5412  0.2644 
   00023    0.4928   -5885.7432  0.2595 
   00024    0.4868   -5933.4261  0.2627 
   00025    0.4824   -5953.9089  0.2646 
   00026    0.4976   -5942.4036  0.2709 
   00027    0.4952   -5853.0576  0.2819 
   00028    0.4976   -5934.1572  0.2861 
   00029    0.4824   -5886.7074  0.2897 
   00030    0.4812   -5912.8151  0.2956 
   00031    0.4812   -5814.5773  0.2889 
   00032    0.5064   -5835.2105  0.2953 
   00033    0.4796   -5876.5834  0.3099 
   00034    0.4940   -5851.9973  0.3081 
   00035    0.4932   -5781.5927  0.2967 
   00036    0.4916   -5771.1564  0.2987 
   00037    0.4972   -5712.3623  0.2951 
   00038    0.5200   -5782.7102  0.2907 
   00039    0.5056   -5842.4494  0.2809 
   00040    0.4968   -5880.3753  0.2789 
   00041    0.4840   -5944.4625  0.2846 
   00042    0.4924   -5911.1793  0.3017 
   00043    0.4948   -5869.3035  0.3091 
   00044    0.4844   -5886.2870  0.2877 
   00045    0.4668   -5999.0657  0.2928 
   00046    0.4788   -5968.9459  0.2768 
   00047    0.4720   -5946.4738  0.2833 
   00048    0.4848   -6016.8895  0.2849 
   00049    0.4836   -5932.7947  0.2864 
   00050    0.4888   -5957.3494  0.2934 
   00051    0.5020   -5950.1374  0.2934 
   00052    0.4960   -5911.2411  0.2861 
   00053    0.4724   -5895.2854  0.2895 
   00054    0.5056   -5941.5433  0.2888 
   00055    0.4848   -5882.8131  0.2875 
   00056    0.4892   -5923.3466  0.2717 
   00057    0.4784   -5950.1873  0.2681 
   00058    0.5012   -5817.6540  0.2709 
   00059    0.5260   -5813.9664  0.2871 
   00060    0.5168   -5792.6838  0.2902 
   00061    0.4856   -5791.3682  0.2935 
   00062    0.4888   -5851.9770  0.2988 
   00063    0.5048   -5917.8680  0.3048 
   00064    0.4932   -5912.4993  0.2982 
   00065    0.5100   -5837.5452  0.2914 
   00066    0.5100   -5967.8844  0.2917 
   00067    0.4972   -5971.5667  0.2859 
   00068    0.5072   -6002.9603  0.2860 
   00069    0.4760   -5904.4088  0.3004 
   00070    0.4800   -5892.0346  0.3009 
   00071    0.4964   -5933.0046  0.3023 
   00072    0.4840   -6011.0468  0.3063 
   00073    0.5036   -5986.0546  0.3032 
   00074    0.4960   -5923.0020  0.2863 
   00075    0.4728   -5952.3154  0.2831 
   00076    0.5132   -5970.2882  0.2662 
   00077    0.4868   -5921.5877  0.2740 
   00078    0.4888   -5829.2667  0.2691 
   00079    0.4812   -5853.3473  0.2874 
   00080    0.4904   -5849.4166  0.2900 
   00081    0.5012   -5832.8685  0.3030 
   00082    0.5076   -5795.4350  0.3137 
   00083    0.4992   -5824.0052  0.3016 
   00084    0.4928   -5804.6694  0.2987 
   00085    0.4836   -5815.9593  0.3052 
   00086    0.5008   -5746.1408  0.3060 
   00087    0.4964   -5834.0422  0.2981 
   00088    0.5024   -5929.1420  0.2999 
   00089    0.4948   -5896.7576  0.2902 
   00090    0.4848   -5864.4962  0.2877 
   00091    0.4948   -5885.6516  0.2967 
   00092    0.4912   -5917.6976  0.2847 
   00093    0.4764   -5836.2819  0.2885 
   00094    0.5012   -5848.5216  0.2935 
   00095    0.5032   -5932.2396  0.2821 
   00096    0.4964   -5987.7938  0.2818 
   00097    0.4848   -5949.3898  0.2927 
   00098    0.4940   -5897.3566  0.2948 
   00099    0.4916   -5832.7676  0.3000 
   00100    0.4908   -5921.3830  0.2945 
   00101    0.4760   -5954.0074  0.2989 
   00102    0.4932   -5900.8201  0.2965 
   00103    0.4856   -5849.1351  0.3138 
   00104    0.4896   -5850.7918  0.3025 
   00105    0.4880   -5831.1831  0.3039 
   00106    0.5072   -5882.7065  0.2882 
   00107    0.4760   -5954.2347  0.2762 
   00108    0.4948   -5941.6759  0.2653 
   00109    0.4896   -5862.5132  0.2713 
   00110    0.5032   -5853.2298  0.2602 
   00111    0.4936   -5879.3626  0.2514 
   00112    0.4972   -5947.7984  0.2571 
   00113    0.4836   -5969.7294  0.2552 
   00114    0.4856   -6014.6962  0.2596 
   00115    0.4880   -5961.8128  0.2613 
   00116    0.4972   -5877.3745  0.2526 
   00117    0.4988   -5866.5014  0.2723 
   00118    0.4932   -5899.2896  0.2783 
   00119    0.4948   -5803.8588  0.2788 
   00120    0.4920   -5806.4658  0.2820 
   00121    0.5004   -5870.5750  0.2798 
   00122    0.5100   -5851.4944  0.2744 
   00123    0.4924   -5791.9880  0.2667 
   00124    0.4836   -5771.2515  0.2709 
   00125    0.4944   -5729.1878  0.2683 
   00126    0.5004   -5783.2655  0.2735 
   00127    0.5128   -5832.1617  0.2759 
   00128    0.5012   -5813.9381  0.2772 
   00129    0.4952   -5882.8929  0.2788 
   00130    0.4844   -5795.2704  0.2806 
   00131    0.5156   -5905.1461  0.2917 
   00132    0.4892   -5813.1188  0.2902 
   00133    0.4876   -5906.4348  0.2903 
   00134    0.4968   -5856.3610  0.2709 
   00135    0.4952   -5928.4806  0.2749 
   00136    0.5004   -6032.4562  0.2895 
   00137    0.4788   -6031.5511  0.2881 
   00138    0.4788   -6003.7438  0.2765 
   00139    0.4952   -5952.8243  0.2804 
   00140    0.4924   -5915.0032  0.2899 
   00141    0.4652   -5901.6446  0.2987 
   00142    0.4944   -6030.5114  0.3001 
   00143    0.4836   -5959.9807  0.3017 
   00144    0.5020   -5904.0801  0.2972 
   00145    0.4928   -5897.7794  0.3010 
   00146    0.4980   -5917.8571  0.2977 
   00147    0.4924   -5942.0561  0.2914 
   00148    0.5052   -5940.3474  0.2915 
   00149    0.5084   -5803.6775  0.2873 
   00150    0.4884   -5789.9204  0.2841 
   00151    0.5004   -5813.2658  0.2929 
   00152    0.5028   -5828.0094  0.2978 
   00153    0.5120   -5786.5901  0.2987 
   00154    0.5056   -5794.9780  0.2953 
   00155    0.5044   -5952.1981  0.2958 
   00156    0.4972   -5881.4010  0.2896 
   00157    0.5048   -5745.1278  0.2953 
   00158    0.5176   -5713.7464  0.2885 
   00159    0.5228   -5776.3976  0.2847 
   00160    0.5072   -5748.3789  0.2802 
   00161    0.4988   -5780.6447  0.2871 
   00162    0.5000   -5878.6530  0.2956 
   00163    0.4976   -5812.3760  0.2927 
   00164    0.4968   -5815.8898  0.2890 
   00165    0.4864   -5866.2909  0.2833 
   00166    0.4820   -5908.1200  0.2891 
   00167    0.4916   -5851.0685  0.2900 
   00168    0.5148   -5852.7774  0.2941 
   00169    0.5048   -5884.3714  0.2872 
   00170    0.5064   -5839.6757  0.2887 
   00171    0.4912   -5857.3954  0.2762 
   00172    0.4968   -5849.8072  0.2670 
   00173    0.4932   -5905.2760  0.2743 
   00174    0.4744   -5807.8019  0.2754 
   00175    0.4864   -5791.1122  0.2746 
   00176    0.5076   -5860.4565  0.2643 
   00177    0.4832   -5835.5183  0.2638 
   00178    0.4972   -5931.6838  0.2735 
   00179    0.4952   -5938.6237  0.2736 
   00180    0.4812   -5961.3437  0.2742 
   00181    0.4872   -5948.4688  0.2798 
   00182    0.4884   -5932.2070  0.2749 
   00183    0.4936   -5928.4173  0.2642 
   00184    0.5028   -5862.3303  0.2585 
   00185    0.4748   -5820.3091  0.2574 
   00186    0.4880   -5816.1072  0.2666 
   00187    0.5080   -5831.7559  0.2580 
   00188    0.5136   -5814.2927  0.2519 
   00189    0.5100   -5759.8294  0.2599 
   00190    0.4944   -5802.3549  0.2645 
   00191    0.4732   -5890.0665  0.2714 
   00192    0.4836   -5894.4802  0.2672 
   00193    0.5024   -5908.4435  0.2640 
   00194    0.5132   -5942.8014  0.2786 
   00195    0.5024   -5918.0448  0.2810 
   00196    0.5068   -5933.6073  0.2774 
   00197    0.4792   -5920.5249  0.2822 
   00198    0.4852   -5930.1412  0.2794 
   00199    0.4956   -5937.4549  0.2736 
   00200    0.4968   -5905.2423  0.2820 
   00201    0.4852   -5847.2596  0.2810 
   00202    0.4880   -5902.4200  0.2929 
   00203    0.4784   -5912.3439  0.3057 
   00204    0.4856   -5891.6925  0.3213 
   00205    0.4980   -5826.6555  0.3200 
   00206    0.5000   -5716.6728  0.3153 
   00207    0.5060   -5713.0016  0.3180 
   00208    0.4872   -5813.1573  0.3148 
   00209    0.5036   -5776.4066  0.3242 
   00210    0.4976   -5906.0904  0.3319 
   00211    0.4864   -5978.8835  0.3256 
   00212    0.4864   -5936.7382  0.3344 
   00213    0.4896   -5993.8822  0.3336 
   00214    0.5020   -5878.2790  0.3364 
   00215    0.4928   -5837.9094  0.3198 
   00216    0.4932   -5935.6544  0.3178 
   00217    0.4980   -5895.7068  0.3102 
   00218    0.4904   -5870.8760  0.3086 
   00219    0.4984   -5899.3431  0.3052 
   00220    0.4888   -5943.3249  0.3036 
   00221    0.4956   -5896.8043  0.2941 
   00222    0.5032   -5854.2453  0.2914 
   00223    0.4984   -5810.7358  0.2848 
   00224    0.5052   -5895.2604  0.2819 
   00225    0.4764   -5889.0610  0.2719 
   00226    0.4804   -5930.8184  0.2755 
   00227    0.4960   -5927.7060  0.2692 
   00228    0.4856   -5900.7335  0.2866 
   00229    0.4968   -5868.6079  0.2823 
   00230    0.4972   -5908.0223  0.2839 
   00231    0.4996   -6013.4682  0.2929 
   00232    0.5056   -5844.7978  0.2989 
   00233    0.4864   -5908.7789  0.2951 
   00234    0.4864   -5957.7585  0.2985 
   00235    0.4876   -6008.7149  0.3080 
   00236    0.4776   -6081.3388  0.3125 
   00237    0.4704   -6052.8609  0.3124 
   00238    0.4780   -5997.4065  0.3212 
   00239    0.4992   -6004.6988  0.3294 
   00240    0.4892   -6004.7417  0.3302 
   00241    0.4776   -6022.1834  0.3290 
   00242    0.4888   -5897.4408  0.3297 
   00243    0.4816   -5922.7940  0.3277 
   00244    0.5072   -5916.6381  0.3326 
   00245    0.4936   -5950.3532  0.3394 
   00246    0.4744   -5975.1514  0.3421 
   00247    0.4856   -5981.3199  0.3406 
   00248    0.4964   -5984.5194  0.3315 
   00249    0.4888   -5969.6754  0.3329 
   00250    0.4980   -5937.0424  0.3325 
   00251    0.4900   -5887.7752  0.3251 
   00252    0.5176   -5874.6094  0.3290 
   00253    0.5144   -5940.6921  0.3450 
   00254    0.4628   -5887.7650  0.3422 
   00255    0.4796   -5915.1926  0.3434 
   00256    0.4952   -5854.7363  0.3344 
   00257    0.5212   -5913.6424  0.3266 
   00258    0.4848   -5888.6174  0.3260 
   00259    0.5032   -5798.9913  0.3153 
   00260    0.4968   -5807.4817  0.3280 
   00261    0.4912   -5809.7410  0.3333 
   00262    0.5068   -5855.8966  0.3240 
   00263    0.4944   -5901.1591  0.3338 
   00264    0.4884   -6007.0825  0.3426 
   00265    0.4892   -5975.6169  0.3519 
   00266    0.5004   -5977.0627  0.3538 
   00267    0.4848   -5979.4592  0.3569 
   00268    0.4828   -6082.2432  0.3521 
   00269    0.4748   -6039.1592  0.3463 
   00270    0.4724   -6027.6018  0.3477 
   00271    0.4700   -6044.6473  0.3421 
   00272    0.5024   -6038.7918  0.3433 
   00273    0.4800   -6107.1651  0.3465 
   00274    0.4904   -6068.8160  0.3447 
   00275    0.4708   -6007.7496  0.3430 
   00276    0.4948   -5976.2956  0.3396 
   00277    0.4700   -6077.3820  0.3377 
   00278    0.4892   -6117.0503  0.3398 
   00279    0.4852   -5997.8883  0.3427 
   00280    0.4760   -5986.3833  0.3531 
   00281    0.5008   -5952.2531  0.3356 
   00282    0.5148   -5809.7590  0.3235 
   00283    0.5064   -5843.7829  0.3143 
   00284    0.4880   -5984.0629  0.3166 
   00285    0.4992   -6007.8857  0.3270 
   00286    0.4900   -5987.7487  0.3277 
   00287    0.5040   -6013.2585  0.3246 
   00288    0.4820   -5992.8346  0.3248 
   00289    0.4764   -5910.2631  0.3284 
   00290    0.4964   -5963.9192  0.3280 
   00291    0.5000   -6040.5508  0.3357 
   00292    0.5000   -5991.7243  0.3267 
   00293    0.4820   -6044.0494  0.3470 
   00294    0.4732   -5954.1960  0.3582 
   00295    0.4924   -6001.1422  0.3435 
   00296    0.4832   -6043.0330  0.3419 
   00297    0.4944   -5932.5918  0.3509 
   00298    0.5092   -5881.3262  0.3489 
   00299    0.4932   -5840.0722  0.3572 
   00300    0.4812   -5850.5548  0.3474 
   00301    0.4868   -5876.9902  0.3556 
   00302    0.5064   -5928.3267  0.3608 
   00303    0.4812   -5994.2506  0.3626 
   00304    0.4848   -5999.0555  0.3641 
   00305    0.4936   -6005.6956  0.3566 
   00306    0.4788   -5967.7373  0.3513 
   00307    0.4856   -5909.6616  0.3408 
   00308    0.4976   -5935.7305  0.3288 
   00309    0.5028   -5912.9716  0.3271 
   00310    0.4836   -5846.0389  0.3264 
   00311    0.4736   -5861.2048  0.3277 
   00312    0.5004   -5847.1160  0.3502 
   00313    0.4896   -5872.7323  0.3506 
   00314    0.4876   -5951.2379  0.3460 
   00315    0.4960   -5916.3032  0.3489 
   00316    0.4852   -5970.1904  0.3403 
   00317    0.4912   -5860.4141  0.3444 
   00318    0.5008   -5797.6526  0.3531 
   00319    0.4980   -5862.2487  0.3401 
   00320    0.5020   -5913.8288  0.3295 
   00321    0.4968   -5875.5643  0.3334 
   00322    0.5084   -5837.0086  0.3319 
   00323    0.4880   -5815.2317  0.3271 
   00324    0.4916   -5887.0037  0.3275 
   00325    0.5032   -5861.7600  0.3330 
   00326    0.4800   -5828.4193  0.3163 
   00327    0.4968   -5849.1883  0.3233 
   00328    0.4920   -5912.9188  0.3487 
   00329    0.4948   -5913.1631  0.3421 
   00330    0.4872   -5999.9660  0.3405 
   00331    0.4876   -5983.0256  0.3398 
   00332    0.4860   -6009.5826  0.3297 
   00333    0.4844   -5971.6731  0.3202 
   00334    0.4848   -6008.4330  0.3264 
   00335    0.4840   -5933.7831  0.3201 
   00336    0.4788   -5973.8935  0.3258 
   00337    0.4856   -6020.4193  0.3177 
   00338    0.4864   -5942.8457  0.3072 
   00339    0.4988   -5919.4548  0.3170 
   00340    0.5016   -5880.4608  0.3051 
   00341    0.4744   -5904.7947  0.3129 
   00342    0.4948   -5961.4991  0.3205 
   00343    0.4840   -6001.1031  0.3185 
   00344    0.4844   -5870.7935  0.3209 
   00345    0.5012   -5839.8116  0.3174 
   00346    0.5004   -5874.8495  0.3173 
   00347    0.5080   -5904.6898  0.3169 
   00348    0.4912   -5836.8880  0.3101 
   00349    0.4920   -5949.1719  0.3130 
   00350    0.5008   -5901.1984  0.3141 
   00351    0.4916   -6049.3468  0.3225 
   00352    0.4920   -6019.4939  0.3289 
   00353    0.4824   -5943.7674  0.3235 
   00354    0.4920   -5898.6098  0.3233 
   00355    0.4984   -5779.2988  0.3194 
   00356    0.5076   -5762.8322  0.3169 
   00357    0.5148   -5897.4367  0.3220 
   00358    0.4784   -5883.6163  0.3081 
   00359    0.4840   -5766.0221  0.3010 
   00360    0.5080   -5833.0041  0.3089 
   00361    0.5108   -5812.8985  0.3055 
   00362    0.5140   -5771.5170  0.2972 
   00363    0.5084   -5756.1936  0.2983 
   00364    0.4972   -5781.2799  0.2923 
   00365    0.4896   -5800.6301  0.2959 
   00366    0.4984   -5905.9037  0.2982 
   00367    0.4940   -5745.7734  0.2905 
   00368    0.5156   -5719.8011  0.2936 
   00369    0.4976   -5766.0786  0.3055 
   00370    0.4740   -5842.6917  0.3048 
   00371    0.5000   -5889.3148  0.3073 
   00372    0.4964   -5833.6059  0.2980 
   00373    0.4828   -5850.9602  0.2958 
   00374    0.5036   -5928.6013  0.2919 
   00375    0.4980   -5877.2375  0.2977 
   00376    0.5100   -5867.2141  0.2885 
   00377    0.4940   -5875.8175  0.2880 
   00378    0.5044   -5858.8326  0.3057 
   00379    0.4840   -5871.7102  0.3079 
   00380    0.4896   -5791.5185  0.3124 
   00381    0.5104   -5822.8334  0.3181 
   00382    0.4956   -5780.5031  0.3295 
   00383    0.5020   -5785.8167  0.3227 
   00384    0.5072   -5773.7660  0.3190 
   00385    0.5000   -5793.1655  0.3324 
   00386    0.4948   -5872.1571  0.3409 
   00387    0.5072   -5848.2754  0.3441 
   00388    0.4976   -5912.3740  0.3433 
   00389    0.4928   -5908.0898  0.3410 
   00390    0.4852   -5997.9686  0.3545 
   00391    0.5020   -5908.2430  0.3430 
   00392    0.4868   -5878.8465  0.3403 
   00393    0.5064   -5870.8057  0.3383 
   00394    0.4840   -5759.0689  0.3365 
   00395    0.4976   -5938.2016  0.3271 
   00396    0.4892   -5898.1580  0.3231 
   00397    0.4892   -5952.7164  0.3209 
   00398    0.4904   -5878.6099  0.3263 
   00399    0.4800   -5933.7123  0.3265 
   00400    0.5028   -5943.2927  0.3336 
   00401    0.4896   -5945.0429  0.3332 
   00402    0.4844   -5952.8996  0.3178 
   00403    0.5056   -5943.3277  0.3129 
   00404    0.5016   -5942.8510  0.3176 
   00405    0.4920   -5984.4389  0.3291 
   00406    0.4988   -5979.9748  0.3281 
   00407    0.4840   -5929.7896  0.3229 
   00408    0.5032   -5880.9086  0.3363 
   00409    0.4788   -5983.1601  0.3241 
   00410    0.4776   -6002.9452  0.3332 
   00411    0.4796   -5972.0001  0.3344 
   00412    0.4752   -5931.5680  0.3333 
   00413    0.5020   -5967.2841  0.3287 
   00414    0.4920   -6025.4610  0.3280 
   00415    0.4764   -6014.6427  0.3327 
   00416    0.4892   -6103.8343  0.3321 
   00417    0.4776   -6057.2227  0.3396 
   00418    0.4704   -6071.1063  0.3382 
   00419    0.4804   -5926.9477  0.3304 
   00420    0.5052   -5822.2120  0.3307 
   00421    0.5108   -5803.9177  0.3434 
   00422    0.4876   -5864.6222  0.3539 
   00423    0.4856   -5926.2393  0.3531 
   00424    0.4876   -5903.6553  0.3524 
   00425    0.4932   -5857.0926  0.3547 
   00426    0.4836   -5859.7532  0.3499 
   00427    0.5096   -5838.0179  0.3525 
   00428    0.4852   -5813.0564  0.3545 
   00429    0.4920   -5843.6525  0.3519 
   00430    0.4880   -5916.7815  0.3516 
   00431    0.4920   -5925.3926  0.3740 
   00432    0.4872   -5878.0916  0.3730 
   00433    0.4916   -6033.5452  0.3767 
   00434    0.4796   -6065.7784  0.3845 
   00435    0.4556   -6063.0470  0.3762 
   00436    0.4708   -6043.0912  0.3774 
   00437    0.4832   -6016.2759  0.3837 
   00438    0.4828   -5992.5506  0.3793 
   00439    0.4772   -6027.8389  0.3849 
   00440    0.4792   -5968.9086  0.3869 
   00441    0.4756   -6030.7394  0.3862 
   00442    0.4704   -6000.0523  0.3859 
   00443    0.4808   -5922.2240  0.3886 
   00444    0.4940   -5946.2856  0.3887 
   00445    0.4948   -5957.2906  0.3955 
   00446    0.4896   -6055.1666  0.3911 
   00447    0.4976   -6040.0212  0.3903 
   00448    0.4848   -6008.6857  0.3891 
   00449    0.5044   -5964.4535  0.3808 
   00450    0.5028   -5973.0211  0.3751 
   00451    0.4896   -5970.7508  0.3742 
   00452    0.4800   -5905.8529  0.3579 
   00453    0.5036   -5930.8310  0.3538 
   00454    0.4828   -5911.1215  0.3561 
   00455    0.5052   -5890.4416  0.3579 
   00456    0.5028   -5913.3537  0.3622 
   00457    0.4884   -5807.6644  0.3514 
   00458    0.5040   -5775.6914  0.3579 
   00459    0.5152   -5793.8978  0.3690 
   00460    0.4816   -5843.6497  0.3648 
   00461    0.4988   -5878.8038  0.3605 
   00462    0.5020   -5893.6913  0.3595 
   00463    0.4828   -5820.7722  0.3542 
   00464    0.5000   -5874.0792  0.3515 
   00465    0.5040   -5852.6465  0.3486 
   00466    0.5112   -5773.7031  0.3523 
   00467    0.4948   -5744.8698  0.3424 
   00468    0.4852   -5885.6423  0.3414 
   00469    0.4872   -5838.4120  0.3348 
   00470    0.4868   -5872.9918  0.3244 
   00471    0.4960   -5831.2606  0.3352 
   00472    0.5016   -5861.1533  0.3297 
   00473    0.4976   -5869.5570  0.3266 
   00474    0.4808   -5903.1356  0.3425 
   00475    0.4920   -5893.4848  0.3414 
   00476    0.4920   -5954.8203  0.3543 
   00477    0.4800   -5956.3248  0.3636 
   00478    0.5008   -5863.5155  0.3613 
   00479    0.5080   -5908.9951  0.3691 
   00480    0.4964   -5894.7751  0.3643 
   00481    0.5004   -5809.6836  0.3409 
   00482    0.4908   -5816.7737  0.3488 
   00483    0.4948   -5907.2491  0.3521 
   00484    0.4940   -5961.6135  0.3465 
   00485    0.5076   -5857.6327  0.3389 
   00486    0.5012   -5869.0276  0.3290 
   00487    0.4908   -5939.2240  0.3125 
   00488    0.4864   -6063.0808  0.3141 
   00489    0.4968   -6011.3634  0.3244 
   00490    0.4876   -5959.7412  0.3197 
   00491    0.4848   -5961.7460  0.3173 
   00492    0.4728   -5903.7594  0.3067 
   00493    0.5000   -5959.4772  0.3117 
   00494    0.5144   -5866.8561  0.3137 
   00495    0.5104   -5822.2160  0.3152 
   00496    0.5088   -5773.2626  0.3102 
   00497    0.5036   -5853.0141  0.3220 
   00498    0.4828   -5877.1924  0.3099 
   00499    0.4976   -5897.6483  0.3254 
   00500    0.5056   -5795.3320  0.3167 
   00501    0.4704   -5820.4547  0.3186 
   00502    0.5000   -5918.6185  0.3213 
   00503    0.4828   -5864.8353  0.3200 
   00504    0.4836   -5932.0212  0.3128 
   00505    0.4852   -5944.6392  0.3135 
   00506    0.5072   -5896.3235  0.3180 
   00507    0.4840   -5851.9680  0.3205 
   00508    0.5028   -5854.4479  0.3233 
   00509    0.5024   -5878.6285  0.3166 
   00510    0.4928   -5780.6023  0.2956 
   00511    0.5032   -5725.7905  0.3078 
   00512    0.5068   -5815.0629  0.2984 
   00513    0.4828   -5767.7343  0.2969 
   00514    0.5008   -5823.5759  0.2882 
   00515    0.5104   -5711.3910  0.2932 
   00516    0.5144   -5645.3658  0.2950 
   00517    0.5016   -5842.8908  0.3013 
   00518    0.4992   -5758.3662  0.2947 
   00519    0.4868   -5739.9430  0.3015 
   00520    0.5316   -5730.5401  0.2950 
   00521    0.5036   -5643.8980  0.2944 
   00522    0.5076   -5656.0578  0.2874 
   00523    0.5172   -5654.1733  0.2782 
   00524    0.4988   -5682.7374  0.2734 
   00525    0.5080   -5831.5713  0.2867 
   00526    0.5068   -5893.5465  0.2875 
   00527    0.4976   -5890.4374  0.2914 
   00528    0.4948   -5903.3982  0.2816 
   00529    0.4816   -5834.3953  0.2756 
   00530    0.4864   -5928.9105  0.2614 
   00531    0.4860   -5883.4007  0.2688 
   00532    0.5068   -5890.7611  0.2717 
   00533    0.4968   -5909.4682  0.2648 
   00534    0.4924   -5888.5855  0.2719 
   00535    0.4992   -5818.3744  0.2689 
   00536    0.4832   -5813.9792  0.2777 
   00537    0.5068   -5728.5093  0.2749 
   00538    0.5116   -5727.8262  0.2671 
   00539    0.5264   -5613.8241  0.2682 
   00540    0.5208   -5711.8056  0.2757 
   00541    0.5124   -5694.4339  0.2867 
   00542    0.4896   -5770.1178  0.2938 
   00543    0.5080   -5728.7820  0.2959 
   00544    0.5108   -5699.7603  0.3119 
   00545    0.5004   -5720.8789  0.2987 
   00546    0.5144   -5721.5440  0.3010 
   00547    0.4832   -5836.3764  0.3019 
   00548    0.4996   -5706.8957  0.3053 
   00549    0.5060   -5768.8020  0.3137 
   00550    0.4892   -5708.2807  0.3150 
   00551    0.4840   -5806.6655  0.3167 
   00552    0.5112   -5750.4768  0.3116 
   00553    0.4696   -5818.4018  0.3186 
   00554    0.4836   -5855.1429  0.3303 
   00555    0.4876   -5796.8827  0.3292 
   00556    0.4956   -5862.4181  0.3327 
   00557    0.5148   -5821.7107  0.3283 
   00558    0.5016   -5853.1458  0.3235 
   00559    0.5036   -5826.8080  0.3230 
   00560    0.4964   -5830.2519  0.3309 
   00561    0.4956   -5860.4435  0.3355 
   00562    0.4812   -5923.6173  0.3372 
   00563    0.5104   -5840.7990  0.3496 
   00564    0.4872   -5857.6555  0.3419 
   00565    0.4924   -5895.6622  0.3388 
   00566    0.4920   -5796.6079  0.3350 
   00567    0.4948   -5832.4576  0.3330 
   00568    0.5000   -5849.2417  0.3277 
   00569    0.4936   -5915.8869  0.3196 
   00570    0.4820   -5911.2949  0.3178 
   00571    0.4968   -5918.9195  0.3303 
   00572    0.4916   -5878.7064  0.3302 
   00573    0.4844   -6009.3525  0.3258 
   00574    0.4888   -6012.0454  0.3214 
   00575    0.4804   -5972.2197  0.3144 
   00576    0.5056   -5924.0087  0.3095 
   00577    0.4800   -6012.0036  0.3186 
   00578    0.5028   -5855.3950  0.3204 
   00579    0.5104   -5818.6902  0.3021 
   00580    0.5132   -5811.6068  0.2952 
   00581    0.4916   -5894.1480  0.2834 
   00582    0.5132   -5943.4746  0.2795 
   00583    0.4932   -5926.4023  0.2765 
   00584    0.4800   -5869.0004  0.2797 
   00585    0.4876   -5835.6567  0.2830 
   00586    0.4852   -5877.8295  0.2783 
   00587    0.4880   -5894.0576  0.2805 
   00588    0.4884   -5956.5010  0.2922 
   00589    0.4920   -5883.0526  0.2897 
   00590    0.4784   -5847.8764  0.2824 
   00591    0.4976   -5766.0830  0.2807 
   00592    0.5104   -5773.4675  0.2922 
   00593    0.4960   -5770.8435  0.2782 
   00594    0.5068   -5806.9445  0.2656 
   00595    0.5320   -5738.3955  0.2642 
   00596    0.5084   -5796.3639  0.2718 
   00597    0.4988   -5903.4136  0.2791 
   00598    0.4808   -6038.3869  0.2786 
   00599    0.4948   -6029.9460  0.2765 
   00600    0.4932   -5958.3945  0.2834 
