#=====================================================
# File created:        Sat-09-Mar-2024-at-11-14-49AM
# Size of lattice:     150x150
# Number of MC steps:  150
# Reduced temperature: 0.500
# Run time (s):        91.171391
#=====================================================
# MC step:  Ratio:     Energy:   Order:
#=====================================================
   00000    0.5000  -22305.8758  0.2549 
   00001    0.6814  -33211.6196  0.2553 
   00002    0.6212  -39972.4380  0.2565 
   00003    0.5894  -45148.3553  0.2638 
   00004    0.5565  -48964.1733  0.2621 
   00005    0.5434  -51977.8005  0.2573 
   00006    0.5270  -54556.4100  0.2546 
   00007    0.5099  -56507.4140  0.2559 
   00008    0.5007  -58384.1085  0.2575 
   00009    0.4984  -59719.6042  0.2574 
   00010    0.4845  -61177.6311  0.2589 
   00011    0.4848  -62105.4498  0.2601 
   00012    0.4753  -63118.2980  0.2589 
   00013    0.4647  -64164.3992  0.2608 
   00014    0.4620  -65036.3766  0.2632 
   00015    0.4605  -65806.5173  0.2637 
   00016    0.4545  -66419.1648  0.2645 
   00017    0.4520  -67137.1245  0.2668 
   00018    0.4536  -67566.6029  0.2670 
   00019    0.4496  -67915.6457  0.2652 
   00020    0.4545  -68401.8086  0.2642 
   00021    0.4448  -68642.2141  0.2677 
   00022    0.4488  -69013.4469  0.2681 
   00023    0.4417  -69224.5063  0.2692 
   00024    0.4400  -69432.6440  0.2709 
   00025    0.4467  -69727.2775  0.2706 
   00026    0.4473  -69958.2197  0.2723 
   00027    0.4416  -70231.4845  0.2739 
   00028    0.4406  -70340.0259  0.2750 
   00029    0.4352  -70592.4245  0.2765 
   00030    0.4348  -70841.9405  0.2765 
   00031    0.4376  -70888.7986  0.2785 
   00032    0.4397  -71037.5411  0.2747 
   00033    0.4358  -71213.8440  0.2751 
   00034    0.4294  -71406.5326  0.2749 
   00035    0.4408  -71425.9683  0.2763 
   00036    0.4305  -71537.9490  0.2802 
   00037    0.4362  -71780.2759  0.2794 
   00038    0.4312  -71803.8542  0.2776 
   00039    0.4286  -71917.6564  0.2780 
   00040    0.4322  -71945.4516  0.2785 
   00041    0.4312  -71958.5060  0.2792 
   00042    0.4271  -72148.1535  0.2818 
   00043    0.4293  -72377.0877  0.2806 
   00044    0.4364  -72494.3163  0.2796 
   00045    0.4317  -72360.6860  0.2793 
   00046    0.4276  -72446.3671  0.2806 
   00047    0.4236  -72502.6359  0.2817 
   00048    0.4290  -72707.4634  0.2836 
   00049    0.4312  -72667.3885  0.2848 
   00050    0.4292  -72589.3487  0.2852 
   00051    0.4302  -72634.9654  0.2856 
   00052    0.4268  -72752.2328  0.2859 
   00053    0.4239  -72898.2978  0.2866 
   00054    0.4291  -72815.5805  0.2864 
   00055    0.4251  -72946.9070  0.2877 
   00056    0.4322  -73050.0560  0.2873 
   00057    0.4252  -73069.5587  0.2894 
   00058    0.4211  -73213.6031  0.2896 
   00059    0.4215  -73304.2653  0.2934 
   00060    0.4289  -73461.2842  0.2947 
   00061    0.4232  -73611.2761  0.2933 
   00062    0.4222  -73606.3893  0.2925 
   00063    0.4270  -73718.2210  0.2915 
   00064    0.4310  -73766.0785  0.2923 
   00065    0.4196  -73692.8775  0.2934 
   00066    0.4273  -73763.0243  0.2927 
   00067    0.4180  -73748.7883  0.2944 
   00068    0.4252  -73882.5920  0.2927 
   00069    0.4213  -73777.0260  0.2938 
   00070    0.4232  -73924.1016  0.2924 
   00071    0.4198  -73853.2461  0.2932 
   00072    0.4241  -73951.8775  0.2920 
   00073    0.4231  -74119.6900  0.2915 
   00074    0.4152  -74049.5248  0.2934 
   00075    0.4215  -74097.7549  0.2935 
   00076    0.4268  -74010.7712  0.2944 
   00077    0.4200  -74052.2433  0.2975 
   00078    0.4233  -74126.3532  0.2994 
   00079    0.4264  -74136.1751  0.2976 
   00080    0.4183  -74152.8914  0.2988 
   00081    0.4222  -74206.2784  0.2981 
   00082    0.4164  -74303.5294  0.2977 
   00083    0.4180  -74267.3583  0.2978 
   00084    0.4221  -74246.6117  0.2976 
   00085    0.4212  -74311.0139  0.2980 
   00086    0.4257  -74330.0272  0.2982 
   00087    0.4268  -74582.8052  0.2977 
   00088    0.4212  -74629.0638  0.2977 
   00089    0.4176  -74641.9461  0.2981 
   00090    0.4208  -74702.0913  0.2992 
   00091    0.4235  -74568.8229  0.2985 
   00092    0.4151  -74529.5488  0.2997 
   00093    0.4261  -74485.1199  0.2988 
   00094    0.4264  -74477.3913  0.2984 
   00095    0.4174  -74374.4564  0.2984 
   00096    0.4210  -74519.4971  0.2991 
   00097    0.4138  -74532.9035  0.2981 
   00098    0.4280  -74476.9391  0.2986 
   00099    0.4171  -74548.0404  0.2985 
   00100    0.4233  -74574.9119  0.3024 
   00101    0.4187  -74618.0167  0.3030 
   00102    0.4286  -74637.1607  0.3012 
   00103    0.4109  -74825.9438  0.3007 
   00104    0.4166  -74837.9626  0.3008 
   00105    0.4162  -74895.2774  0.3031 
   00106    0.4168  -74922.3935  0.3036 
   00107    0.4227  -74849.4094  0.3068 
   00108    0.4192  -74829.6417  0.3076 
   00109    0.4135  -74830.5418  0.3085 
   00110    0.4173  -74800.0507  0.3092 
   00111    0.4154  -74781.2666  0.3104 
   00112    0.4187  -74659.9907  0.3116 
   00113    0.4182  -74868.3820  0.3105 
   00114    0.4180  -74903.7408  0.3102 
   00115    0.4224  -74880.3766  0.3126 
   00116    0.4163  -74790.7560  0.3136 
   00117    0.4188  -74740.3366  0.3148 
   00118    0.4210  -74905.3169  0.3153 
   00119    0.4185  -74889.6837  0.3155 
   00120    0.4142  -74817.2652  0.3144 
   00121    0.4177  -74956.7357  0.3150 
   00122    0.4150  -74999.5005  0.3159 
   00123    0.4191  -75006.5217  0.3154 
   00124    0.4132  -75018.7360  0.3133 
   00125    0.4149  -74898.0696  0.3114 
   00126    0.4181  -74696.5865  0.3116 
   00127    0.4222  -74771.0501  0.3130 
   00128    0.4214  -74833.2913  0.3147 
   00129    0.4200  -74849.3898  0.3168 
   00130    0.4195  -74868.4383  0.3169 
   00131    0.4085  -74907.6620  0.3173 
   00132    0.4219  -74881.0108  0.3175 
   00133    0.4198  -74831.8983  0.3179 
   00134    0.4152  -74910.7157  0.3190 
   00135    0.4164  -74942.7647  0.3179 
   00136    0.4152  -74877.3215  0.3183 
   00137    0.4167  -74912.5902  0.3208 
   00138    0.4130  -74760.4627  0.3213 
   00139    0.4189  -74944.3796  0.3238 
   00140    0.4174  -75080.9314  0.3255 
   00141    0.4169  -75002.5681  0.3254 
   00142    0.4173  -75023.6588  0.3267 
   00143    0.4167  -74934.1999  0.3262 
   00144    0.4167  -75051.9786  0.3268 
   00145    0.4165  -75126.7199  0.3277 
   00146    0.4136  -75231.0180  0.3291 
   00147    0.4197  -75093.0076  0.3277 
   00148    0.4216  -75141.7982  0.3264 
   00149    0.4172  -74990.1382  0.3253 
   00150    0.4210  -75095.7041  0.3267 
