#=====================================================
# File created:        Tue-12-Mar-2024-at-07-41-00PM
# Size of lattice:     250x250
# Number of MC steps:  50
# Reduced temperature: 1.000
# Run time (s):        18.387532
#=====================================================
# MC step:  Ratio:     Energy:   Order:
#=====================================================
   00000    0.5000  -61904.6285  0.2524 
   00001    0.6948  -94135.2775  0.2561 
   00002    0.6241 -109755.9266  0.2565 
   00003    0.5894 -118872.4464  0.2589 
   00004    0.5694 -125118.4854  0.2588 
   00005    0.5522 -129421.2678  0.2596 
   00006    0.5437 -132506.6810  0.2582 
   00007    0.5329 -135059.8571  0.2616 
   00008    0.5246 -136951.9526  0.2622 
   00009    0.5185 -138365.1062  0.2589 
   00010    0.5152 -139256.7275  0.2617 
   00011    0.5176 -140193.5809  0.2605 
   00012    0.5107 -141569.6119  0.2617 
   00013    0.5113 -142195.9331  0.2605 
   00014    0.5061 -142403.9799  0.2618 
   00015    0.5050 -143294.2242  0.2593 
   00016    0.5081 -143824.6986  0.2590 
   00017    0.5060 -143673.0538  0.2601 
   00018    0.5058 -144051.3946  0.2610 
   00019    0.5063 -144607.6021  0.2615 
   00020    0.5024 -144876.8456  0.2600 
   00021    0.5021 -145203.0458  0.2599 
   00022    0.4988 -145298.0633  0.2610 
   00023    0.4998 -145685.3828  0.2608 
   00024    0.4941 -145072.1468  0.2590 
   00025    0.4966 -145347.6826  0.2572 
   00026    0.4996 -146134.6834  0.2580 
   00027    0.4979 -145887.4045  0.2587 
   00028    0.4987 -145828.2477  0.2609 
   00029    0.4965 -146012.4302  0.2605 
   00030    0.4987 -146287.8155  0.2562 
   00031    0.4956 -146164.2490  0.2592 
   00032    0.4971 -146364.9645  0.2584 
   00033    0.4960 -146461.8605  0.2571 
   00034    0.4915 -146447.6262  0.2548 
   00035    0.4991 -146290.0373  0.2556 
   00036    0.4989 -146958.1475  0.2577 
   00037    0.4980 -147093.9063  0.2575 
   00038    0.4952 -146919.3250  0.2547 
   00039    0.4937 -146794.0486  0.2548 
   00040    0.4977 -147162.9238  0.2527 
   00041    0.4950 -147278.6109  0.2507 
   00042    0.4908 -147019.0553  0.2524 
   00043    0.4931 -147104.5588  0.2543 
   00044    0.4918 -146788.6725  0.2555 
   00045    0.4940 -147015.0681  0.2580 
   00046    0.4977 -146821.6005  0.2584 
   00047    0.4946 -146936.0628  0.2553 
   00048    0.4945 -146863.2004  0.2560 
   00049    0.4950 -147093.8203  0.2584 
   00050    0.4937 -146438.6427  0.2575 
