#=====================================================
# File created:        Tue-12-Mar-2024-at-06-40-54PM
# Size of lattice:     250x250
# Number of MC steps:  50
# Reduced temperature: 1.000
# Run time (s):        8.920124
#=====================================================
# MC step:  Ratio:     Energy:   Order:
#=====================================================
   00000    0.5000  -62281.1892  0.2509 
   00001    0.6950  -94697.0015  0.2512 
   00002    0.6254 -109591.6828  0.2522 
   00003    0.5911 -118474.0638  0.2532 
   00004    0.5640 -124373.5906  0.2537 
   00005    0.5519 -128500.8992  0.2527 
   00006    0.5413 -132143.6297  0.2525 
   00007    0.5354 -134802.6992  0.2533 
   00008    0.5265 -136987.0253  0.2528 
   00009    0.5171 -138511.7854  0.2527 
   00010    0.5176 -139860.9857  0.2512 
   00011    0.5123 -140941.8967  0.2505 
   00012    0.5109 -141840.2667  0.2514 
   00013    0.5103 -142155.4047  0.2516 
   00014    0.5049 -142684.7663  0.2514 
   00015    0.5087 -142810.3110  0.2516 
   00016    0.5090 -143241.2860  0.2511 
   00017    0.5067 -143430.2656  0.2516 
   00018    0.5053 -144083.5787  0.2516 
   00019    0.5062 -143963.4019  0.2518 
   00020    0.5012 -144346.6862  0.2527 
   00021    0.5020 -144845.5816  0.2528 
   00022    0.5039 -144807.7102  0.2527 
   00023    0.5030 -144869.1705  0.2521 
   00024    0.4985 -145403.8848  0.2527 
   00025    0.4959 -146159.2072  0.2526 
   00026    0.4989 -146013.5402  0.2516 
   00027    0.4987 -146242.7870  0.2517 
   00028    0.4947 -146533.6084  0.2522 
   00029    0.5004 -146648.9704  0.2514 
   00030    0.4972 -147106.2947  0.2517 
   00031    0.4949 -147147.5753  0.2520 
   00032    0.4916 -147367.1432  0.2528 
   00033    0.4960 -147201.4680  0.2534 
   00034    0.4941 -147561.4920  0.2540 
   00035    0.4982 -147257.3929  0.2533 
   00036    0.4954 -147215.6189  0.2544 
   00037    0.4934 -147064.1071  0.2545 
   00038    0.4951 -147063.4732  0.2548 
   00039    0.4922 -146753.4365  0.2557 
   00040    0.4946 -147033.1279  0.2556 
   00041    0.4933 -147663.0541  0.2553 
   00042    0.4949 -147219.3560  0.2557 
   00043    0.4945 -147216.1684  0.2556 
   00044    0.4945 -147353.1684  0.2553 
   00045    0.4957 -146959.1428  0.2554 
   00046    0.4925 -147273.7526  0.2548 
   00047    0.4972 -147469.1699  0.2545 
   00048    0.4939 -147919.8838  0.2541 
   00049    0.4906 -148008.7629  0.2545 
   00050    0.4943 -147944.2686  0.2537 
