#=====================================================
# File created:        Tue-12-Mar-2024-at-06-48-52PM
# Size of lattice:     50x50
# Number of MC steps:  200
# Reduced temperature: 1.000
# Run time (s):        2.165408
#=====================================================
# MC step:  Ratio:     Energy:   Order:
#=====================================================
   00000    0.5000   -2560.0897  0.2621 
   00001    0.6900   -3862.5492  0.2690 
   00002    0.6160   -4502.5570  0.2828 
   00003    0.5956   -4820.9291  0.2718 
   00004    0.5624   -5060.2044  0.2836 
   00005    0.5556   -5321.3013  0.2798 
   00006    0.5444   -5415.5427  0.2808 
   00007    0.5156   -5461.7332  0.2725 
   00008    0.5124   -5558.7643  0.2595 
   00009    0.5048   -5677.8939  0.2665 
   00010    0.5240   -5693.1449  0.2563 
   00011    0.5084   -5676.3652  0.2626 
   00012    0.4996   -5685.6144  0.2706 
   00013    0.5008   -5707.3282  0.2664 
   00014    0.5024   -5704.6135  0.2664 
   00015    0.5156   -5664.6248  0.2565 
   00016    0.5080   -5750.7975  0.2687 
   00017    0.5108   -5749.7909  0.2581 
   00018    0.5060   -5784.3277  0.2649 
   00019    0.5128   -5806.5276  0.2787 
   00020    0.4840   -5757.4608  0.2870 
   00021    0.5000   -5781.2319  0.2877 
   00022    0.5088   -5694.5337  0.2911 
   00023    0.4888   -5736.1233  0.2802 
   00024    0.5076   -5671.1200  0.2793 
   00025    0.5204   -5693.3316  0.2770 
   00026    0.5156   -5738.6588  0.2698 
   00027    0.5008   -5792.1426  0.2688 
   00028    0.4936   -5737.1047  0.2692 
   00029    0.5112   -5778.4508  0.2643 
   00030    0.4980   -5796.6238  0.2695 
   00031    0.4940   -5851.1353  0.2706 
   00032    0.5052   -5911.8381  0.2762 
   00033    0.5208   -5898.4841  0.2848 
   00034    0.5064   -5880.0564  0.2908 
   00035    0.4932   -5957.3904  0.2933 
   00036    0.5012   -5937.6595  0.2864 
   00037    0.4912   -5972.8608  0.2881 
   00038    0.4768   -5983.1088  0.2805 
   00039    0.4960   -5925.7484  0.2888 
   00040    0.4816   -5918.7339  0.2712 
   00041    0.4808   -5888.3654  0.2733 
   00042    0.5112   -5939.0166  0.2852 
   00043    0.4812   -5968.1760  0.2848 
   00044    0.4932   -5924.5554  0.2905 
   00045    0.5016   -5903.2644  0.3034 
   00046    0.5176   -5873.5257  0.3052 
   00047    0.4892   -5758.4441  0.3074 
   00048    0.4900   -5828.5489  0.3085 
   00049    0.4784   -5877.9152  0.3075 
   00050    0.5000   -5937.0887  0.3151 
   00051    0.4948   -5963.3144  0.3270 
   00052    0.5032   -5926.4537  0.3340 
   00053    0.4956   -5956.6012  0.3233 
   00054    0.4956   -5987.0583  0.3312 
   00055    0.4992   -6084.3490  0.3331 
   00056    0.4808   -6100.0570  0.3361 
   00057    0.4708   -6052.4001  0.3500 
   00058    0.5028   -6046.5728  0.3457 
   00059    0.4612   -6100.0900  0.3513 
   00060    0.4844   -6135.5967  0.3679 
   00061    0.4744   -6071.0576  0.3561 
   00062    0.4904   -6070.7645  0.3468 
   00063    0.4864   -5979.3000  0.3346 
   00064    0.5012   -5936.2161  0.3426 
   00065    0.5208   -5941.6462  0.3476 
   00066    0.4724   -5924.3736  0.3465 
   00067    0.4844   -5939.5874  0.3529 
   00068    0.5032   -5889.4830  0.3420 
   00069    0.5000   -5978.7050  0.3444 
   00070    0.5036   -5939.1461  0.3474 
   00071    0.4976   -5851.4829  0.3452 
   00072    0.5012   -5890.5255  0.3414 
   00073    0.5060   -5851.1586  0.3290 
   00074    0.4872   -5870.7914  0.3328 
   00075    0.4984   -5906.1950  0.3238 
   00076    0.5060   -5903.0314  0.3159 
   00077    0.5008   -5905.1422  0.3250 
   00078    0.4856   -5961.1102  0.3340 
   00079    0.4828   -5941.9880  0.3435 
   00080    0.4940   -6061.7804  0.3494 
   00081    0.4792   -6009.8782  0.3448 
   00082    0.4804   -5958.1831  0.3564 
   00083    0.4924   -5957.1222  0.3409 
   00084    0.4720   -5922.9334  0.3428 
   00085    0.4740   -5918.4410  0.3463 
   00086    0.4772   -5972.9809  0.3560 
   00087    0.4792   -6001.0111  0.3472 
   00088    0.4988   -5993.2956  0.3432 
   00089    0.4972   -5928.6738  0.3334 
   00090    0.4980   -5929.7048  0.3362 
   00091    0.4684   -5906.4212  0.3311 
   00092    0.5088   -5885.2352  0.3330 
   00093    0.4764   -5931.0893  0.3419 
   00094    0.5028   -5848.6457  0.3475 
   00095    0.4884   -5907.4693  0.3440 
   00096    0.4748   -5840.2854  0.3414 
   00097    0.4976   -5835.8982  0.3474 
   00098    0.4892   -5872.4510  0.3472 
   00099    0.4868   -5862.3921  0.3605 
   00100    0.5240   -5823.6701  0.3538 
   00101    0.5024   -5885.4372  0.3534 
   00102    0.5048   -5844.6325  0.3468 
   00103    0.5148   -5732.0304  0.3330 
   00104    0.5116   -5760.8873  0.3277 
   00105    0.4976   -5799.3605  0.3445 
   00106    0.5076   -5888.8326  0.3422 
   00107    0.4904   -5936.8389  0.3622 
   00108    0.4984   -5955.1135  0.3617 
   00109    0.4964   -6031.6350  0.3413 
   00110    0.4984   -6005.0113  0.3363 
   00111    0.4852   -5921.2449  0.3357 
   00112    0.4772   -5895.8328  0.3392 
   00113    0.4776   -5929.1377  0.3258 
   00114    0.4820   -5934.5843  0.3208 
   00115    0.4808   -5940.3863  0.3227 
   00116    0.4908   -6019.3210  0.3208 
   00117    0.4912   -6074.6852  0.3064 
   00118    0.4748   -6088.5207  0.3040 
   00119    0.4844   -6105.3894  0.2978 
   00120    0.4852   -5938.6017  0.2929 
   00121    0.4980   -5949.8721  0.3003 
   00122    0.5012   -5872.3631  0.2974 
   00123    0.4796   -5779.8566  0.3011 
   00124    0.5088   -5784.4298  0.2877 
   00125    0.4936   -5844.7264  0.2795 
   00126    0.5056   -5847.4321  0.2768 
   00127    0.4920   -5880.0084  0.2665 
   00128    0.4780   -5990.5486  0.2693 
   00129    0.4884   -5940.2478  0.2719 
   00130    0.4848   -6023.5634  0.2736 
   00131    0.4716   -5909.1803  0.2733 
   00132    0.4852   -6004.4228  0.2775 
   00133    0.4868   -6048.5500  0.2767 
   00134    0.4692   -6067.6675  0.2777 
   00135    0.4912   -6140.5154  0.2869 
   00136    0.4864   -6087.2408  0.2918 
   00137    0.4704   -6053.9828  0.2938 
   00138    0.4880   -6036.3103  0.3055 
   00139    0.4868   -5963.7872  0.3139 
   00140    0.4876   -5899.0025  0.3151 
   00141    0.4828   -5924.4717  0.3252 
   00142    0.4988   -5857.0582  0.3303 
   00143    0.4932   -5912.9700  0.3175 
   00144    0.4796   -5900.6916  0.3118 
   00145    0.4808   -5926.1054  0.3148 
   00146    0.4892   -5949.1860  0.3174 
   00147    0.4940   -6024.7214  0.3308 
   00148    0.4948   -6002.0211  0.3200 
   00149    0.5000   -5922.2606  0.3048 
   00150    0.4944   -6005.8589  0.3022 
   00151    0.4984   -5981.4996  0.3221 
   00152    0.4820   -6027.3445  0.3218 
   00153    0.4660   -6013.2155  0.3165 
   00154    0.4900   -5977.7581  0.3213 
   00155    0.4820   -5938.9754  0.3239 
   00156    0.4848   -5873.7686  0.3212 
   00157    0.5084   -5918.9043  0.3222 
   00158    0.4748   -5835.5877  0.3322 
   00159    0.5092   -5767.7692  0.3337 
   00160    0.4892   -5910.5893  0.3485 
   00161    0.4720   -5911.1038  0.3523 
   00162    0.4872   -5977.5704  0.3566 
   00163    0.4936   -5971.7833  0.3532 
   00164    0.4936   -5897.3989  0.3405 
   00165    0.5064   -5936.8884  0.3473 
   00166    0.4996   -5878.8817  0.3424 
   00167    0.4752   -6054.7905  0.3469 
   00168    0.4896   -6029.6670  0.3532 
   00169    0.4856   -5991.3660  0.3656 
   00170    0.4808   -5892.2436  0.3692 
   00171    0.4828   -5863.6413  0.3688 
   00172    0.4928   -5856.5820  0.3581 
   00173    0.4988   -5889.6618  0.3607 
   00174    0.4848   -5756.5585  0.3595 
   00175    0.5016   -5871.3639  0.3574 
   00176    0.5044   -5985.8525  0.3560 
   00177    0.5008   -5858.9560  0.3582 
   00178    0.4840   -5941.2824  0.3514 
   00179    0.4932   -5870.4013  0.3611 
   00180    0.4944   -5878.7223  0.3680 
   00181    0.5108   -5886.8525  0.3668 
   00182    0.4972   -5859.8190  0.3690 
   00183    0.4900   -5852.3640  0.3636 
   00184    0.4996   -5795.7071  0.3588 
   00185    0.4964   -5890.8174  0.3664 
   00186    0.4908   -5818.8533  0.3561 
   00187    0.4924   -5891.6424  0.3481 
   00188    0.5012   -5920.7891  0.3564 
   00189    0.4852   -5957.4903  0.3585 
   00190    0.4852   -5957.2069  0.3439 
   00191    0.4944   -5905.5069  0.3360 
   00192    0.5000   -5948.7249  0.3253 
   00193    0.4912   -5925.6183  0.3165 
   00194    0.4804   -5860.5609  0.3160 
   00195    0.5112   -5803.9586  0.3128 
   00196    0.4916   -5876.9185  0.3209 
   00197    0.4816   -5932.4187  0.3237 
   00198    0.4828   -5962.4248  0.3354 
   00199    0.4648   -5991.7855  0.3214 
   00200    0.4832   -6004.9910  0.3305 
