#=====================================================
# File created:        Tue-12-Mar-2024-at-11-13-25AM
# Size of lattice:     50x50
# Number of MC steps:  400
# Reduced temperature: 1.000
# Run time (s):        32.935975
#=====================================================
# MC step:  Ratio:     Energy:   Order:
#=====================================================
   00000    0.5000   -2568.9830  0.2701 
   00001    0.7084   -3830.1822  0.2935 
   00002    0.6232   -4287.9263  0.3125 
   00003    0.5952   -4652.4804  0.3104 
   00004    0.5860   -4907.5243  0.3133 
   00005    0.5472   -5067.0624  0.3229 
   00006    0.5500   -5179.9711  0.3167 
   00007    0.5456   -5252.9857  0.3133 
   00008    0.5284   -5380.4710  0.3311 
   00009    0.5348   -5363.1790  0.3186 
   00010    0.5196   -5461.5793  0.3173 
   00011    0.5260   -5408.8534  0.3089 
   00012    0.5240   -5372.3280  0.3079 
   00013    0.5364   -5463.5978  0.2895 
   00014    0.5184   -5555.8228  0.2822 
   00015    0.5052   -5628.2481  0.2823 
   00016    0.5140   -5728.7018  0.2891 
   00017    0.5132   -5722.7533  0.2940 
   00018    0.5052   -5716.9377  0.3039 
   00019    0.5200   -5713.8476  0.2909 
   00020    0.4936   -5767.4346  0.2875 
   00021    0.5252   -5866.6778  0.2946 
   00022    0.4928   -5838.2807  0.3123 
   00023    0.4848   -5883.4430  0.3319 
   00024    0.5040   -5915.8532  0.3263 
   00025    0.4920   -5931.3701  0.3208 
   00026    0.4996   -5905.3235  0.3160 
   00027    0.5024   -5861.0843  0.3126 
   00028    0.4884   -5835.0127  0.2900 
   00029    0.4784   -5819.3086  0.2802 
   00030    0.4964   -5927.8647  0.2842 
   00031    0.4824   -5844.9264  0.2881 
   00032    0.4996   -5894.8408  0.2868 
   00033    0.4948   -5861.7386  0.2896 
   00034    0.4884   -5854.2948  0.2861 
   00035    0.4872   -5901.1398  0.2923 
   00036    0.4896   -5915.7432  0.2857 
   00037    0.4728   -6019.9460  0.2909 
   00038    0.5040   -5997.6652  0.2904 
   00039    0.4780   -5987.1559  0.2945 
   00040    0.4812   -5964.4397  0.2958 
   00041    0.4888   -5872.0973  0.2987 
   00042    0.4912   -5874.0997  0.2860 
   00043    0.4896   -5936.1135  0.2889 
   00044    0.5088   -5902.7233  0.2854 
   00045    0.4868   -6005.0280  0.2613 
   00046    0.4776   -5963.2644  0.2569 
   00047    0.4768   -6143.5041  0.2606 
   00048    0.4860   -6138.9211  0.2584 
   00049    0.4660   -6022.7137  0.2689 
   00050    0.4888   -6053.2131  0.2855 
   00051    0.4908   -5933.6679  0.2805 
   00052    0.4864   -5915.8680  0.2835 
   00053    0.5228   -5835.0573  0.2721 
   00054    0.5036   -5754.4936  0.2649 
   00055    0.5060   -5786.5387  0.2636 
   00056    0.5008   -5783.5462  0.2647 
   00057    0.4892   -5865.5688  0.2704 
   00058    0.4852   -5837.7789  0.2708 
   00059    0.4836   -5902.5690  0.2801 
   00060    0.5008   -5833.1318  0.2916 
   00061    0.5024   -5908.7180  0.2992 
   00062    0.4900   -5896.0137  0.3035 
   00063    0.4848   -5913.8645  0.3086 
   00064    0.4864   -6008.2625  0.3104 
   00065    0.4832   -5976.2975  0.3056 
   00066    0.4864   -5877.7400  0.2943 
   00067    0.4796   -5932.8043  0.2902 
   00068    0.4888   -6040.0605  0.2807 
   00069    0.4756   -6052.3867  0.2823 
   00070    0.4852   -6123.5326  0.2945 
   00071    0.4732   -6092.2739  0.2943 
   00072    0.4672   -6079.6102  0.2961 
   00073    0.4724   -6078.2982  0.2976 
   00074    0.4772   -6074.2265  0.2831 
   00075    0.4716   -6029.7402  0.2759 
   00076    0.4936   -6059.6567  0.2793 
   00077    0.4748   -6024.1836  0.2931 
   00078    0.4628   -6031.6950  0.2892 
   00079    0.4936   -5949.4528  0.2823 
   00080    0.4692   -5977.5123  0.3032 
   00081    0.5040   -6020.3318  0.2942 
   00082    0.5024   -6031.0978  0.2833 
   00083    0.4932   -6003.0879  0.2875 
   00084    0.4812   -5935.3142  0.2788 
   00085    0.4948   -5941.9040  0.2829 
   00086    0.4960   -6010.6327  0.2768 
   00087    0.4872   -6024.4386  0.2740 
   00088    0.4768   -5929.9055  0.2533 
   00089    0.4960   -5908.8632  0.2602 
   00090    0.4840   -5831.9254  0.2661 
   00091    0.4964   -5860.8778  0.2642 
   00092    0.4740   -5927.1884  0.2661 
   00093    0.4824   -5974.8806  0.2681 
   00094    0.4668   -5866.3230  0.2625 
   00095    0.4972   -5860.8822  0.2568 
   00096    0.5052   -5890.3985  0.2587 
   00097    0.4828   -5927.7728  0.2533 
   00098    0.5028   -5937.7142  0.2598 
   00099    0.4836   -5971.0170  0.2530 
   00100    0.4952   -5899.8730  0.2587 
   00101    0.4888   -5945.1629  0.2646 
   00102    0.5000   -6039.9818  0.2581 
   00103    0.4940   -5929.0921  0.2737 
   00104    0.4852   -5907.8126  0.2708 
   00105    0.4892   -5928.2310  0.2754 
   00106    0.4968   -5934.6750  0.2648 
   00107    0.4828   -5958.0230  0.2822 
   00108    0.4992   -5853.4051  0.2763 
   00109    0.4824   -6011.7935  0.2821 
   00110    0.4900   -5967.8078  0.2833 
   00111    0.4784   -5995.9242  0.2849 
   00112    0.4852   -6007.7976  0.2798 
   00113    0.4676   -6046.8687  0.2833 
   00114    0.4788   -6017.4051  0.2911 
   00115    0.4812   -6064.1407  0.3068 
   00116    0.4848   -6089.1290  0.2930 
   00117    0.4640   -6116.6502  0.2815 
   00118    0.4884   -6045.3460  0.2755 
   00119    0.4868   -6050.6577  0.2644 
   00120    0.5084   -5976.0187  0.2646 
   00121    0.4888   -5941.8051  0.2600 
   00122    0.4940   -6002.7100  0.2660 
   00123    0.4976   -5910.4503  0.2762 
   00124    0.4940   -5927.7126  0.2756 
   00125    0.5008   -6004.5734  0.2692 
   00126    0.4784   -5965.4643  0.2697 
   00127    0.4824   -5957.9610  0.2714 
   00128    0.4848   -5888.1790  0.2550 
   00129    0.5008   -5896.6547  0.2592 
   00130    0.5040   -5855.7669  0.2662 
   00131    0.4984   -5867.3637  0.2740 
   00132    0.4776   -5876.6769  0.2704 
   00133    0.5124   -5848.9842  0.2690 
   00134    0.4928   -5857.6399  0.2707 
   00135    0.4952   -5873.3013  0.2790 
   00136    0.4884   -5827.2115  0.2780 
   00137    0.4848   -5848.3477  0.2686 
   00138    0.5024   -5805.7292  0.2701 
   00139    0.5088   -5836.8285  0.2858 
   00140    0.5124   -5887.5424  0.2769 
   00141    0.4904   -5808.8979  0.2761 
   00142    0.4976   -5868.8717  0.2695 
   00143    0.5136   -5845.2721  0.2630 
   00144    0.4788   -5828.5601  0.2594 
   00145    0.4752   -5904.4297  0.2544 
   00146    0.4860   -5950.9325  0.2603 
   00147    0.4960   -5818.2364  0.2614 
   00148    0.5072   -5782.5456  0.2654 
   00149    0.5000   -5838.7669  0.2746 
   00150    0.4828   -5897.5549  0.2572 
   00151    0.5040   -5894.2150  0.2643 
   00152    0.4892   -5819.0832  0.2658 
   00153    0.4932   -5774.7725  0.2681 
   00154    0.4908   -5843.4850  0.2749 
   00155    0.5068   -5829.0248  0.2867 
   00156    0.4676   -5938.1757  0.2965 
   00157    0.4736   -6012.4339  0.2907 
   00158    0.4780   -6029.8247  0.2986 
   00159    0.4860   -6101.3586  0.3029 
   00160    0.5028   -6046.2125  0.2947 
   00161    0.4812   -6064.9828  0.3003 
   00162    0.4704   -6107.3438  0.3025 
   00163    0.4992   -5950.2778  0.3039 
   00164    0.4904   -5975.4536  0.2883 
   00165    0.4836   -6079.5267  0.2882 
   00166    0.4880   -6047.3139  0.3038 
   00167    0.5048   -5972.2785  0.3041 
   00168    0.4732   -5908.0623  0.3058 
   00169    0.5024   -5819.9878  0.3037 
   00170    0.5152   -5847.2683  0.2972 
   00171    0.5092   -5813.0188  0.2932 
   00172    0.4884   -5793.3483  0.2988 
   00173    0.5004   -5891.3391  0.2950 
   00174    0.5060   -5871.4382  0.2931 
   00175    0.4744   -5855.6830  0.2857 
   00176    0.4960   -5828.7188  0.2862 
   00177    0.4944   -5715.2204  0.2835 
   00178    0.4972   -5739.9861  0.2920 
   00179    0.4968   -5845.7750  0.2908 
   00180    0.4868   -5861.2692  0.2855 
   00181    0.4996   -5809.6423  0.2873 
   00182    0.4836   -5830.1851  0.2982 
   00183    0.4980   -5843.7134  0.3056 
   00184    0.5068   -5807.2249  0.2941 
   00185    0.4884   -5918.9161  0.3131 
   00186    0.4876   -5916.8887  0.3305 
   00187    0.4864   -5885.3390  0.3473 
   00188    0.4908   -5859.4388  0.3661 
   00189    0.5020   -5832.3623  0.3782 
   00190    0.4932   -5916.3520  0.3905 
   00191    0.4752   -6008.7664  0.3896 
   00192    0.4992   -5986.7778  0.3866 
   00193    0.4948   -5917.4178  0.3882 
   00194    0.4948   -5820.0906  0.3843 
   00195    0.4868   -5766.7921  0.3797 
   00196    0.5028   -5769.2309  0.3645 
   00197    0.4888   -5889.4171  0.3689 
   00198    0.4892   -5835.3189  0.3478 
   00199    0.4984   -5906.2651  0.3498 
   00200    0.4904   -5988.7347  0.3561 
   00201    0.4960   -5969.7339  0.3553 
   00202    0.4864   -6021.9485  0.3564 
   00203    0.4676   -5847.3024  0.3585 
   00204    0.4840   -5829.2557  0.3580 
   00205    0.5000   -5879.3190  0.3446 
   00206    0.5004   -5899.7794  0.3279 
   00207    0.4800   -5921.0369  0.3433 
   00208    0.4928   -5928.6676  0.3342 
   00209    0.4824   -5900.0680  0.3371 
   00210    0.4836   -5935.6441  0.3377 
   00211    0.4980   -5881.9133  0.3373 
   00212    0.4836   -5953.7501  0.3357 
   00213    0.5004   -5953.1928  0.3215 
   00214    0.4880   -5913.2253  0.3150 
   00215    0.5088   -5774.3695  0.3097 
   00216    0.4948   -5772.2735  0.3148 
   00217    0.5004   -5800.1536  0.3264 
   00218    0.5040   -5761.4213  0.3315 
   00219    0.5148   -5783.5931  0.3322 
   00220    0.5088   -5779.2419  0.3207 
   00221    0.4896   -5746.1110  0.3179 
   00222    0.5316   -5727.1372  0.3154 
   00223    0.5144   -5867.6162  0.3142 
   00224    0.5100   -5795.7723  0.3093 
   00225    0.5160   -5806.5685  0.3086 
   00226    0.4812   -5865.7414  0.3120 
   00227    0.4752   -6052.1815  0.3201 
   00228    0.4996   -5883.6369  0.3235 
   00229    0.4864   -6118.5466  0.3090 
   00230    0.4796   -6014.2782  0.3064 
   00231    0.4864   -6011.1232  0.2954 
   00232    0.5000   -5978.2047  0.2895 
   00233    0.4856   -5901.0087  0.2750 
   00234    0.4988   -5961.6205  0.2706 
   00235    0.5028   -5933.8759  0.2808 
   00236    0.5060   -5875.8089  0.2799 
   00237    0.4996   -5989.7390  0.2739 
   00238    0.4840   -5905.8080  0.2789 
   00239    0.4900   -5937.8875  0.2686 
   00240    0.4828   -5900.3840  0.2704 
   00241    0.4772   -5916.3854  0.2684 
   00242    0.5048   -5968.6219  0.2706 
   00243    0.4976   -5905.6430  0.2695 
   00244    0.4968   -5841.5150  0.2607 
   00245    0.4848   -5842.3780  0.2605 
   00246    0.5036   -5865.1175  0.2692 
   00247    0.4888   -5949.2244  0.2665 
   00248    0.5092   -5895.4293  0.2604 
   00249    0.5120   -5888.4304  0.2641 
   00250    0.5084   -5766.5494  0.2749 
   00251    0.5052   -5737.4618  0.2593 
   00252    0.5268   -5724.2761  0.2609 
   00253    0.5000   -5775.8274  0.2648 
   00254    0.4920   -5730.6771  0.2724 
   00255    0.4992   -5731.1581  0.2698 
   00256    0.4908   -5813.3653  0.2807 
   00257    0.4792   -5825.8844  0.2742 
   00258    0.4896   -5753.4982  0.2719 
   00259    0.5088   -5790.3630  0.2728 
   00260    0.4900   -5811.2469  0.2755 
   00261    0.4736   -5871.7189  0.2791 
   00262    0.5052   -5913.3995  0.2702 
   00263    0.4760   -5880.7902  0.2626 
   00264    0.5040   -5834.4480  0.2745 
   00265    0.5000   -5888.9299  0.2854 
   00266    0.4948   -5949.3745  0.2837 
   00267    0.4860   -5965.0353  0.2830 
   00268    0.4872   -5931.5823  0.2814 
   00269    0.4972   -5853.2549  0.2778 
   00270    0.4924   -5903.8564  0.2671 
   00271    0.4976   -5947.8729  0.2863 
   00272    0.4700   -5924.7119  0.2890 
   00273    0.4908   -5907.6716  0.2828 
   00274    0.4840   -5948.3515  0.2854 
   00275    0.4928   -6032.7018  0.2987 
   00276    0.4896   -5988.7540  0.2905 
   00277    0.4684   -6040.5582  0.2903 
   00278    0.4868   -5984.9729  0.2794 
   00279    0.4992   -5880.0171  0.2736 
   00280    0.4896   -5878.9056  0.2738 
   00281    0.4864   -5817.7705  0.2679 
   00282    0.4876   -5830.8265  0.2671 
   00283    0.4808   -5911.9207  0.2704 
   00284    0.5024   -6061.8338  0.2668 
   00285    0.4824   -6004.7535  0.2752 
   00286    0.5000   -6025.6534  0.2679 
   00287    0.4900   -6008.7584  0.2662 
   00288    0.4868   -5873.9271  0.2661 
   00289    0.4948   -5986.1508  0.2644 
   00290    0.4720   -5963.3869  0.2662 
   00291    0.4764   -5908.6876  0.2659 
   00292    0.5076   -5980.8255  0.2665 
   00293    0.4764   -6058.6504  0.2643 
   00294    0.4752   -6012.3374  0.2721 
   00295    0.4848   -5995.3868  0.2703 
   00296    0.4784   -6032.8576  0.2754 
   00297    0.4756   -6011.0658  0.2762 
   00298    0.4852   -5884.2339  0.2817 
   00299    0.4868   -5859.7089  0.2930 
   00300    0.4948   -5814.4050  0.2942 
   00301    0.5024   -5823.5286  0.2982 
   00302    0.4952   -5784.9209  0.3031 
   00303    0.5052   -5720.5697  0.3036 
   00304    0.5008   -5824.3907  0.3101 
   00305    0.4992   -5907.8599  0.3243 
   00306    0.4884   -5969.5163  0.3210 
   00307    0.4888   -6028.3596  0.3270 
   00308    0.4884   -6076.4340  0.3406 
   00309    0.5004   -5928.2040  0.3326 
   00310    0.4920   -6012.2538  0.3363 
   00311    0.4796   -5944.1141  0.3353 
   00312    0.4984   -5980.3898  0.3345 
   00313    0.4980   -5929.7734  0.3374 
   00314    0.4880   -5909.9898  0.3385 
   00315    0.5008   -5942.5610  0.3274 
   00316    0.4844   -5975.7865  0.3397 
   00317    0.4864   -5966.2308  0.3439 
   00318    0.4820   -5978.3195  0.3558 
   00319    0.4704   -5953.8800  0.3552 
   00320    0.4816   -5997.4559  0.3522 
   00321    0.5040   -5959.5124  0.3394 
   00322    0.4792   -5998.4680  0.3361 
   00323    0.4792   -6012.0096  0.3090 
   00324    0.4884   -5983.1364  0.3102 
   00325    0.4948   -5958.6585  0.3109 
   00326    0.4880   -5954.5860  0.3223 
   00327    0.4836   -6024.8725  0.3224 
   00328    0.4924   -5965.2212  0.3252 
   00329    0.4792   -6006.3784  0.3369 
   00330    0.4904   -5981.6007  0.3370 
   00331    0.4884   -5998.3280  0.3349 
   00332    0.4864   -5980.5607  0.3236 
   00333    0.5060   -5851.2503  0.3331 
   00334    0.4840   -5839.9586  0.3411 
   00335    0.4836   -5924.9023  0.3517 
   00336    0.4856   -5906.2396  0.3512 
   00337    0.5064   -5888.0987  0.3559 
   00338    0.5004   -5901.7469  0.3623 
   00339    0.4808   -5784.1288  0.3512 
   00340    0.5124   -5840.7656  0.3656 
   00341    0.4896   -5951.3471  0.3775 
   00342    0.4992   -5885.6117  0.3674 
   00343    0.4968   -5958.9108  0.3654 
   00344    0.4916   -5929.7851  0.3562 
   00345    0.4896   -5912.8820  0.3532 
   00346    0.4648   -5939.3997  0.3538 
   00347    0.4804   -5790.9848  0.3513 
   00348    0.5144   -5894.6143  0.3434 
   00349    0.4952   -5873.0658  0.3315 
   00350    0.5080   -5791.9480  0.3223 
   00351    0.5044   -5858.8013  0.3199 
   00352    0.4900   -5921.2141  0.3259 
   00353    0.4988   -5867.4799  0.3342 
   00354    0.4812   -5851.8068  0.3396 
   00355    0.4780   -5883.4011  0.3549 
   00356    0.4844   -5857.7505  0.3581 
   00357    0.5052   -5816.9530  0.3637 
   00358    0.4952   -5843.4302  0.3579 
   00359    0.4968   -5803.0044  0.3676 
   00360    0.4960   -5843.3220  0.3608 
   00361    0.5016   -5786.3489  0.3680 
   00362    0.4984   -5892.2419  0.3810 
   00363    0.5004   -5896.5928  0.3834 
   00364    0.4952   -5980.2458  0.3792 
   00365    0.4872   -6026.1557  0.3790 
   00366    0.4944   -5975.9673  0.3848 
   00367    0.4968   -6009.8313  0.3922 
   00368    0.4876   -6020.2054  0.3812 
   00369    0.4796   -5999.6136  0.3759 
   00370    0.4952   -6006.2890  0.3754 
   00371    0.4896   -5952.7467  0.3639 
   00372    0.4784   -5910.5185  0.3635 
   00373    0.4600   -5952.7215  0.3616 
   00374    0.4908   -5989.7954  0.3594 
   00375    0.4776   -5908.3212  0.3584 
   00376    0.4880   -5855.0597  0.3560 
   00377    0.5024   -5859.2118  0.3465 
   00378    0.5072   -5917.1729  0.3559 
   00379    0.4908   -5852.6685  0.3418 
   00380    0.4964   -6009.9606  0.3390 
   00381    0.4892   -6022.4473  0.3439 
   00382    0.4908   -5989.4691  0.3454 
   00383    0.4800   -5994.0946  0.3629 
   00384    0.4968   -6017.0695  0.3582 
   00385    0.4648   -6017.5424  0.3607 
   00386    0.4848   -6066.9156  0.3612 
   00387    0.4784   -6031.4085  0.3773 
   00388    0.4852   -5929.5396  0.3667 
   00389    0.5020   -5927.2568  0.3506 
   00390    0.5120   -5980.1468  0.3553 
   00391    0.5028   -5907.7966  0.3499 
   00392    0.5044   -5859.9365  0.3464 
   00393    0.5040   -5886.0754  0.3495 
   00394    0.5076   -5897.2013  0.3548 
   00395    0.4984   -5825.3593  0.3722 
   00396    0.4972   -5826.8272  0.3718 
   00397    0.5152   -5744.0360  0.3722 
   00398    0.4956   -5804.4168  0.3778 
   00399    0.5128   -5864.3275  0.3850 
   00400    0.5000   -5792.9346  0.3764 
