#=====================================================
# File created:        Tue-12-Mar-2024-at-10-54-21AM
# Size of lattice:     50x50
# Number of MC steps:  1000
# Reduced temperature: 1.000
# Run time (s):        25.780447
#=====================================================
# MC step:  Ratio:     Energy:   Order:
#=====================================================
   00000    0.5000   -2397.9691  0.2550 
   00001    0.6944   -3868.1089  0.2637 
   00002    0.6312   -4488.7892  0.2565 
   00003    0.5848   -4893.8355  0.2728 
   00004    0.5576   -5196.2556  0.2946 
   00005    0.5380   -5423.3897  0.2972 
   00006    0.5356   -5489.2485  0.3041 
   00007    0.5004   -5588.6204  0.3028 
   00008    0.5044   -5731.2748  0.3125 
   00009    0.4912   -5795.3804  0.3264 
   00010    0.4748   -5745.3477  0.3170 
   00011    0.5020   -5797.7221  0.3200 
   00012    0.5092   -5762.1352  0.3213 
   00013    0.5088   -5784.4345  0.3106 
   00014    0.5136   -5766.9665  0.3210 
   00015    0.5024   -5838.0291  0.3221 
   00016    0.4940   -5759.1501  0.3262 
   00017    0.5000   -5693.2705  0.3192 
   00018    0.5024   -5809.3553  0.3240 
   00019    0.4892   -5861.4691  0.3203 
   00020    0.4892   -5965.3073  0.3254 
   00021    0.4844   -5957.3231  0.3247 
   00022    0.4896   -6005.2932  0.3299 
   00023    0.4796   -5990.7810  0.3259 
   00024    0.4860   -5910.4379  0.3302 
   00025    0.4956   -6001.4887  0.3325 
   00026    0.4892   -5926.2975  0.3335 
   00027    0.4996   -5909.8558  0.3452 
   00028    0.4876   -5881.0234  0.3372 
   00029    0.5008   -5833.3044  0.3095 
   00030    0.5052   -5773.7281  0.3055 
   00031    0.4956   -5869.7016  0.2953 
   00032    0.4988   -5891.5025  0.3080 
   00033    0.4912   -5953.6131  0.3003 
   00034    0.4800   -5866.2901  0.2947 
   00035    0.4760   -5774.0118  0.2967 
   00036    0.4896   -5684.0204  0.2926 
   00037    0.5044   -5815.2939  0.2813 
   00038    0.5008   -5789.0961  0.2748 
   00039    0.5004   -5788.0110  0.2813 
   00040    0.4856   -5807.9507  0.2735 
   00041    0.5092   -5769.3957  0.2634 
   00042    0.4968   -5698.4323  0.2583 
   00043    0.5004   -5769.1058  0.2620 
   00044    0.5064   -5708.8638  0.2704 
   00045    0.5200   -5746.4815  0.2721 
   00046    0.5168   -5798.6526  0.2723 
   00047    0.5052   -5782.9089  0.2805 
   00048    0.4960   -5903.9019  0.2754 
   00049    0.4752   -5879.5297  0.2710 
   00050    0.4936   -5923.6878  0.2747 
   00051    0.5068   -5949.0197  0.3005 
   00052    0.4960   -5940.9436  0.2975 
   00053    0.4940   -5905.9921  0.2965 
   00054    0.4956   -5827.4807  0.2861 
   00055    0.5024   -6006.1630  0.2756 
   00056    0.4924   -5812.3357  0.2598 
   00057    0.5060   -5793.2336  0.2620 
   00058    0.5044   -5811.2742  0.2630 
   00059    0.5000   -5870.5022  0.2549 
   00060    0.4980   -5903.2262  0.2628 
   00061    0.4792   -5876.9565  0.2603 
   00062    0.5108   -5874.4947  0.2604 
   00063    0.4768   -5920.9975  0.2577 
   00064    0.4884   -5910.8570  0.2618 
   00065    0.5008   -5986.3947  0.2753 
   00066    0.4812   -5966.1294  0.2683 
   00067    0.4988   -5957.5584  0.2570 
   00068    0.4920   -5985.4346  0.2612 
   00069    0.4892   -6048.1964  0.2643 
   00070    0.4880   -5961.3463  0.2675 
   00071    0.4996   -5986.3674  0.2736 
   00072    0.4752   -5895.1807  0.2536 
   00073    0.4916   -5975.6651  0.2656 
   00074    0.4784   -6012.0974  0.2824 
   00075    0.4632   -6027.8362  0.2786 
   00076    0.4828   -5919.0770  0.2679 
   00077    0.5056   -5892.7597  0.2862 
   00078    0.4992   -5905.6985  0.2805 
   00079    0.4992   -5936.7849  0.2836 
   00080    0.5044   -6007.4826  0.2813 
   00081    0.4848   -6100.6387  0.2837 
   00082    0.4680   -6030.3933  0.2805 
   00083    0.5008   -5947.8020  0.2923 
   00084    0.4832   -5855.2217  0.2777 
   00085    0.4896   -5906.6583  0.2932 
   00086    0.4980   -5917.9632  0.2845 
   00087    0.4872   -5905.4190  0.2743 
   00088    0.4940   -5832.3622  0.2734 
   00089    0.5132   -5790.4612  0.2815 
   00090    0.4984   -5810.3274  0.2782 
   00091    0.4932   -5878.6160  0.2804 
   00092    0.4784   -5827.9283  0.2833 
   00093    0.4908   -5808.6346  0.2866 
   00094    0.4892   -5814.0653  0.2780 
   00095    0.4916   -5846.9530  0.2782 
   00096    0.4840   -5918.3191  0.2781 
   00097    0.4840   -5909.5269  0.2785 
   00098    0.5036   -5867.8116  0.2897 
   00099    0.5040   -5873.0173  0.2821 
   00100    0.4976   -6008.1309  0.2961 
   00101    0.4960   -6062.9934  0.2999 
   00102    0.4804   -6094.6062  0.2996 
   00103    0.4964   -5909.2480  0.2966 
   00104    0.4828   -5955.2212  0.2908 
   00105    0.4844   -5939.0460  0.2997 
   00106    0.4980   -5874.4577  0.2987 
   00107    0.4880   -5978.9744  0.2891 
   00108    0.4968   -5883.3323  0.2935 
   00109    0.5076   -5850.1467  0.2763 
   00110    0.5028   -5934.3152  0.2944 
   00111    0.5012   -5826.0602  0.3069 
   00112    0.5076   -5849.9870  0.2935 
   00113    0.4800   -5824.1555  0.3034 
   00114    0.5140   -5789.7158  0.3100 
   00115    0.5140   -5769.6043  0.3093 
   00116    0.5084   -5832.7470  0.3165 
   00117    0.4800   -5908.2930  0.3051 
   00118    0.5040   -5868.2029  0.3026 
   00119    0.4948   -5897.3069  0.2980 
   00120    0.5148   -5829.3556  0.2952 
   00121    0.5036   -5921.7666  0.2988 
   00122    0.5160   -5881.1276  0.2868 
   00123    0.5060   -5934.5344  0.2910 
   00124    0.4928   -5970.1141  0.2848 
   00125    0.4828   -5901.1678  0.2843 
   00126    0.5032   -5873.1008  0.2821 
   00127    0.5124   -5824.9947  0.2751 
   00128    0.4968   -5878.5278  0.2717 
   00129    0.5020   -5864.4141  0.2650 
   00130    0.4936   -5943.2542  0.2551 
   00131    0.4976   -5910.3744  0.2695 
   00132    0.4888   -5919.0543  0.2806 
   00133    0.5020   -5913.5191  0.2826 
   00134    0.5060   -5859.1491  0.2699 
   00135    0.5140   -5760.1232  0.2567 
   00136    0.5040   -5804.1044  0.2582 
   00137    0.4928   -5862.3110  0.2536 
   00138    0.4852   -5923.3773  0.2738 
   00139    0.5096   -5829.1931  0.2761 
   00140    0.5032   -5967.9991  0.2861 
   00141    0.4776   -5926.9876  0.2844 
   00142    0.4824   -5865.4603  0.2806 
   00143    0.4912   -5849.7987  0.2746 
   00144    0.4928   -5895.8748  0.2913 
   00145    0.5060   -5832.8517  0.2791 
   00146    0.4788   -5936.1443  0.2897 
   00147    0.4932   -5883.6766  0.2917 
   00148    0.5164   -5921.1201  0.2983 
   00149    0.4896   -5995.8637  0.3022 
   00150    0.4884   -5977.0008  0.2983 
   00151    0.4784   -5841.9021  0.2933 
   00152    0.4984   -5879.4991  0.2952 
   00153    0.4992   -5851.1548  0.2987 
   00154    0.5016   -5818.0039  0.2942 
   00155    0.5004   -5985.8171  0.2897 
   00156    0.4924   -5876.8868  0.2960 
   00157    0.4736   -5890.8290  0.2962 
   00158    0.4860   -6016.5103  0.2807 
   00159    0.4756   -6065.0961  0.2711 
   00160    0.4712   -6071.1404  0.2850 
   00161    0.4848   -5979.1392  0.2902 
   00162    0.4832   -5974.9321  0.2952 
   00163    0.4840   -5990.6469  0.3106 
   00164    0.4768   -5948.6733  0.3100 
   00165    0.4796   -5950.0504  0.3104 
   00166    0.4800   -5972.1030  0.3072 
   00167    0.4956   -5966.2838  0.3078 
   00168    0.4708   -6013.1419  0.3041 
   00169    0.4640   -5932.2073  0.3039 
   00170    0.4904   -5974.0161  0.3000 
   00171    0.4780   -5967.8667  0.3115 
   00172    0.5040   -6065.2311  0.2945 
   00173    0.4732   -6158.3522  0.2932 
   00174    0.4828   -6092.8319  0.3005 
   00175    0.4944   -6043.7832  0.3104 
   00176    0.4792   -5983.8871  0.3192 
   00177    0.4812   -6063.9710  0.3113 
   00178    0.5004   -6011.4483  0.3083 
   00179    0.4840   -5985.0988  0.3039 
   00180    0.4812   -5966.1776  0.3016 
   00181    0.4808   -5981.4929  0.3063 
   00182    0.4876   -6043.6083  0.3001 
   00183    0.4840   -5932.6127  0.3033 
   00184    0.5044   -5861.6219  0.2974 
   00185    0.4960   -5947.7701  0.2929 
   00186    0.4824   -5881.0823  0.2857 
   00187    0.4984   -5967.0251  0.2883 
   00188    0.4948   -5909.4260  0.2877 
   00189    0.5004   -5989.4098  0.2856 
   00190    0.4944   -5951.5634  0.2960 
   00191    0.4900   -5948.1934  0.2858 
   00192    0.4956   -5946.1771  0.2861 
   00193    0.5044   -5936.8408  0.2860 
   00194    0.4880   -5898.0429  0.2807 
   00195    0.5024   -5910.3718  0.2775 
   00196    0.4876   -5924.0654  0.2634 
   00197    0.4704   -6025.4632  0.2553 
   00198    0.4828   -5968.4038  0.2602 
   00199    0.4928   -5921.2265  0.2590 
   00200    0.4892   -5892.3755  0.2583 
   00201    0.4908   -5900.1937  0.2671 
   00202    0.4824   -5925.6028  0.2694 
   00203    0.4908   -5919.9663  0.2801 
   00204    0.4788   -5869.6215  0.2784 
   00205    0.5160   -5836.9365  0.2634 
   00206    0.5056   -5788.5256  0.2856 
   00207    0.4964   -5726.4202  0.2865 
   00208    0.5116   -5780.2193  0.2788 
   00209    0.5192   -5772.7693  0.2793 
   00210    0.5076   -5796.8375  0.2701 
   00211    0.4944   -5818.4165  0.2724 
   00212    0.5008   -5758.4103  0.2639 
   00213    0.4904   -5726.7651  0.2675 
   00214    0.4960   -5724.3341  0.2672 
   00215    0.5008   -5631.3351  0.2701 
   00216    0.5068   -5666.7721  0.2523 
   00217    0.5268   -5723.7394  0.2567 
   00218    0.5032   -5719.7669  0.2565 
   00219    0.5292   -5634.7178  0.2597 
   00220    0.5288   -5675.6740  0.2594 
   00221    0.5116   -5736.7494  0.2538 
   00222    0.5144   -5651.1141  0.2600 
   00223    0.5012   -5685.6762  0.2649 
   00224    0.5064   -5727.6565  0.2678 
   00225    0.5048   -5703.8853  0.2594 
   00226    0.4992   -5695.3637  0.2591 
   00227    0.4848   -5782.5884  0.2688 
   00228    0.5020   -5811.1729  0.2656 
   00229    0.4760   -5781.6505  0.2798 
   00230    0.4964   -5808.6396  0.2791 
   00231    0.4896   -5821.9720  0.2854 
   00232    0.4816   -5831.2632  0.2837 
   00233    0.4824   -5836.0925  0.2850 
   00234    0.5096   -5809.2695  0.2840 
   00235    0.4952   -5909.9610  0.2861 
   00236    0.4856   -5905.9007  0.2807 
   00237    0.4912   -5845.0236  0.2723 
   00238    0.4796   -5871.5141  0.2786 
   00239    0.4948   -6033.9848  0.2679 
   00240    0.4844   -5983.9103  0.2684 
   00241    0.4884   -5878.1171  0.2679 
   00242    0.5104   -5917.6741  0.2747 
   00243    0.4924   -5928.1514  0.2816 
   00244    0.4812   -5920.2908  0.2814 
   00245    0.4824   -5914.8217  0.2856 
   00246    0.4844   -5951.8920  0.2760 
   00247    0.4828   -5961.1376  0.2864 
   00248    0.4860   -5856.0063  0.2767 
   00249    0.4788   -5857.5933  0.2784 
   00250    0.4992   -5873.5729  0.2788 
   00251    0.4956   -5958.9599  0.2720 
   00252    0.4912   -5972.1212  0.2647 
   00253    0.4824   -5949.5100  0.2613 
   00254    0.4896   -5870.2913  0.2704 
   00255    0.4976   -5853.9181  0.2724 
   00256    0.4836   -5974.1793  0.2702 
   00257    0.4948   -5995.9542  0.2718 
   00258    0.4832   -6017.9596  0.2814 
   00259    0.4948   -5996.6215  0.2989 
   00260    0.4812   -5955.8955  0.3102 
   00261    0.4988   -5970.1220  0.3054 
   00262    0.4984   -5951.8693  0.3039 
   00263    0.4852   -5978.8218  0.3097 
   00264    0.4944   -5870.1098  0.3140 
   00265    0.5004   -5820.2860  0.3080 
   00266    0.5044   -5858.0585  0.3170 
   00267    0.4940   -5865.6923  0.3278 
   00268    0.5048   -5892.7130  0.3284 
   00269    0.4884   -5943.1673  0.3399 
   00270    0.4936   -5928.8555  0.3354 
   00271    0.4940   -5943.5584  0.3457 
   00272    0.4884   -5937.0893  0.3507 
   00273    0.4692   -5914.2292  0.3647 
   00274    0.5024   -5883.5161  0.3670 
   00275    0.4816   -6013.5619  0.3485 
   00276    0.5012   -5980.1287  0.3585 
   00277    0.4800   -6024.6095  0.3723 
   00278    0.4868   -6045.4363  0.3739 
   00279    0.4668   -6038.3431  0.3719 
   00280    0.4812   -5997.2094  0.3768 
   00281    0.4696   -5956.9985  0.3747 
   00282    0.4804   -6020.6323  0.3746 
   00283    0.4776   -6018.1075  0.3703 
   00284    0.4964   -6025.9383  0.3639 
   00285    0.4960   -6000.7671  0.3674 
   00286    0.4848   -5929.8967  0.3697 
   00287    0.4888   -5995.6698  0.3651 
   00288    0.4876   -5933.8329  0.3694 
   00289    0.4852   -5906.3045  0.3647 
   00290    0.5140   -5928.5244  0.3642 
   00291    0.4824   -5946.3896  0.3601 
   00292    0.5052   -5935.4110  0.3707 
   00293    0.4752   -5999.6909  0.3787 
   00294    0.4840   -5984.0505  0.3880 
   00295    0.4780   -6008.5210  0.3911 
   00296    0.4964   -5983.6007  0.3881 
   00297    0.4824   -5968.6751  0.3891 
   00298    0.4844   -6015.9215  0.3813 
   00299    0.4916   -5968.8139  0.3919 
   00300    0.4824   -5926.2967  0.3853 
   00301    0.4872   -5907.9615  0.3742 
   00302    0.5024   -5844.3182  0.3797 
   00303    0.4764   -5886.4632  0.3736 
   00304    0.4856   -5958.0996  0.3676 
   00305    0.4812   -5962.9551  0.3770 
   00306    0.4984   -5976.3236  0.3717 
   00307    0.4904   -5970.6645  0.3882 
   00308    0.4720   -5923.9984  0.3904 
   00309    0.4824   -5915.0549  0.3897 
   00310    0.4896   -5875.2400  0.3779 
   00311    0.5044   -5886.9892  0.3881 
   00312    0.4984   -5974.1318  0.3888 
   00313    0.4920   -5959.3718  0.3799 
   00314    0.4816   -5989.7934  0.3904 
   00315    0.4988   -5958.9731  0.3857 
   00316    0.4880   -5952.2746  0.3837 
   00317    0.5176   -5865.0227  0.3770 
   00318    0.4880   -5811.0011  0.3925 
   00319    0.5116   -5770.4086  0.4002 
   00320    0.4988   -5845.1652  0.3936 
   00321    0.4972   -5807.3183  0.3819 
   00322    0.5076   -5806.0205  0.3912 
   00323    0.5028   -5784.1212  0.3940 
   00324    0.5092   -5838.3739  0.3985 
   00325    0.4956   -5940.4280  0.4069 
   00326    0.4924   -5863.7457  0.3981 
   00327    0.4932   -5827.3691  0.3923 
   00328    0.4964   -5842.7631  0.3850 
   00329    0.4920   -5842.8465  0.3767 
   00330    0.5044   -5878.0156  0.3812 
   00331    0.4876   -5899.7703  0.3899 
   00332    0.4808   -5909.4172  0.3794 
   00333    0.4992   -5855.2743  0.3767 
   00334    0.5200   -5881.0337  0.3740 
   00335    0.5020   -5865.1705  0.3763 
   00336    0.5040   -5726.5048  0.3780 
   00337    0.5116   -5738.6508  0.3597 
   00338    0.5036   -5753.0731  0.3465 
   00339    0.5068   -5765.8872  0.3398 
   00340    0.5252   -5777.1156  0.3368 
   00341    0.4976   -5811.4387  0.3308 
   00342    0.5036   -5802.6802  0.3226 
   00343    0.4892   -5856.2370  0.3284 
   00344    0.5072   -5934.3318  0.3171 
   00345    0.4756   -5913.1214  0.3134 
   00346    0.4924   -5898.8733  0.3089 
   00347    0.4968   -5905.6835  0.3154 
   00348    0.4992   -5972.3332  0.3185 
   00349    0.4948   -6014.4071  0.3175 
   00350    0.4920   -5956.5597  0.3040 
   00351    0.4884   -5985.5309  0.2978 
   00352    0.4848   -5945.2173  0.2958 
   00353    0.4948   -5953.8765  0.2893 
   00354    0.4896   -5963.6726  0.2765 
   00355    0.5068   -5901.5759  0.2700 
   00356    0.4716   -5942.1910  0.2724 
   00357    0.4776   -6068.4133  0.2776 
   00358    0.4724   -6037.0299  0.2715 
   00359    0.4924   -5947.5142  0.2689 
   00360    0.4580   -5950.7915  0.2706 
   00361    0.5020   -6047.3080  0.2924 
   00362    0.4868   -6023.8673  0.2876 
   00363    0.4748   -6007.2411  0.2729 
   00364    0.4992   -5987.3472  0.2708 
   00365    0.4848   -6002.0168  0.2747 
   00366    0.4904   -5923.7379  0.2788 
   00367    0.4996   -5854.8913  0.2823 
   00368    0.4888   -5841.4354  0.2824 
   00369    0.4912   -5912.7207  0.2820 
   00370    0.4880   -5970.2462  0.2901 
   00371    0.5048   -6065.9014  0.2763 
   00372    0.4772   -6013.9885  0.2712 
   00373    0.4944   -6102.3448  0.2915 
   00374    0.4684   -6121.9174  0.2792 
   00375    0.4836   -6096.0045  0.2906 
   00376    0.4768   -6058.3205  0.2826 
   00377    0.4768   -6044.4471  0.2920 
   00378    0.4968   -6026.9868  0.2794 
   00379    0.5004   -6042.0789  0.2853 
   00380    0.4736   -6074.9270  0.2947 
   00381    0.4704   -6115.2547  0.2824 
   00382    0.4664   -6200.3989  0.2685 
   00383    0.4808   -6137.0985  0.2662 
   00384    0.4840   -6081.6747  0.2730 
   00385    0.4756   -5903.6557  0.2914 
   00386    0.5060   -5850.4052  0.2892 
   00387    0.5016   -5859.6148  0.2854 
   00388    0.4976   -5809.4711  0.2913 
   00389    0.4948   -5821.6697  0.2843 
   00390    0.5124   -5907.9453  0.2751 
   00391    0.4952   -5819.8230  0.2670 
   00392    0.4936   -5866.0920  0.2696 
   00393    0.4908   -5893.0061  0.2718 
   00394    0.5036   -5934.5792  0.2792 
   00395    0.4780   -5883.0490  0.2741 
   00396    0.4876   -5816.8800  0.2775 
   00397    0.5012   -5857.9503  0.2845 
   00398    0.5156   -5847.4325  0.2892 
   00399    0.4832   -5960.4849  0.2963 
   00400    0.4924   -5919.7990  0.2937 
   00401    0.4844   -5985.1401  0.2939 
   00402    0.4752   -6052.4574  0.3003 
   00403    0.5036   -5996.3467  0.2959 
   00404    0.4776   -6034.7235  0.2916 
   00405    0.4772   -5980.4779  0.2856 
   00406    0.4936   -5895.9401  0.2782 
   00407    0.5204   -5929.9050  0.2909 
   00408    0.4824   -5890.1890  0.2931 
   00409    0.5108   -5889.4850  0.2886 
   00410    0.4936   -5883.2348  0.2908 
   00411    0.4848   -5958.4522  0.2848 
   00412    0.4852   -5901.1438  0.2978 
   00413    0.4720   -6096.8456  0.2939 
   00414    0.4868   -6079.3090  0.2991 
   00415    0.4876   -5991.0870  0.3098 
   00416    0.4672   -6033.3980  0.3043 
   00417    0.4828   -6079.9064  0.3095 
   00418    0.4952   -5957.5103  0.3059 
   00419    0.4932   -5900.8446  0.3006 
   00420    0.4856   -5827.9581  0.2878 
   00421    0.4804   -5843.0950  0.3008 
   00422    0.5000   -5841.3898  0.3199 
   00423    0.5012   -5845.1445  0.3323 
   00424    0.5020   -5859.6461  0.3249 
   00425    0.5112   -5811.4982  0.3198 
   00426    0.4900   -5878.7895  0.3036 
   00427    0.4992   -5867.0714  0.3069 
   00428    0.4932   -5982.6339  0.3014 
   00429    0.4744   -6067.2391  0.2989 
   00430    0.4820   -5994.9967  0.3135 
   00431    0.4904   -5961.0629  0.3069 
   00432    0.4832   -6075.1628  0.2949 
   00433    0.4848   -6164.1832  0.3019 
   00434    0.4764   -6066.7594  0.3076 
   00435    0.4748   -6039.5030  0.3135 
   00436    0.4784   -6028.6047  0.3047 
   00437    0.4800   -5985.5748  0.3068 
   00438    0.4848   -5934.9025  0.2954 
   00439    0.4840   -5910.6177  0.2881 
   00440    0.4836   -5917.4965  0.2798 
   00441    0.4972   -5951.3410  0.2780 
   00442    0.4812   -5980.3668  0.2849 
   00443    0.4864   -6057.2992  0.2900 
   00444    0.4908   -5917.7274  0.2831 
   00445    0.4896   -5928.8769  0.2853 
   00446    0.4968   -5813.8836  0.2794 
   00447    0.4932   -5860.1238  0.2810 
   00448    0.4884   -5896.1811  0.2899 
   00449    0.5028   -5969.8091  0.3033 
   00450    0.4776   -5964.8815  0.3090 
   00451    0.4816   -6038.9566  0.3187 
   00452    0.4912   -5978.0825  0.3071 
   00453    0.4732   -5973.5048  0.3167 
   00454    0.4868   -5981.9661  0.2995 
   00455    0.4828   -5947.3005  0.2923 
   00456    0.4772   -6042.7006  0.2884 
   00457    0.4980   -5942.0335  0.2875 
   00458    0.4872   -5943.2088  0.2922 
   00459    0.4852   -5986.8301  0.3054 
   00460    0.4904   -5955.8072  0.3087 
   00461    0.5016   -5910.0617  0.3083 
   00462    0.4732   -6028.7594  0.3158 
   00463    0.4832   -6149.0057  0.3229 
   00464    0.4928   -6075.3088  0.3232 
   00465    0.4744   -5988.7938  0.3250 
   00466    0.4732   -6093.3788  0.3322 
   00467    0.4788   -6052.5475  0.3319 
   00468    0.4768   -6106.3730  0.3431 
   00469    0.4784   -6136.2472  0.3380 
   00470    0.4752   -6149.3612  0.3382 
   00471    0.5072   -6021.9090  0.3450 
   00472    0.4696   -6007.9803  0.3378 
   00473    0.4816   -5936.1507  0.3176 
   00474    0.4888   -5982.0140  0.3158 
   00475    0.4940   -6021.0651  0.3234 
   00476    0.4784   -6055.4550  0.3305 
   00477    0.4840   -6078.4817  0.3378 
   00478    0.4868   -6077.1629  0.3431 
   00479    0.4780   -6018.4569  0.3446 
   00480    0.4840   -5992.8130  0.3522 
   00481    0.5008   -5946.6474  0.3478 
   00482    0.4836   -5918.3415  0.3522 
   00483    0.4992   -5994.2066  0.3490 
   00484    0.4904   -5925.2435  0.3514 
   00485    0.4844   -5977.6031  0.3576 
   00486    0.4852   -5921.1465  0.3625 
   00487    0.4892   -5930.1157  0.3625 
   00488    0.4992   -6025.4942  0.3584 
   00489    0.4912   -5882.5719  0.3586 
   00490    0.4984   -5915.6665  0.3476 
   00491    0.4992   -5944.9096  0.3495 
   00492    0.4980   -5895.2686  0.3428 
   00493    0.4904   -5990.1292  0.3493 
   00494    0.4944   -5958.3650  0.3367 
   00495    0.5016   -5901.9062  0.3352 
   00496    0.4748   -6003.4763  0.3392 
   00497    0.4872   -6085.2049  0.3445 
   00498    0.4680   -6037.8646  0.3310 
   00499    0.4920   -6052.1348  0.3241 
   00500    0.4912   -5950.9829  0.3283 
   00501    0.4820   -5956.6290  0.3245 
   00502    0.4732   -5924.5165  0.3255 
   00503    0.4776   -5988.3979  0.3194 
   00504    0.4964   -5917.1166  0.3125 
   00505    0.4920   -5925.6145  0.3056 
   00506    0.4796   -5869.2875  0.3089 
   00507    0.5008   -5816.5137  0.3045 
   00508    0.5080   -5904.0834  0.3062 
   00509    0.4764   -5918.4345  0.3048 
   00510    0.4964   -5919.7536  0.2975 
   00511    0.4816   -5905.2569  0.2975 
   00512    0.4924   -5941.9105  0.2808 
   00513    0.4880   -5931.1185  0.2836 
   00514    0.4944   -5881.1460  0.2759 
   00515    0.4980   -5840.3477  0.2848 
   00516    0.4796   -5881.9791  0.2965 
   00517    0.5004   -5905.1880  0.2960 
   00518    0.4900   -5956.7922  0.2993 
   00519    0.4908   -5984.3214  0.3006 
   00520    0.4708   -6012.3263  0.2975 
   00521    0.4992   -6045.6020  0.2896 
   00522    0.4836   -6087.2423  0.2927 
   00523    0.4768   -6012.1938  0.3014 
   00524    0.4872   -6142.1539  0.3194 
   00525    0.4752   -6132.2042  0.3100 
   00526    0.4748   -6147.8871  0.3075 
   00527    0.4896   -6069.3513  0.3121 
   00528    0.4792   -6035.2062  0.3072 
   00529    0.4996   -6045.4683  0.3109 
   00530    0.4948   -6002.0182  0.3167 
   00531    0.4944   -5950.3029  0.3054 
   00532    0.4896   -5924.9179  0.3071 
   00533    0.4936   -5946.4260  0.2992 
   00534    0.4916   -5896.4576  0.2966 
   00535    0.5000   -5851.4654  0.2873 
   00536    0.4956   -5861.2863  0.2919 
   00537    0.4984   -5880.2653  0.3010 
   00538    0.4904   -5838.3804  0.2922 
   00539    0.4980   -5754.9681  0.2838 
   00540    0.5084   -5733.0799  0.2911 
   00541    0.4948   -5868.6024  0.3060 
   00542    0.4980   -5907.9012  0.3043 
   00543    0.4824   -5847.0631  0.3046 
   00544    0.5172   -5786.9456  0.2929 
   00545    0.5076   -5824.7921  0.2869 
   00546    0.4912   -5852.0402  0.2928 
   00547    0.5100   -5880.6310  0.2848 
   00548    0.4756   -5837.5723  0.2895 
   00549    0.5104   -5792.8624  0.2848 
   00550    0.4864   -5900.5247  0.2831 
   00551    0.4848   -5783.0265  0.2657 
   00552    0.5120   -5822.6714  0.2731 
   00553    0.4960   -5735.4708  0.2738 
   00554    0.4980   -5780.2742  0.2748 
   00555    0.5124   -5721.1080  0.2698 
   00556    0.5208   -5722.4813  0.2686 
   00557    0.5084   -5837.1962  0.2712 
   00558    0.4908   -5886.1814  0.2791 
   00559    0.4920   -5818.8630  0.2802 
   00560    0.4824   -5860.1427  0.2803 
   00561    0.4944   -5816.1111  0.2759 
   00562    0.5048   -5834.9109  0.2785 
   00563    0.5108   -5885.8518  0.2918 
   00564    0.4920   -5906.0600  0.2936 
   00565    0.5044   -5866.5751  0.2932 
   00566    0.5068   -5814.6809  0.3067 
   00567    0.4964   -5884.7535  0.3008 
   00568    0.4992   -5943.3083  0.3002 
   00569    0.4840   -5913.4313  0.2964 
   00570    0.5052   -5847.7383  0.2891 
   00571    0.5016   -5762.9728  0.2889 
   00572    0.5032   -5730.1790  0.2889 
   00573    0.5004   -5816.1047  0.3067 
   00574    0.5104   -5886.0072  0.3020 
   00575    0.5048   -5814.7209  0.2994 
   00576    0.4928   -5774.6249  0.2949 
   00577    0.5004   -5756.6659  0.3076 
   00578    0.5104   -5809.5740  0.2941 
   00579    0.5052   -5782.7430  0.2995 
   00580    0.4856   -5762.9271  0.2981 
   00581    0.4968   -5830.7540  0.2895 
   00582    0.4916   -6012.7056  0.2959 
   00583    0.4656   -6013.2499  0.3092 
   00584    0.4876   -6070.7343  0.3175 
   00585    0.4908   -6000.5318  0.3190 
   00586    0.4812   -6045.2381  0.3221 
   00587    0.4764   -5964.3398  0.3180 
   00588    0.4800   -6006.8502  0.3075 
   00589    0.4808   -5945.2939  0.2945 
   00590    0.4980   -5931.3086  0.2926 
   00591    0.4848   -5846.9295  0.2913 
   00592    0.5056   -5836.0460  0.2875 
   00593    0.4992   -5827.4180  0.2864 
   00594    0.5008   -5843.2276  0.2876 
   00595    0.4976   -6019.4859  0.2855 
   00596    0.4908   -6023.6389  0.2804 
   00597    0.5020   -6032.1157  0.2800 
   00598    0.4840   -6051.7905  0.2625 
   00599    0.4664   -6021.3088  0.2649 
   00600    0.4836   -5986.9503  0.2674 
   00601    0.4948   -5975.1610  0.2769 
   00602    0.4964   -5971.1198  0.2887 
   00603    0.4756   -6062.0257  0.2941 
   00604    0.4912   -5994.0372  0.3012 
   00605    0.4852   -6055.6038  0.3010 
   00606    0.4956   -5976.7474  0.3010 
   00607    0.4684   -6065.2259  0.2975 
   00608    0.4824   -6068.1067  0.2996 
   00609    0.4812   -6079.1638  0.2928 
   00610    0.4868   -5979.7831  0.2919 
   00611    0.4816   -5983.6370  0.2944 
   00612    0.4776   -5892.0721  0.2938 
   00613    0.5008   -5947.2036  0.2901 
   00614    0.4676   -5962.5983  0.2988 
   00615    0.5092   -5956.0251  0.3089 
   00616    0.4792   -5949.0070  0.2961 
   00617    0.4844   -5884.1476  0.2878 
   00618    0.5164   -5895.7929  0.2982 
   00619    0.5008   -5902.1073  0.2887 
   00620    0.5056   -5984.8282  0.2848 
   00621    0.4804   -5902.1509  0.2759 
   00622    0.5068   -5977.2694  0.2860 
   00623    0.4984   -5972.9284  0.2843 
   00624    0.4904   -5967.1589  0.3017 
   00625    0.4868   -6054.4916  0.3156 
   00626    0.4840   -6084.6397  0.3046 
   00627    0.4764   -6117.5909  0.3020 
   00628    0.4716   -6032.0160  0.3087 
   00629    0.5008   -5998.1571  0.3139 
   00630    0.4784   -6019.3719  0.3024 
   00631    0.4848   -5981.6338  0.2974 
   00632    0.4812   -5945.2991  0.2969 
   00633    0.4928   -5977.3234  0.2931 
   00634    0.4896   -5967.6758  0.2999 
   00635    0.4720   -6035.3022  0.3060 
   00636    0.5048   -6021.2477  0.3077 
   00637    0.4840   -5890.6794  0.3123 
   00638    0.4900   -5893.3386  0.3149 
   00639    0.5084   -5754.2649  0.3102 
   00640    0.5028   -5891.2633  0.3146 
   00641    0.5064   -5911.0454  0.3084 
   00642    0.5136   -5782.0422  0.3013 
   00643    0.4848   -5833.6566  0.3026 
   00644    0.4888   -5841.3561  0.3187 
   00645    0.4988   -5782.4066  0.3193 
   00646    0.4880   -5794.9628  0.3242 
   00647    0.5016   -5930.9465  0.3123 
   00648    0.4948   -5807.9870  0.3169 
   00649    0.5128   -5876.0787  0.3280 
   00650    0.5012   -5941.9270  0.3250 
   00651    0.4660   -6009.8339  0.3197 
   00652    0.4924   -6100.4682  0.3216 
   00653    0.4732   -6217.5594  0.3237 
   00654    0.4732   -6168.7434  0.3211 
   00655    0.4812   -6194.7994  0.3256 
   00656    0.4568   -6133.9581  0.3171 
   00657    0.4696   -6142.2995  0.3276 
   00658    0.4840   -6212.8717  0.3331 
   00659    0.4568   -6198.6444  0.3272 
   00660    0.4824   -6080.0648  0.3116 
   00661    0.4992   -6140.0608  0.3197 
   00662    0.4604   -6206.2016  0.3295 
   00663    0.4812   -6120.7772  0.3187 
   00664    0.4844   -6080.9920  0.3163 
   00665    0.4744   -5947.6409  0.3138 
   00666    0.4900   -6049.6497  0.2942 
   00667    0.4832   -6112.8384  0.2883 
   00668    0.4968   -6144.4657  0.2973 
   00669    0.4740   -6123.5273  0.2901 
   00670    0.4788   -6114.9485  0.2882 
   00671    0.4740   -6168.0103  0.2824 
   00672    0.4780   -6058.6795  0.2748 
   00673    0.4904   -5998.5099  0.2852 
   00674    0.4640   -5955.6356  0.2873 
   00675    0.4864   -6030.3151  0.2898 
   00676    0.4880   -6100.1415  0.2947 
   00677    0.4748   -6064.1339  0.2898 
   00678    0.4844   -6173.0792  0.2848 
   00679    0.4548   -6144.6692  0.2891 
   00680    0.4856   -6050.2143  0.2922 
   00681    0.4892   -6050.4313  0.3082 
   00682    0.4896   -5934.6095  0.3054 
   00683    0.5076   -5889.2505  0.2942 
   00684    0.4848   -5837.1586  0.2985 
   00685    0.5000   -5892.5259  0.2869 
   00686    0.4876   -5804.3419  0.2856 
   00687    0.5220   -5809.2552  0.2821 
   00688    0.4944   -5976.1691  0.3005 
   00689    0.4720   -5901.0685  0.3211 
   00690    0.4872   -5900.5066  0.3260 
   00691    0.4864   -5908.8021  0.3314 
   00692    0.4916   -5847.1082  0.3320 
   00693    0.4904   -5928.3994  0.3408 
   00694    0.4944   -5909.4322  0.3415 
   00695    0.4860   -5897.2140  0.3245 
   00696    0.4976   -5843.2515  0.3140 
   00697    0.4568   -5884.8581  0.3191 
   00698    0.4980   -5942.3731  0.3226 
   00699    0.4920   -5872.8300  0.3128 
   00700    0.4964   -5894.1773  0.3130 
   00701    0.4832   -5870.9268  0.3048 
   00702    0.4756   -5861.1529  0.2944 
   00703    0.4920   -5838.2602  0.2942 
   00704    0.4940   -5855.9765  0.3005 
   00705    0.4808   -5792.2115  0.3141 
   00706    0.5128   -5802.5725  0.3135 
   00707    0.4920   -5846.3242  0.3041 
   00708    0.4820   -5935.9613  0.3205 
   00709    0.4780   -5944.9553  0.3115 
   00710    0.5060   -5911.7677  0.3139 
   00711    0.5048   -5823.6975  0.3132 
   00712    0.4964   -5826.7384  0.3019 
   00713    0.4852   -5909.2729  0.3061 
   00714    0.4796   -5867.5473  0.3169 
   00715    0.5092   -5870.3322  0.3318 
   00716    0.4816   -5813.7263  0.3344 
   00717    0.4840   -5823.2634  0.3220 
   00718    0.5016   -5818.5124  0.3328 
   00719    0.4868   -5916.1431  0.3352 
   00720    0.4776   -5933.1735  0.3307 
   00721    0.4904   -5975.2291  0.3261 
   00722    0.5012   -5922.6973  0.3298 
   00723    0.4776   -5983.3597  0.3405 
   00724    0.4844   -5951.6930  0.3395 
   00725    0.4948   -5931.9973  0.3407 
   00726    0.4812   -5963.7843  0.3416 
   00727    0.4812   -6081.2194  0.3477 
   00728    0.5084   -6051.6040  0.3409 
   00729    0.4884   -6016.2997  0.3442 
   00730    0.5016   -6005.5051  0.3552 
   00731    0.5120   -5938.4286  0.3588 
   00732    0.4732   -5953.4423  0.3465 
   00733    0.4940   -5966.8129  0.3430 
   00734    0.5132   -5958.2462  0.3479 
   00735    0.4904   -5906.5860  0.3517 
   00736    0.5028   -5931.4868  0.3352 
   00737    0.4812   -5834.7228  0.3237 
   00738    0.5108   -5791.4179  0.3287 
   00739    0.5004   -5790.9358  0.3254 
   00740    0.5024   -5729.5118  0.3350 
   00741    0.4996   -5808.3474  0.3418 
   00742    0.5032   -5867.0189  0.3605 
   00743    0.5180   -5906.4126  0.3561 
   00744    0.4964   -5873.8561  0.3652 
   00745    0.5112   -5906.3464  0.3611 
   00746    0.5008   -5841.3658  0.3586 
   00747    0.5120   -5817.1752  0.3547 
   00748    0.4896   -5895.8148  0.3661 
   00749    0.4940   -5947.4034  0.3763 
   00750    0.4900   -5943.2322  0.3648 
   00751    0.4816   -5917.1814  0.3536 
   00752    0.4952   -5971.5586  0.3507 
   00753    0.4984   -5908.1603  0.3392 
   00754    0.4992   -5953.0351  0.3471 
   00755    0.4956   -5908.6614  0.3417 
   00756    0.4836   -5838.1863  0.3481 
   00757    0.5104   -5898.7120  0.3490 
   00758    0.4676   -5885.4640  0.3498 
   00759    0.4836   -5912.0302  0.3456 
   00760    0.4920   -5951.9470  0.3480 
   00761    0.4892   -5891.2592  0.3334 
   00762    0.4864   -5728.2448  0.3238 
   00763    0.4868   -5864.6583  0.3268 
   00764    0.4856   -5873.8500  0.3167 
   00765    0.5016   -5848.1810  0.3179 
   00766    0.4900   -5722.4432  0.3277 
   00767    0.5096   -5834.4465  0.3503 
   00768    0.4900   -5746.4821  0.3477 
   00769    0.5132   -5612.8971  0.3527 
   00770    0.5068   -5681.6692  0.3410 
   00771    0.4952   -5663.7641  0.3414 
   00772    0.5208   -5690.3873  0.3371 
   00773    0.5124   -5712.7785  0.3395 
   00774    0.5024   -5733.4595  0.3351 
   00775    0.5040   -5726.8532  0.3314 
   00776    0.5064   -5653.4411  0.3142 
   00777    0.5060   -5741.5047  0.3229 
   00778    0.4916   -5748.4889  0.3313 
   00779    0.5032   -5736.3535  0.3206 
   00780    0.4780   -5741.8300  0.3266 
   00781    0.5052   -5775.0948  0.3157 
   00782    0.5204   -5757.5968  0.3149 
   00783    0.4988   -5754.1849  0.3301 
   00784    0.4944   -5748.9512  0.3222 
   00785    0.5048   -5767.4542  0.3327 
   00786    0.4972   -5807.0054  0.3202 
   00787    0.5044   -5742.8543  0.3161 
   00788    0.5024   -5790.0972  0.3187 
   00789    0.4996   -5765.4074  0.3075 
   00790    0.4892   -5770.8047  0.3047 
   00791    0.4952   -5789.7088  0.3090 
   00792    0.5004   -5853.8200  0.3147 
   00793    0.5048   -5814.0141  0.3178 
   00794    0.5060   -5833.7203  0.3131 
   00795    0.5168   -5875.1204  0.3090 
   00796    0.4824   -5874.2395  0.3151 
   00797    0.4692   -5898.1605  0.3270 
   00798    0.5096   -5918.7786  0.3270 
   00799    0.4896   -5938.2094  0.3387 
   00800    0.5032   -5958.5168  0.3424 
   00801    0.4964   -5906.2462  0.3452 
   00802    0.5000   -5924.1358  0.3315 
   00803    0.4932   -5831.3566  0.3260 
   00804    0.4852   -5858.4910  0.3065 
   00805    0.5072   -5841.9862  0.3103 
   00806    0.5128   -5867.2557  0.3155 
   00807    0.5196   -5827.4871  0.3149 
   00808    0.4848   -5875.3195  0.3098 
   00809    0.5016   -5900.0520  0.3171 
   00810    0.5100   -5869.5371  0.3215 
   00811    0.4896   -5880.3060  0.3232 
   00812    0.4988   -5744.9437  0.3265 
   00813    0.5152   -5772.2421  0.3300 
   00814    0.4920   -5807.2194  0.3310 
   00815    0.5100   -5839.9718  0.3348 
   00816    0.4916   -5960.7040  0.3502 
   00817    0.4904   -5916.9973  0.3403 
   00818    0.4832   -5819.7187  0.3268 
   00819    0.5012   -5791.4881  0.3189 
   00820    0.5116   -5810.2122  0.3127 
   00821    0.4776   -5870.7090  0.3253 
   00822    0.4976   -5798.6692  0.3214 
   00823    0.5040   -5682.8792  0.3220 
   00824    0.5144   -5661.7492  0.3206 
   00825    0.5216   -5759.1782  0.3372 
   00826    0.4988   -5795.9855  0.3301 
   00827    0.4996   -5731.1755  0.3338 
   00828    0.4992   -5753.0882  0.3243 
   00829    0.5144   -5750.1731  0.3126 
   00830    0.5120   -5806.7663  0.3078 
   00831    0.4964   -5799.4169  0.3019 
   00832    0.4920   -5827.6139  0.2939 
   00833    0.5160   -5791.3886  0.2943 
   00834    0.4908   -5822.2872  0.2872 
   00835    0.5144   -5763.3881  0.2813 
   00836    0.5068   -5783.5043  0.2664 
   00837    0.4956   -5794.3786  0.2795 
   00838    0.5032   -5878.4748  0.2719 
   00839    0.4980   -5916.2845  0.2662 
   00840    0.5028   -6004.9412  0.2653 
   00841    0.4668   -6000.2585  0.2634 
   00842    0.5028   -5884.9558  0.2669 
   00843    0.5000   -5898.1567  0.2625 
   00844    0.4956   -5979.4492  0.2584 
   00845    0.4836   -5910.6676  0.2622 
   00846    0.5016   -5933.6559  0.2555 
   00847    0.4936   -5934.9244  0.2639 
   00848    0.5004   -5968.0245  0.2689 
   00849    0.4784   -5923.8272  0.2626 
   00850    0.4980   -6014.8933  0.2582 
   00851    0.4984   -5986.2795  0.2608 
   00852    0.4896   -5997.9836  0.2563 
   00853    0.4844   -6059.2649  0.2536 
   00854    0.4820   -5990.3511  0.2535 
   00855    0.4968   -6029.3302  0.2562 
   00856    0.4876   -5990.2419  0.2647 
   00857    0.4968   -5987.9315  0.2724 
   00858    0.4892   -6027.3457  0.2780 
   00859    0.4892   -6130.0388  0.2688 
   00860    0.4792   -6250.6723  0.2702 
   00861    0.4888   -6141.7804  0.2751 
   00862    0.4844   -6190.3220  0.2722 
   00863    0.4620   -6075.1382  0.2754 
   00864    0.4872   -5963.3919  0.2700 
   00865    0.4692   -6016.0101  0.2734 
   00866    0.4648   -6041.3409  0.2767 
   00867    0.4948   -5960.8209  0.2808 
   00868    0.4860   -5919.6958  0.2858 
   00869    0.4908   -5928.5288  0.2859 
   00870    0.5192   -5928.2155  0.2755 
   00871    0.4816   -5889.2456  0.2688 
   00872    0.4908   -6029.9859  0.2635 
   00873    0.5016   -5962.7648  0.2730 
   00874    0.4860   -6062.9670  0.2978 
   00875    0.4916   -6052.3148  0.2984 
   00876    0.5076   -5975.1228  0.3070 
   00877    0.4652   -5868.7002  0.3104 
   00878    0.5008   -5773.3656  0.3169 
   00879    0.4988   -5803.6839  0.3117 
   00880    0.4900   -5883.9849  0.3187 
   00881    0.4988   -5858.0416  0.3099 
   00882    0.4848   -5869.5331  0.3285 
   00883    0.4856   -5830.2656  0.3304 
   00884    0.4980   -5865.6358  0.3285 
   00885    0.4940   -5834.3352  0.3245 
   00886    0.4744   -5907.6166  0.3204 
   00887    0.4924   -5880.2883  0.3194 
   00888    0.5044   -5937.2434  0.3276 
   00889    0.4800   -5955.0649  0.3405 
   00890    0.4968   -5873.9016  0.3370 
   00891    0.4868   -5911.9844  0.3411 
   00892    0.5020   -5954.4518  0.3553 
   00893    0.4972   -5868.3379  0.3501 
   00894    0.5004   -5989.9173  0.3579 
   00895    0.5008   -5887.8024  0.3673 
   00896    0.4900   -5811.7680  0.3588 
   00897    0.5016   -5830.4492  0.3660 
   00898    0.4896   -5776.6558  0.3617 
   00899    0.5012   -5748.3623  0.3603 
   00900    0.4880   -5753.0125  0.3566 
   00901    0.5196   -5688.2471  0.3542 
   00902    0.4992   -5694.6835  0.3563 
   00903    0.5028   -5773.6901  0.3586 
   00904    0.5044   -5739.0158  0.3576 
   00905    0.5044   -5718.2879  0.3610 
   00906    0.5044   -5761.3764  0.3608 
   00907    0.5060   -5771.1089  0.3475 
   00908    0.5108   -5846.0538  0.3505 
   00909    0.4884   -5831.6638  0.3519 
   00910    0.5008   -5853.5657  0.3472 
   00911    0.4788   -5924.4778  0.3390 
   00912    0.4972   -5967.6461  0.3449 
   00913    0.4876   -5890.2122  0.3564 
   00914    0.4844   -5950.4309  0.3545 
   00915    0.4868   -5863.7691  0.3458 
   00916    0.5056   -5950.1175  0.3318 
   00917    0.4928   -6018.1490  0.3397 
   00918    0.4808   -5920.7678  0.3388 
   00919    0.5040   -5925.0639  0.3447 
   00920    0.4908   -5885.5954  0.3523 
   00921    0.5124   -5901.5278  0.3474 
   00922    0.4892   -5996.7935  0.3535 
   00923    0.4860   -6034.2896  0.3565 
   00924    0.4792   -5923.4711  0.3646 
   00925    0.4952   -5885.0126  0.3594 
   00926    0.4852   -5979.6158  0.3508 
   00927    0.4816   -6094.5757  0.3495 
   00928    0.4724   -6072.2957  0.3459 
   00929    0.4756   -6072.5252  0.3427 
   00930    0.4856   -6097.5763  0.3453 
   00931    0.5080   -5962.2562  0.3527 
   00932    0.4732   -6015.2333  0.3471 
   00933    0.4868   -5975.5927  0.3396 
   00934    0.4932   -5971.5365  0.3343 
   00935    0.4900   -6006.0873  0.3279 
   00936    0.4956   -5953.6108  0.3190 
   00937    0.4784   -6061.5033  0.3196 
   00938    0.4800   -6037.2045  0.3167 
   00939    0.4832   -6070.0750  0.3268 
   00940    0.4784   -6107.3564  0.3277 
   00941    0.4996   -5982.2779  0.3313 
   00942    0.4920   -5975.6789  0.3157 
   00943    0.4852   -5983.9715  0.3181 
   00944    0.5056   -6006.9719  0.3025 
   00945    0.4948   -5911.0664  0.3170 
   00946    0.4988   -5971.4419  0.3187 
   00947    0.5128   -5977.5690  0.3146 
   00948    0.4876   -5979.8197  0.3227 
   00949    0.4776   -5888.5542  0.3213 
   00950    0.4972   -5964.2478  0.3146 
   00951    0.4836   -5957.7082  0.3005 
   00952    0.4812   -6050.8755  0.3123 
   00953    0.4708   -6067.7089  0.2972 
   00954    0.4888   -6049.3212  0.2994 
   00955    0.4892   -6001.2992  0.3072 
   00956    0.4852   -6041.8846  0.2980 
   00957    0.4736   -6071.7472  0.2863 
   00958    0.4744   -6070.1873  0.2792 
   00959    0.4720   -6041.3450  0.2774 
   00960    0.4900   -6029.9755  0.2778 
   00961    0.4912   -5952.3903  0.2843 
   00962    0.4896   -5892.3349  0.2835 
   00963    0.4900   -5925.7297  0.2951 
   00964    0.4900   -5905.2219  0.3006 
   00965    0.4932   -5999.8521  0.2900 
   00966    0.4908   -5985.5196  0.2903 
   00967    0.4836   -5980.4716  0.2984 
   00968    0.4816   -5937.7571  0.2938 
   00969    0.5064   -5847.0507  0.2826 
   00970    0.4716   -5856.6442  0.2765 
   00971    0.5152   -5817.3413  0.2657 
   00972    0.5028   -5844.0150  0.2656 
   00973    0.5004   -5755.8720  0.2568 
   00974    0.5064   -5674.8296  0.2565 
   00975    0.4960   -5684.2917  0.2694 
   00976    0.4996   -5631.6155  0.2668 
   00977    0.5100   -5723.9759  0.2681 
   00978    0.5116   -5778.0701  0.2764 
   00979    0.4904   -5787.3779  0.2807 
   00980    0.5240   -5792.4997  0.2789 
   00981    0.4964   -5921.5595  0.2812 
   00982    0.4904   -5902.5130  0.2912 
   00983    0.4996   -5870.2766  0.2881 
   00984    0.5020   -5805.1869  0.2864 
   00985    0.5028   -5758.5802  0.2878 
   00986    0.4972   -5827.7945  0.2845 
   00987    0.5216   -5794.1591  0.2798 
   00988    0.4624   -5851.5631  0.2846 
   00989    0.5204   -5794.0829  0.2848 
   00990    0.4840   -5848.4048  0.2970 
   00991    0.4932   -5815.3236  0.2867 
   00992    0.4980   -5755.4655  0.2726 
   00993    0.5092   -5789.9107  0.2642 
   00994    0.4996   -5811.2513  0.2644 
   00995    0.5032   -5674.0884  0.2718 
   00996    0.5108   -5707.3963  0.2688 
   00997    0.5048   -5648.7144  0.2707 
   00998    0.5280   -5728.9124  0.2680 
   00999    0.5024   -5816.9042  0.2572 
   01000    0.5040   -5825.1652  0.2605 
