#=====================================================
# File created:        Tue-12-Mar-2024-at-11-37-41AM
# Size of lattice:     50x50
# Number of MC steps:  800
# Reduced temperature: 1.000
# Run time (s):        33.221455
#=====================================================
# MC step:  Ratio:     Energy:   Order:
#=====================================================
   00000    0.5000   -2407.7819  0.2548 
   00001    0.6952   -3696.0237  0.2549 
   00002    0.6316   -4386.2522  0.2550 
   00003    0.5812   -4748.3808  0.2558 
   00004    0.5720   -4958.1766  0.2568 
   00005    0.5756   -5198.2503  0.2568 
   00006    0.5628   -5356.6413  0.2559 
   00007    0.5356   -5420.1310  0.2532 
   00008    0.5288   -5528.8906  0.2606 
   00009    0.5104   -5553.2563  0.2593 
   00010    0.5116   -5690.4272  0.2595 
   00011    0.5024   -5784.1192  0.2596 
   00012    0.5052   -5781.8302  0.2600 
   00013    0.4956   -5756.4645  0.2615 
   00014    0.4992   -5743.8979  0.2639 
   00015    0.5248   -5804.2426  0.2684 
   00016    0.4884   -5710.6816  0.2665 
   00017    0.5200   -5732.8391  0.2650 
   00018    0.4896   -5789.2469  0.2680 
   00019    0.5196   -5813.7840  0.2669 
   00020    0.5056   -5916.8255  0.2717 
   00021    0.4804   -5864.5529  0.2702 
   00022    0.5108   -5850.8452  0.2679 
   00023    0.5020   -5789.7316  0.2674 
   00024    0.4948   -5888.2467  0.2664 
   00025    0.4964   -6002.8668  0.2674 
   00026    0.4812   -6021.9078  0.2670 
   00027    0.4888   -5935.6885  0.2640 
   00028    0.4992   -5792.9364  0.2632 
   00029    0.5020   -5820.9739  0.2641 
   00030    0.5032   -5819.3722  0.2642 
   00031    0.4940   -5961.0569  0.2598 
   00032    0.4860   -6031.7645  0.2618 
   00033    0.5108   -5959.2709  0.2612 
   00034    0.5064   -5951.0321  0.2604 
   00035    0.4888   -5972.8126  0.2616 
   00036    0.4716   -5999.1264  0.2666 
   00037    0.5028   -5938.4928  0.2685 
   00038    0.4760   -5912.9796  0.2722 
   00039    0.4724   -6065.6769  0.2772 
   00040    0.4908   -5994.9738  0.2778 
   00041    0.4740   -6031.3924  0.2806 
   00042    0.4780   -5872.6196  0.2808 
   00043    0.4800   -5813.6969  0.2823 
   00044    0.5072   -5859.1505  0.2823 
   00045    0.4804   -5826.9549  0.2818 
   00046    0.4988   -5839.2183  0.2837 
   00047    0.5004   -5921.2430  0.2869 
   00048    0.5120   -5830.1047  0.2831 
   00049    0.4880   -5809.5960  0.2820 
   00050    0.5060   -5846.2917  0.2799 
   00051    0.4920   -5878.9785  0.2836 
   00052    0.5000   -5877.0223  0.2800 
   00053    0.4960   -5945.0243  0.2779 
   00054    0.4788   -5980.6760  0.2763 
   00055    0.5088   -5915.4789  0.2739 
   00056    0.4804   -5927.7105  0.2759 
   00057    0.4964   -5822.6776  0.2692 
   00058    0.4892   -5914.1840  0.2700 
   00059    0.4916   -5815.6601  0.2745 
   00060    0.5144   -5848.1699  0.2747 
   00061    0.4832   -5876.2593  0.2759 
   00062    0.4800   -5870.3493  0.2735 
   00063    0.4872   -5851.0663  0.2676 
   00064    0.4780   -5921.0526  0.2682 
   00065    0.4844   -5910.6515  0.2651 
   00066    0.5124   -5932.3420  0.2636 
   00067    0.4892   -5868.6038  0.2599 
   00068    0.5132   -5806.2605  0.2580 
   00069    0.4868   -5906.0386  0.2577 
   00070    0.4856   -6028.2497  0.2610 
   00071    0.4776   -6012.9487  0.2549 
   00072    0.4788   -5956.1492  0.2512 
   00073    0.4612   -6018.4716  0.2531 
   00074    0.4796   -5942.5745  0.2554 
   00075    0.4892   -5921.7302  0.2563 
   00076    0.4824   -5940.6998  0.2573 
   00077    0.4908   -5925.0809  0.2602 
   00078    0.4844   -5892.2775  0.2594 
   00079    0.4948   -5935.7463  0.2625 
   00080    0.4900   -5901.3815  0.2606 
   00081    0.5012   -5991.2495  0.2634 
   00082    0.4800   -5898.7039  0.2671 
   00083    0.5104   -5881.4827  0.2706 
   00084    0.4952   -5882.5709  0.2698 
   00085    0.5016   -5887.5082  0.2647 
   00086    0.4928   -5822.5887  0.2637 
   00087    0.4944   -5820.3428  0.2612 
   00088    0.4960   -5815.4652  0.2626 
   00089    0.4912   -5894.0142  0.2673 
   00090    0.5016   -5933.3287  0.2675 
   00091    0.5052   -5893.8269  0.2696 
   00092    0.5008   -5865.5913  0.2694 
   00093    0.4828   -5951.0450  0.2675 
   00094    0.4924   -5818.0705  0.2657 
   00095    0.4736   -5892.2993  0.2667 
   00096    0.4948   -5954.3320  0.2703 
   00097    0.4884   -6002.3132  0.2709 
   00098    0.4868   -6013.8241  0.2702 
   00099    0.4776   -6037.8708  0.2743 
   00100    0.4876   -5983.4661  0.2729 
   00101    0.4892   -5974.0344  0.2721 
   00102    0.4904   -5914.2106  0.2724 
   00103    0.4892   -5929.4915  0.2725 
   00104    0.5008   -5900.8435  0.2758 
   00105    0.5092   -5963.1380  0.2745 
   00106    0.5028   -5949.8752  0.2745 
   00107    0.4920   -5908.2811  0.2752 
   00108    0.5000   -5915.8043  0.2777 
   00109    0.4820   -5861.8041  0.2762 
   00110    0.4968   -5839.8395  0.2719 
   00111    0.4932   -5835.8704  0.2750 
   00112    0.4900   -5807.8677  0.2743 
   00113    0.5088   -5765.5138  0.2742 
   00114    0.5004   -5835.0521  0.2785 
   00115    0.4856   -5867.2453  0.2780 
   00116    0.5112   -5825.0535  0.2737 
   00117    0.5080   -5787.2839  0.2718 
   00118    0.4920   -5779.3068  0.2707 
   00119    0.5164   -5765.9724  0.2736 
   00120    0.4928   -5781.4034  0.2775 
   00121    0.4728   -5816.2108  0.2771 
   00122    0.5036   -5759.4728  0.2739 
   00123    0.4988   -5748.6678  0.2731 
   00124    0.5020   -5848.5085  0.2703 
   00125    0.5128   -5950.7532  0.2775 
   00126    0.4908   -5866.1131  0.2792 
   00127    0.4864   -5853.4445  0.2837 
   00128    0.4912   -5934.0437  0.2869 
   00129    0.5116   -5866.5170  0.2899 
   00130    0.4936   -5873.3961  0.2899 
   00131    0.5128   -5825.6320  0.2871 
   00132    0.4912   -5858.2141  0.2857 
   00133    0.4956   -5789.0875  0.2829 
   00134    0.5056   -5793.3946  0.2811 
   00135    0.4828   -5809.8533  0.2804 
   00136    0.4888   -5873.7160  0.2822 
   00137    0.5056   -5855.7615  0.2821 
   00138    0.4924   -5918.3824  0.2828 
   00139    0.5096   -5912.6396  0.2839 
   00140    0.5032   -5935.4973  0.2793 
   00141    0.4936   -5862.1488  0.2791 
   00142    0.4744   -5835.3920  0.2849 
   00143    0.4760   -5855.1305  0.2825 
   00144    0.4788   -5797.8256  0.2838 
   00145    0.4824   -5830.1500  0.2845 
   00146    0.5112   -5840.1274  0.2887 
   00147    0.5144   -5935.9268  0.2867 
   00148    0.4680   -5953.5348  0.2844 
   00149    0.4848   -5952.6639  0.2834 
   00150    0.4808   -5947.0289  0.2822 
   00151    0.5208   -6004.0960  0.2841 
   00152    0.4812   -6043.1866  0.2869 
   00153    0.4708   -5874.9675  0.2873 
   00154    0.4928   -5799.3887  0.2862 
   00155    0.5040   -5900.8972  0.2874 
   00156    0.4812   -5894.5985  0.2830 
   00157    0.4988   -5906.9267  0.2867 
   00158    0.4876   -5857.4562  0.2899 
   00159    0.5044   -5870.4698  0.2902 
   00160    0.4892   -5908.6743  0.2886 
   00161    0.5008   -5910.1546  0.2913 
   00162    0.4988   -5920.8560  0.2879 
   00163    0.5072   -5942.8263  0.2906 
   00164    0.4740   -6081.6380  0.2896 
   00165    0.4804   -6066.0968  0.2870 
   00166    0.4752   -6091.3328  0.2842 
   00167    0.4752   -6094.9845  0.2870 
   00168    0.4724   -6065.3625  0.2870 
   00169    0.4748   -6123.9767  0.2842 
   00170    0.4652   -6050.6887  0.2877 
   00171    0.4948   -6042.5161  0.2864 
   00172    0.4848   -6014.9800  0.2859 
   00173    0.5004   -5986.2353  0.2895 
   00174    0.4772   -5988.6776  0.2853 
   00175    0.5100   -6005.0557  0.2857 
   00176    0.4608   -6093.1726  0.2830 
   00177    0.4808   -5978.3243  0.2836 
   00178    0.4848   -6022.2463  0.2874 
   00179    0.4880   -6026.0472  0.2920 
   00180    0.4880   -6060.7142  0.2929 
   00181    0.4680   -6157.8840  0.2871 
   00182    0.4716   -6128.2314  0.2866 
   00183    0.4780   -6143.7292  0.2852 
   00184    0.4776   -6195.0096  0.2838 
   00185    0.4720   -6186.6067  0.2851 
   00186    0.4712   -6096.4320  0.2862 
   00187    0.4976   -6055.0522  0.2883 
   00188    0.4812   -6008.7372  0.2927 
   00189    0.4688   -5972.8627  0.2921 
   00190    0.4964   -5967.5879  0.2926 
   00191    0.4812   -5822.8480  0.2890 
   00192    0.4804   -5971.8874  0.2884 
   00193    0.4932   -5950.8961  0.2930 
   00194    0.4900   -6055.0915  0.2917 
   00195    0.4856   -6089.2417  0.2891 
   00196    0.4968   -6049.2140  0.2884 
   00197    0.4800   -6068.3243  0.2920 
   00198    0.4844   -6011.1781  0.2916 
   00199    0.4920   -5949.8571  0.2946 
   00200    0.4892   -5952.9004  0.2908 
   00201    0.4952   -5968.5779  0.2907 
   00202    0.4848   -6027.4514  0.2894 
   00203    0.5012   -5979.6282  0.2875 
   00204    0.4848   -5997.5253  0.2930 
   00205    0.4848   -6064.5779  0.2955 
   00206    0.4880   -6034.1141  0.2913 
   00207    0.4772   -5968.5992  0.2892 
   00208    0.4740   -6023.1847  0.2878 
   00209    0.4884   -6093.3320  0.2851 
   00210    0.4768   -5956.7252  0.2849 
   00211    0.4880   -5964.8589  0.2836 
   00212    0.5140   -5947.9163  0.2870 
   00213    0.4844   -5990.2839  0.2872 
   00214    0.4944   -5848.5196  0.2886 
   00215    0.5076   -5796.5256  0.2882 
   00216    0.4944   -5835.1077  0.2900 
   00217    0.4776   -5953.0982  0.2916 
   00218    0.4996   -5974.2641  0.2908 
   00219    0.4832   -6025.0614  0.2916 
   00220    0.4872   -5951.9272  0.2910 
   00221    0.4676   -5932.5326  0.2938 
   00222    0.5024   -5858.3745  0.2876 
   00223    0.4976   -6025.6752  0.2894 
   00224    0.4908   -6002.5211  0.2885 
   00225    0.4868   -5989.4630  0.2839 
   00226    0.5040   -5969.2551  0.2781 
   00227    0.4968   -5955.4670  0.2754 
   00228    0.4860   -5970.2249  0.2786 
   00229    0.4972   -5937.4534  0.2769 
   00230    0.4884   -5982.1117  0.2795 
   00231    0.4852   -6005.5341  0.2724 
   00232    0.4952   -5860.4823  0.2713 
   00233    0.5024   -5825.5563  0.2729 
   00234    0.4844   -5812.9332  0.2681 
   00235    0.4972   -5876.8093  0.2716 
   00236    0.5028   -5833.3425  0.2695 
   00237    0.4880   -5904.7786  0.2728 
   00238    0.4904   -5850.0871  0.2747 
   00239    0.4868   -5832.9832  0.2727 
   00240    0.5056   -5796.2915  0.2728 
   00241    0.5152   -5867.5487  0.2757 
   00242    0.5080   -5893.0344  0.2746 
   00243    0.5076   -5927.8644  0.2741 
   00244    0.4860   -5921.4239  0.2728 
   00245    0.4932   -5888.0791  0.2741 
   00246    0.4844   -5866.3730  0.2758 
   00247    0.4812   -5957.9530  0.2747 
   00248    0.4668   -6007.4736  0.2734 
   00249    0.4844   -6005.1934  0.2770 
   00250    0.4956   -5939.7848  0.2746 
   00251    0.4796   -5961.6092  0.2754 
   00252    0.4804   -5900.9326  0.2735 
   00253    0.4916   -5895.3104  0.2772 
   00254    0.4888   -5928.7973  0.2753 
   00255    0.4936   -5914.6874  0.2721 
   00256    0.4896   -5889.6908  0.2719 
   00257    0.5008   -5936.0868  0.2696 
   00258    0.4948   -5970.6227  0.2715 
   00259    0.5064   -5918.7969  0.2734 
   00260    0.5044   -5843.4345  0.2719 
   00261    0.4980   -5843.9006  0.2750 
   00262    0.4956   -5809.4603  0.2747 
   00263    0.5076   -5759.8305  0.2708 
   00264    0.5024   -5746.1130  0.2689 
   00265    0.4876   -5894.5389  0.2716 
   00266    0.4940   -5885.8201  0.2690 
   00267    0.4900   -5966.7846  0.2757 
   00268    0.4880   -5893.8937  0.2770 
   00269    0.4808   -5846.4685  0.2790 
   00270    0.4960   -5873.6962  0.2778 
   00271    0.4860   -6026.2042  0.2780 
   00272    0.4780   -6001.5120  0.2734 
   00273    0.4816   -5947.5699  0.2691 
   00274    0.5016   -5860.3706  0.2667 
   00275    0.4844   -5798.5927  0.2682 
   00276    0.4872   -5851.1256  0.2675 
   00277    0.5020   -5828.4586  0.2700 
   00278    0.5184   -5820.3876  0.2669 
   00279    0.5180   -5759.8287  0.2677 
   00280    0.5100   -5775.3151  0.2709 
   00281    0.4956   -5906.4649  0.2728 
   00282    0.4960   -5906.6763  0.2701 
   00283    0.4988   -5824.4799  0.2699 
   00284    0.4988   -5855.9257  0.2710 
   00285    0.5136   -5853.2270  0.2720 
   00286    0.4896   -5966.5090  0.2765 
   00287    0.4908   -5956.2215  0.2771 
   00288    0.5052   -5886.2024  0.2750 
   00289    0.5020   -5898.4600  0.2768 
   00290    0.4988   -5849.2334  0.2756 
   00291    0.5052   -5919.3682  0.2762 
   00292    0.4824   -5948.1346  0.2769 
   00293    0.5040   -5847.8720  0.2825 
   00294    0.5092   -5876.0922  0.2828 
   00295    0.4860   -5956.1487  0.2794 
   00296    0.5008   -5791.6715  0.2832 
   00297    0.5132   -5803.9939  0.2823 
   00298    0.4940   -5851.4862  0.2837 
   00299    0.5164   -5817.8223  0.2814 
   00300    0.5232   -5818.9448  0.2807 
   00301    0.5036   -5831.9621  0.2781 
   00302    0.5032   -5739.5651  0.2770 
   00303    0.5020   -5785.4722  0.2753 
   00304    0.4992   -5815.1540  0.2755 
   00305    0.5048   -5902.2566  0.2760 
   00306    0.4948   -5866.1151  0.2750 
   00307    0.5116   -5881.3315  0.2714 
   00308    0.5016   -5753.5371  0.2725 
   00309    0.4736   -5795.3725  0.2735 
   00310    0.4996   -5818.0617  0.2714 
   00311    0.4924   -5870.4215  0.2730 
   00312    0.4968   -5843.8348  0.2733 
   00313    0.4832   -5850.7421  0.2769 
   00314    0.4932   -5886.7724  0.2738 
   00315    0.4800   -5841.2915  0.2680 
   00316    0.4960   -5856.4608  0.2662 
   00317    0.4992   -5820.8227  0.2576 
   00318    0.5004   -5835.0927  0.2593 
   00319    0.5084   -5854.5970  0.2564 
   00320    0.5044   -5867.8188  0.2581 
   00321    0.5032   -5940.2331  0.2594 
   00322    0.4824   -5956.8187  0.2597 
   00323    0.4700   -5973.1738  0.2596 
   00324    0.4756   -5858.8802  0.2602 
   00325    0.4936   -5968.1341  0.2638 
   00326    0.4796   -5848.3950  0.2695 
   00327    0.4968   -5941.2916  0.2745 
   00328    0.5160   -5891.3724  0.2757 
   00329    0.5012   -5969.3676  0.2783 
   00330    0.4832   -5968.5364  0.2738 
   00331    0.4936   -5965.1248  0.2736 
   00332    0.4912   -5910.4463  0.2728 
   00333    0.5056   -5752.8471  0.2702 
   00334    0.5144   -5858.0786  0.2669 
   00335    0.5028   -5878.2422  0.2644 
   00336    0.4956   -5875.1868  0.2644 
   00337    0.4948   -6031.3167  0.2645 
   00338    0.4932   -5969.3433  0.2622 
   00339    0.5092   -5846.7778  0.2629 
   00340    0.4908   -5847.3557  0.2685 
   00341    0.5020   -5939.3652  0.2653 
   00342    0.4840   -5970.0145  0.2633 
   00343    0.4788   -5962.7898  0.2581 
   00344    0.4932   -5867.1593  0.2583 
   00345    0.5060   -5875.2967  0.2548 
   00346    0.4948   -5926.4621  0.2551 
   00347    0.4776   -5867.6680  0.2578 
   00348    0.4844   -5818.5442  0.2543 
   00349    0.4968   -5884.1534  0.2547 
   00350    0.5000   -6014.8587  0.2526 
   00351    0.4692   -5986.2334  0.2541 
   00352    0.4968   -5975.1046  0.2516 
   00353    0.4792   -5964.9766  0.2536 
   00354    0.4860   -5975.3046  0.2577 
   00355    0.4932   -6036.7874  0.2567 
   00356    0.4952   -6069.8185  0.2547 
   00357    0.4816   -5983.5832  0.2540 
   00358    0.4884   -5952.3496  0.2570 
   00359    0.4964   -6011.5579  0.2604 
   00360    0.4736   -5975.4442  0.2578 
   00361    0.4784   -5823.9630  0.2565 
   00362    0.4968   -5833.2002  0.2563 
   00363    0.5104   -5922.3158  0.2580 
   00364    0.5028   -6009.0422  0.2534 
   00365    0.4652   -5960.7854  0.2519 
   00366    0.4888   -5950.1482  0.2549 
   00367    0.4892   -5913.5368  0.2535 
   00368    0.4948   -5907.7562  0.2562 
   00369    0.5136   -5845.7072  0.2582 
   00370    0.4940   -5899.3654  0.2595 
   00371    0.4832   -5871.6024  0.2616 
   00372    0.5024   -5869.4856  0.2655 
   00373    0.4948   -5878.8167  0.2699 
   00374    0.4828   -5881.2057  0.2709 
   00375    0.4936   -5855.3699  0.2705 
   00376    0.5032   -5876.5565  0.2693 
   00377    0.5004   -5894.4210  0.2679 
   00378    0.4912   -5938.0117  0.2668 
   00379    0.5116   -5886.8926  0.2692 
   00380    0.5084   -5831.4752  0.2677 
   00381    0.5120   -5926.1421  0.2693 
   00382    0.4944   -5870.7187  0.2690 
   00383    0.4688   -5971.2052  0.2699 
   00384    0.4944   -5981.6686  0.2709 
   00385    0.4904   -5946.5803  0.2681 
   00386    0.4884   -5909.4886  0.2634 
   00387    0.4900   -5825.5260  0.2615 
   00388    0.5020   -5874.1770  0.2663 
   00389    0.4872   -6033.2479  0.2693 
   00390    0.4876   -5983.8777  0.2685 
   00391    0.4844   -5977.3365  0.2668 
   00392    0.4712   -5905.0235  0.2649 
   00393    0.5080   -5932.9707  0.2609 
   00394    0.4732   -5940.0568  0.2580 
   00395    0.4756   -5955.7606  0.2583 
   00396    0.4956   -6012.4542  0.2607 
   00397    0.5024   -5997.5614  0.2638 
   00398    0.4808   -5975.1393  0.2623 
   00399    0.4844   -5885.5847  0.2615 
   00400    0.4996   -5902.9519  0.2588 
   00401    0.4912   -5856.5432  0.2646 
   00402    0.4960   -5842.0468  0.2671 
   00403    0.4972   -5841.3308  0.2692 
   00404    0.4888   -5868.8135  0.2647 
   00405    0.4800   -5879.2203  0.2675 
   00406    0.5012   -5842.9906  0.2706 
   00407    0.4980   -5835.2309  0.2719 
   00408    0.4928   -5984.2973  0.2753 
   00409    0.4872   -6073.4407  0.2784 
   00410    0.4788   -6076.3646  0.2827 
   00411    0.4768   -6041.0490  0.2843 
   00412    0.4880   -6054.0047  0.2846 
   00413    0.4724   -6169.4161  0.2873 
   00414    0.4900   -6136.5557  0.2886 
   00415    0.4640   -5990.9606  0.2902 
   00416    0.4876   -5986.7549  0.2909 
   00417    0.4868   -6025.6003  0.2948 
   00418    0.5000   -5970.6901  0.2970 
   00419    0.4880   -5978.0110  0.2954 
   00420    0.4916   -6022.6707  0.2969 
   00421    0.4896   -6081.6952  0.2989 
   00422    0.5160   -5996.3314  0.2966 
   00423    0.4860   -5895.1603  0.2987 
   00424    0.4788   -5894.2747  0.2999 
   00425    0.4920   -5840.6544  0.2964 
   00426    0.4788   -5937.3590  0.2978 
   00427    0.4920   -5857.9267  0.2927 
   00428    0.4760   -5892.3890  0.2946 
   00429    0.4888   -5876.9846  0.2973 
   00430    0.4928   -5872.3901  0.2976 
   00431    0.4960   -5948.1134  0.3000 
   00432    0.4940   -5933.4318  0.3009 
   00433    0.4972   -6047.5343  0.3053 
   00434    0.4808   -6017.6281  0.3079 
   00435    0.4684   -6173.8536  0.3072 
   00436    0.4764   -6250.0536  0.3079 
   00437    0.4660   -6170.7107  0.3056 
   00438    0.4804   -6116.7757  0.3097 
   00439    0.4708   -6126.9860  0.3115 
   00440    0.4960   -6125.3288  0.3119 
   00441    0.4920   -6074.7044  0.3112 
   00442    0.4764   -6016.2395  0.3088 
   00443    0.4900   -5928.6362  0.3091 
   00444    0.4944   -6075.1541  0.3053 
   00445    0.4824   -6017.5906  0.3046 
   00446    0.4972   -6118.3752  0.3067 
   00447    0.4892   -6126.5243  0.3105 
   00448    0.4980   -6127.0222  0.3084 
   00449    0.4744   -6255.6594  0.3112 
   00450    0.4760   -6187.2987  0.3074 
   00451    0.4840   -6101.3733  0.3069 
   00452    0.4804   -6098.5265  0.3067 
   00453    0.4756   -6046.8366  0.3067 
   00454    0.4948   -6082.8144  0.3097 
   00455    0.4816   -6037.5086  0.3086 
   00456    0.4728   -6050.6456  0.3065 
   00457    0.4736   -6032.2185  0.3055 
   00458    0.5012   -5923.3736  0.3057 
   00459    0.4948   -5866.6548  0.3068 
   00460    0.5020   -5871.8641  0.3073 
   00461    0.4948   -5796.3426  0.3033 
   00462    0.5112   -5880.1662  0.3055 
   00463    0.5124   -5789.7264  0.3033 
   00464    0.5004   -5825.5926  0.3016 
   00465    0.5084   -5906.6058  0.2996 
   00466    0.4908   -5853.2723  0.2940 
   00467    0.5108   -5826.6943  0.2918 
   00468    0.5024   -5890.6729  0.2951 
   00469    0.4868   -5801.0655  0.2901 
   00470    0.4920   -5850.6129  0.2910 
   00471    0.4972   -5869.4925  0.2934 
   00472    0.5008   -5861.4967  0.2911 
   00473    0.5008   -5880.4613  0.2899 
   00474    0.4756   -5900.0715  0.2940 
   00475    0.4916   -5909.0293  0.2885 
   00476    0.4880   -5877.7390  0.2905 
   00477    0.4936   -5876.6164  0.2915 
   00478    0.4936   -5971.9366  0.2942 
   00479    0.4852   -5976.7917  0.2914 
   00480    0.4780   -6039.6683  0.2931 
   00481    0.4664   -5925.6016  0.2921 
   00482    0.5048   -5978.7276  0.2902 
   00483    0.4732   -6011.6754  0.2902 
   00484    0.4708   -5966.7500  0.2878 
   00485    0.4944   -5988.6885  0.2882 
   00486    0.4872   -5924.0128  0.2823 
   00487    0.4844   -5860.4313  0.2842 
   00488    0.4980   -5840.9752  0.2846 
   00489    0.5160   -5924.5282  0.2851 
   00490    0.5008   -5911.4165  0.2840 
   00491    0.5144   -5960.7070  0.2810 
   00492    0.4884   -5974.4517  0.2830 
   00493    0.5004   -5897.6449  0.2860 
   00494    0.4712   -5903.1513  0.2870 
   00495    0.5032   -5823.1268  0.2860 
   00496    0.5072   -5754.7310  0.2875 
   00497    0.4756   -5795.5091  0.2862 
   00498    0.5056   -5812.4443  0.2846 
   00499    0.4912   -5756.5525  0.2854 
   00500    0.5248   -5824.1233  0.2812 
   00501    0.5188   -5847.6285  0.2834 
   00502    0.4964   -5871.6497  0.2819 
   00503    0.4852   -5940.5329  0.2818 
   00504    0.5016   -5950.0936  0.2805 
   00505    0.4940   -5983.4272  0.2779 
   00506    0.4772   -6053.1428  0.2818 
   00507    0.4772   -6086.9288  0.2826 
   00508    0.4808   -6065.4713  0.2812 
   00509    0.5012   -6080.8796  0.2834 
   00510    0.4856   -6041.5179  0.2859 
   00511    0.4692   -6016.1069  0.2865 
   00512    0.4688   -5994.3142  0.2889 
   00513    0.4912   -5994.2009  0.2852 
   00514    0.4668   -5960.1120  0.2830 
   00515    0.4676   -5903.0492  0.2854 
   00516    0.4784   -5914.1206  0.2839 
   00517    0.5120   -5931.2381  0.2857 
   00518    0.4956   -5960.3970  0.2804 
   00519    0.4944   -5846.2833  0.2807 
   00520    0.5136   -5860.9626  0.2831 
   00521    0.4928   -5882.4436  0.2847 
   00522    0.4940   -5906.0911  0.2826 
   00523    0.5024   -5964.2595  0.2853 
   00524    0.5020   -5893.3213  0.2869 
   00525    0.5100   -5960.1008  0.2846 
   00526    0.4628   -6025.3604  0.2865 
   00527    0.4868   -6007.7729  0.2841 
   00528    0.4736   -5941.0830  0.2811 
   00529    0.5044   -5936.2649  0.2781 
   00530    0.4992   -5858.0076  0.2809 
   00531    0.4624   -5921.5625  0.2815 
   00532    0.5032   -5896.7117  0.2774 
   00533    0.5108   -5925.6050  0.2757 
   00534    0.4904   -5882.6691  0.2761 
   00535    0.4948   -5945.3207  0.2728 
   00536    0.4912   -5844.1319  0.2732 
   00537    0.4908   -5766.2611  0.2735 
   00538    0.5124   -5720.1306  0.2729 
   00539    0.5244   -5780.0123  0.2711 
   00540    0.5092   -5783.5197  0.2687 
   00541    0.5080   -5808.0790  0.2701 
   00542    0.4928   -5865.1148  0.2714 
   00543    0.4884   -5854.9613  0.2714 
   00544    0.4940   -5865.7764  0.2665 
   00545    0.4988   -5777.9671  0.2690 
   00546    0.5124   -5894.5418  0.2719 
   00547    0.4784   -5979.8397  0.2691 
   00548    0.4520   -6013.7875  0.2706 
   00549    0.4844   -5984.8913  0.2737 
   00550    0.4968   -5957.6670  0.2708 
   00551    0.5000   -5948.7546  0.2695 
   00552    0.4848   -5924.4120  0.2716 
   00553    0.4896   -5991.8443  0.2723 
   00554    0.4828   -6028.6212  0.2706 
   00555    0.4980   -5900.5817  0.2730 
   00556    0.4864   -5787.5189  0.2709 
   00557    0.4916   -5745.6304  0.2669 
   00558    0.5144   -5853.0552  0.2697 
   00559    0.4960   -5856.2196  0.2717 
   00560    0.4952   -5849.5108  0.2699 
   00561    0.5044   -5879.8329  0.2704 
   00562    0.4964   -5975.3320  0.2744 
   00563    0.5104   -5974.0136  0.2725 
   00564    0.4944   -5927.6492  0.2727 
   00565    0.4932   -5878.9315  0.2709 
   00566    0.4760   -6016.5787  0.2674 
   00567    0.4888   -5891.6984  0.2632 
   00568    0.4908   -5899.6829  0.2605 
   00569    0.4936   -5853.3203  0.2619 
   00570    0.4940   -5806.0779  0.2635 
   00571    0.5072   -5830.4019  0.2675 
   00572    0.4972   -5825.4688  0.2704 
   00573    0.5064   -5777.2049  0.2678 
   00574    0.5128   -5763.5008  0.2717 
   00575    0.5008   -5810.5831  0.2679 
   00576    0.4968   -5877.0287  0.2654 
   00577    0.5008   -5909.3532  0.2677 
   00578    0.5056   -5815.9039  0.2654 
   00579    0.5216   -5766.4802  0.2669 
   00580    0.4936   -5777.5071  0.2637 
   00581    0.4976   -5800.7570  0.2580 
   00582    0.5088   -5808.2155  0.2555 
   00583    0.5092   -5910.0109  0.2567 
   00584    0.4864   -5857.4077  0.2578 
   00585    0.4996   -5827.8058  0.2556 
   00586    0.4956   -5971.9918  0.2528 
   00587    0.4808   -5947.1764  0.2569 
   00588    0.4936   -5960.1725  0.2567 
   00589    0.4744   -5967.7793  0.2533 
   00590    0.5156   -5870.0458  0.2562 
   00591    0.5004   -5817.8633  0.2544 
   00592    0.4876   -5952.4296  0.2557 
   00593    0.4896   -5944.1763  0.2582 
   00594    0.4844   -5951.5850  0.2592 
   00595    0.4964   -5945.0655  0.2574 
   00596    0.4848   -5980.6034  0.2580 
   00597    0.4876   -6011.2563  0.2606 
   00598    0.4748   -5988.3068  0.2587 
   00599    0.4860   -5992.4900  0.2622 
   00600    0.4620   -5982.3485  0.2622 
   00601    0.4872   -5925.6658  0.2644 
   00602    0.4944   -5884.1682  0.2677 
   00603    0.5020   -5912.6604  0.2682 
   00604    0.5020   -5926.0516  0.2690 
   00605    0.4932   -5953.1698  0.2681 
   00606    0.4928   -6055.2571  0.2658 
   00607    0.4864   -5984.0128  0.2624 
   00608    0.4796   -6001.8367  0.2637 
   00609    0.4944   -6011.5483  0.2648 
   00610    0.4848   -5926.3711  0.2658 
   00611    0.4960   -5934.6540  0.2670 
   00612    0.4952   -5940.6033  0.2670 
   00613    0.4844   -5844.2619  0.2648 
   00614    0.5008   -5948.9006  0.2660 
   00615    0.4836   -5899.6027  0.2718 
   00616    0.4964   -5953.2573  0.2778 
   00617    0.4668   -5984.1317  0.2779 
   00618    0.5028   -5904.6471  0.2743 
   00619    0.4692   -5969.6379  0.2681 
   00620    0.4928   -5994.0809  0.2684 
   00621    0.4872   -5842.9818  0.2710 
   00622    0.4948   -5893.6300  0.2756 
   00623    0.4892   -5898.2116  0.2760 
   00624    0.4732   -5892.8309  0.2749 
   00625    0.4876   -5869.6825  0.2744 
   00626    0.4892   -5882.4638  0.2791 
   00627    0.5092   -5952.8357  0.2784 
   00628    0.4884   -5988.4850  0.2771 
   00629    0.4956   -6061.3768  0.2773 
   00630    0.4856   -5987.2165  0.2747 
   00631    0.4728   -6018.1779  0.2765 
   00632    0.4908   -6053.8939  0.2705 
   00633    0.4812   -6003.4654  0.2698 
   00634    0.4808   -5936.9640  0.2712 
   00635    0.4932   -5908.9073  0.2750 
   00636    0.4912   -5895.6273  0.2730 
   00637    0.4876   -5946.3605  0.2767 
   00638    0.4868   -5939.1624  0.2696 
   00639    0.4872   -5861.7653  0.2712 
   00640    0.4856   -5881.8487  0.2734 
   00641    0.4888   -5942.6445  0.2738 
   00642    0.4896   -5867.8881  0.2760 
   00643    0.5192   -5832.3460  0.2709 
   00644    0.4960   -5854.0423  0.2739 
   00645    0.4888   -5862.8543  0.2757 
   00646    0.5000   -5793.6650  0.2726 
   00647    0.4940   -5816.3437  0.2661 
   00648    0.4992   -5798.0738  0.2691 
   00649    0.4988   -5966.1280  0.2719 
   00650    0.5028   -5975.2465  0.2734 
   00651    0.4968   -5951.6469  0.2699 
   00652    0.4940   -5909.7602  0.2657 
   00653    0.4956   -5950.3027  0.2734 
   00654    0.5104   -5871.9449  0.2686 
   00655    0.4976   -5780.1335  0.2694 
   00656    0.5028   -5812.9117  0.2661 
   00657    0.5124   -5822.3994  0.2658 
   00658    0.4960   -5886.0283  0.2664 
   00659    0.4876   -5906.4373  0.2695 
   00660    0.4940   -5820.8415  0.2629 
   00661    0.5148   -5818.7408  0.2645 
   00662    0.5072   -5778.3255  0.2638 
   00663    0.4904   -5874.8588  0.2595 
   00664    0.4972   -5986.8246  0.2634 
   00665    0.4972   -5929.3207  0.2663 
   00666    0.5060   -5939.8914  0.2662 
   00667    0.4856   -5913.4597  0.2602 
   00668    0.4928   -5853.2876  0.2603 
   00669    0.5092   -5850.5655  0.2578 
   00670    0.4904   -5843.9777  0.2616 
   00671    0.5048   -5860.8788  0.2597 
   00672    0.5060   -5718.2228  0.2603 
   00673    0.5008   -5813.7672  0.2650 
   00674    0.4852   -5865.6932  0.2629 
   00675    0.4812   -5918.4882  0.2643 
   00676    0.5068   -5880.9901  0.2670 
   00677    0.4944   -5881.5938  0.2667 
   00678    0.5024   -5789.0427  0.2706 
   00679    0.4920   -5807.1108  0.2726 
   00680    0.5196   -5724.8328  0.2736 
   00681    0.5228   -5802.4758  0.2706 
   00682    0.5168   -5816.8207  0.2723 
   00683    0.4888   -5785.3395  0.2758 
   00684    0.5000   -5719.8011  0.2779 
   00685    0.5092   -5793.4438  0.2758 
   00686    0.5120   -5698.4701  0.2766 
   00687    0.5072   -5733.9036  0.2715 
   00688    0.4940   -5777.0891  0.2722 
   00689    0.4976   -5766.0818  0.2737 
   00690    0.5096   -5738.4009  0.2729 
   00691    0.5072   -5744.7340  0.2734 
   00692    0.5028   -5776.1643  0.2711 
   00693    0.4784   -5761.5131  0.2722 
   00694    0.4908   -5853.0085  0.2733 
   00695    0.4764   -5907.8842  0.2785 
   00696    0.4692   -5789.4544  0.2752 
   00697    0.5044   -5844.4075  0.2691 
   00698    0.4992   -5830.4694  0.2695 
   00699    0.5112   -5818.9864  0.2716 
   00700    0.4948   -5683.5612  0.2746 
   00701    0.5016   -5792.3570  0.2764 
   00702    0.5036   -5732.7916  0.2761 
   00703    0.4860   -5800.2258  0.2677 
   00704    0.4968   -5754.6538  0.2645 
   00705    0.4964   -5827.3009  0.2667 
   00706    0.4812   -5883.3961  0.2638 
   00707    0.4808   -5914.4690  0.2623 
   00708    0.4964   -5957.2138  0.2642 
   00709    0.4808   -5938.5514  0.2625 
   00710    0.5048   -5964.0419  0.2627 
   00711    0.4828   -6034.7590  0.2658 
   00712    0.4960   -6002.6387  0.2681 
   00713    0.4792   -6151.7770  0.2741 
   00714    0.4884   -6116.2599  0.2732 
   00715    0.4768   -6104.5882  0.2743 
   00716    0.4816   -6117.9740  0.2716 
   00717    0.4724   -6098.0197  0.2657 
   00718    0.4792   -6043.8409  0.2627 
   00719    0.4844   -6026.1381  0.2606 
   00720    0.5020   -6047.5208  0.2617 
   00721    0.4968   -6083.5341  0.2627 
   00722    0.4820   -6013.5272  0.2612 
   00723    0.4848   -6016.3334  0.2598 
   00724    0.4764   -6020.5393  0.2578 
   00725    0.4800   -6073.0622  0.2543 
   00726    0.5020   -6056.7041  0.2536 
   00727    0.5136   -5879.2152  0.2567 
   00728    0.5060   -5861.4406  0.2594 
   00729    0.4968   -5878.0946  0.2617 
   00730    0.5060   -5914.3999  0.2630 
   00731    0.4964   -5936.5162  0.2641 
   00732    0.4632   -5951.5781  0.2658 
   00733    0.4852   -6032.9599  0.2655 
   00734    0.4916   -5934.7503  0.2654 
   00735    0.5064   -5911.9808  0.2605 
   00736    0.5036   -5877.8103  0.2554 
   00737    0.4984   -5835.6242  0.2598 
   00738    0.4936   -5979.1214  0.2616 
   00739    0.4960   -5997.7545  0.2627 
   00740    0.4956   -5930.2144  0.2622 
   00741    0.4996   -5948.9184  0.2622 
   00742    0.4868   -5952.4160  0.2590 
   00743    0.5044   -5952.4548  0.2650 
   00744    0.4940   -5797.8597  0.2678 
   00745    0.5096   -5703.3214  0.2627 
   00746    0.5052   -5641.9541  0.2643 
   00747    0.5072   -5676.2632  0.2619 
   00748    0.5096   -5782.3922  0.2637 
   00749    0.5088   -5798.5959  0.2645 
   00750    0.4988   -5927.6533  0.2632 
   00751    0.4768   -5912.2041  0.2621 
   00752    0.4936   -5852.9040  0.2647 
   00753    0.4920   -5930.4823  0.2628 
   00754    0.4864   -5906.2935  0.2661 
   00755    0.4836   -5889.8668  0.2671 
   00756    0.4884   -5866.2629  0.2679 
   00757    0.5080   -5839.2783  0.2709 
   00758    0.5040   -5727.0840  0.2728 
   00759    0.5124   -5722.9119  0.2721 
   00760    0.4944   -5787.7971  0.2719 
   00761    0.5080   -5742.5813  0.2761 
   00762    0.4988   -5768.9250  0.2747 
   00763    0.5164   -5808.1754  0.2742 
   00764    0.5000   -5827.9603  0.2785 
   00765    0.4988   -5854.1974  0.2790 
   00766    0.5084   -5794.0722  0.2804 
   00767    0.5064   -5774.8960  0.2829 
   00768    0.5016   -5695.0532  0.2807 
   00769    0.5076   -5715.0181  0.2838 
   00770    0.4924   -5697.9396  0.2789 
   00771    0.5128   -5707.6064  0.2781 
   00772    0.4992   -5725.8923  0.2784 
   00773    0.5188   -5698.4261  0.2769 
   00774    0.5016   -5799.7686  0.2726 
   00775    0.4996   -5885.4851  0.2722 
   00776    0.5260   -5833.6741  0.2675 
   00777    0.4888   -5897.1636  0.2669 
   00778    0.4804   -5891.5361  0.2676 
   00779    0.4872   -5780.1317  0.2646 
   00780    0.5056   -5789.0742  0.2649 
   00781    0.4972   -5797.4584  0.2623 
   00782    0.4736   -5843.0714  0.2620 
   00783    0.4940   -5798.5214  0.2617 
   00784    0.4892   -5933.3009  0.2616 
   00785    0.5068   -5911.3576  0.2635 
   00786    0.4964   -5940.3234  0.2604 
   00787    0.4928   -6041.7528  0.2602 
   00788    0.5060   -6025.2849  0.2616 
   00789    0.4944   -5927.9865  0.2627 
   00790    0.4892   -5970.7789  0.2624 
   00791    0.4956   -5958.6173  0.2611 
   00792    0.5096   -5907.1490  0.2630 
   00793    0.4972   -5835.9579  0.2645 
   00794    0.4876   -5925.3808  0.2613 
   00795    0.4956   -5952.9917  0.2567 
   00796    0.4904   -5920.6128  0.2572 
   00797    0.4952   -5948.9233  0.2572 
   00798    0.4928   -5951.8916  0.2603 
   00799    0.4988   -5846.1964  0.2613 
   00800    0.5056   -5803.0888  0.2595 
