#=====================================================
# File created:        Sat-09-Mar-2024-at-11-55-42AM
# Size of lattice:     200x200
# Number of MC steps:  200
# Reduced temperature: 0.500
# Run time (s):        51.833292
#=====================================================
# MC step:  Ratio:     Energy:   Order:
#=====================================================
   00000    0.5000  -40047.0719  0.2528 
   00001    0.6573  -52756.6071  0.2535 
   00002    0.5938  -61294.2354  0.2535 
   00003    0.5557  -67539.1744  0.2532 
   00004    0.5224  -72244.1731  0.2545 
   00005    0.5012  -76027.6741  0.2533 
   00006    0.4837  -79074.0654  0.2551 
   00007    0.4681  -81648.9802  0.2539 
   00008    0.4528  -83921.4833  0.2546 
   00009    0.4365  -85716.2874  0.2551 
   00010    0.4350  -87297.7434  0.2555 
   00011    0.4303  -88571.6525  0.2572 
   00012    0.4220  -89615.2736  0.2557 
   00013    0.4179  -90832.3390  0.2575 
   00014    0.4159  -91829.5139  0.2578 
   00015    0.4059  -92721.3309  0.2561 
   00016    0.4039  -93581.0362  0.2563 
   00017    0.4040  -94520.3030  0.2564 
   00018    0.3950  -95094.6535  0.2557 
   00019    0.3931  -95820.8352  0.2546 
   00020    0.3880  -96403.5265  0.2555 
   00021    0.3821  -96987.1261  0.2557 
   00022    0.3827  -97497.2307  0.2579 
   00023    0.3816  -97966.1815  0.2568 
   00024    0.3745  -98260.3690  0.2567 
   00025    0.3729  -98897.5490  0.2561 
   00026    0.3743  -99016.8222  0.2542 
   00027    0.3743  -99024.9412  0.2543 
   00028    0.3740  -99052.9350  0.2553 
   00029    0.3763  -99339.8841  0.2558 
   00030    0.3745  -99469.0257  0.2573 
   00031    0.3754  -99770.3252  0.2584 
   00032    0.3674 -100014.3658  0.2584 
   00033    0.3700 -100278.5733  0.2596 
   00034    0.3648 -100221.4913  0.2591 
   00035    0.3743 -100425.6190  0.2610 
   00036    0.3660 -100656.0215  0.2635 
   00037    0.3637 -100831.8645  0.2627 
   00038    0.3710 -100815.7771  0.2618 
   00039    0.3549 -100814.6635  0.2625 
   00040    0.3683 -101226.5659  0.2602 
   00041    0.3643 -101318.5747  0.2616 
   00042    0.3670 -101643.8848  0.2602 
   00043    0.3636 -101884.9781  0.2606 
   00044    0.3645 -102197.9873  0.2608 
   00045    0.3629 -102118.6710  0.2593 
   00046    0.3629 -102126.1623  0.2592 
   00047    0.3583 -102213.7052  0.2587 
   00048    0.3617 -102154.2912  0.2592 
   00049    0.3618 -102037.5091  0.2579 
   00050    0.3652 -102371.1901  0.2591 
   00051    0.3683 -102381.9230  0.2600 
   00052    0.3644 -102494.5808  0.2593 
   00053    0.3592 -102840.7907  0.2602 
   00054    0.3565 -103052.4781  0.2604 
   00055    0.3548 -103132.9189  0.2611 
   00056    0.3600 -103084.3412  0.2619 
   00057    0.3541 -103125.6447  0.2608 
   00058    0.3610 -103566.5897  0.2623 
   00059    0.3544 -103868.3579  0.2650 
   00060    0.3533 -103851.4486  0.2650 
   00061    0.3550 -104180.8341  0.2641 
   00062    0.3542 -104032.5781  0.2626 
   00063    0.3523 -104218.5358  0.2648 
   00064    0.3582 -103998.4527  0.2642 
   00065    0.3543 -103925.7597  0.2661 
   00066    0.3491 -103923.5064  0.2665 
   00067    0.3473 -104267.9396  0.2671 
   00068    0.3519 -104215.1495  0.2678 
   00069    0.3548 -104329.0848  0.2672 
   00070    0.3506 -104533.6538  0.2671 
   00071    0.3582 -104538.2457  0.2674 
   00072    0.3558 -104413.2877  0.2668 
   00073    0.3541 -104702.4726  0.2653 
   00074    0.3477 -104507.1015  0.2636 
   00075    0.3553 -104433.9352  0.2660 
   00076    0.3461 -104781.2064  0.2674 
   00077    0.3496 -104661.2004  0.2685 
   00078    0.3552 -104926.5639  0.2665 
   00079    0.3490 -104839.9838  0.2678 
   00080    0.3514 -104683.6317  0.2670 
   00081    0.3487 -105018.6569  0.2677 
   00082    0.3464 -105141.5845  0.2666 
   00083    0.3494 -105509.6421  0.2656 
   00084    0.3473 -105248.9186  0.2665 
   00085    0.3473 -105199.2928  0.2667 
   00086    0.3468 -105130.6052  0.2661 
   00087    0.3453 -105465.0085  0.2642 
   00088    0.3458 -105303.2817  0.2642 
   00089    0.3490 -105565.8408  0.2634 
   00090    0.3453 -105457.5205  0.2629 
   00091    0.3542 -105776.4092  0.2625 
   00092    0.3422 -105924.2285  0.2638 
   00093    0.3441 -106145.6715  0.2657 
   00094    0.3477 -105904.5252  0.2654 
   00095    0.3482 -105833.6208  0.2637 
   00096    0.3479 -105648.9966  0.2630 
   00097    0.3458 -105630.8767  0.2616 
   00098    0.3495 -105551.5818  0.2615 
   00099    0.3485 -105612.4801  0.2617 
   00100    0.3499 -105171.1793  0.2623 
   00101    0.3456 -105255.8650  0.2627 
   00102    0.3504 -105220.5017  0.2629 
   00103    0.3488 -105364.5537  0.2621 
   00104    0.3468 -105397.0421  0.2637 
   00105    0.3510 -105513.7377  0.2654 
   00106    0.3522 -105523.5576  0.2670 
   00107    0.3469 -105577.7549  0.2657 
   00108    0.3487 -105749.3004  0.2656 
   00109    0.3458 -106061.1432  0.2658 
   00110    0.3419 -105901.7520  0.2643 
   00111    0.3373 -105744.6800  0.2641 
   00112    0.3419 -105766.7488  0.2641 
   00113    0.3450 -105870.2058  0.2655 
   00114    0.3392 -105718.9264  0.2650 
   00115    0.3382 -105567.3745  0.2636 
   00116    0.3458 -105461.6988  0.2634 
   00117    0.3443 -105468.4398  0.2647 
   00118    0.3463 -105512.7415  0.2660 
   00119    0.3443 -105375.2329  0.2664 
   00120    0.3511 -105638.6547  0.2668 
   00121    0.3506 -105409.5519  0.2668 
   00122    0.3408 -105488.8419  0.2693 
   00123    0.3449 -105555.3114  0.2701 
   00124    0.3458 -105584.4345  0.2702 
   00125    0.3471 -105416.0327  0.2713 
   00126    0.3476 -105438.1465  0.2711 
   00127    0.3492 -105540.9224  0.2704 
   00128    0.3451 -105780.5138  0.2696 
   00129    0.3415 -106031.0485  0.2716 
   00130    0.3476 -106023.6912  0.2723 
   00131    0.3440 -106122.3893  0.2707 
   00132    0.3435 -106057.5904  0.2720 
   00133    0.3442 -106172.1308  0.2705 
   00134    0.3378 -106044.1064  0.2704 
   00135    0.3402 -105753.2262  0.2711 
   00136    0.3422 -105930.9779  0.2724 
   00137    0.3433 -106081.8385  0.2725 
   00138    0.3473 -106193.7293  0.2726 
   00139    0.3372 -106362.8420  0.2714 
   00140    0.3414 -106576.0511  0.2686 
   00141    0.3381 -106448.1137  0.2695 
   00142    0.3405 -106654.8285  0.2693 
   00143    0.3384 -106255.3584  0.2681 
   00144    0.3468 -105942.2585  0.2681 
   00145    0.3435 -105951.8191  0.2696 
   00146    0.3454 -106337.9279  0.2700 
   00147    0.3467 -106287.4310  0.2685 
   00148    0.3373 -106276.1725  0.2685 
   00149    0.3397 -106357.9738  0.2686 
   00150    0.3397 -106242.2135  0.2704 
   00151    0.3372 -106190.2660  0.2699 
   00152    0.3399 -105976.0650  0.2704 
   00153    0.3401 -105818.1169  0.2710 
   00154    0.3432 -105732.0352  0.2718 
   00155    0.3447 -105742.5557  0.2701 
   00156    0.3462 -105802.6748  0.2682 
   00157    0.3486 -105769.6288  0.2671 
   00158    0.3449 -105908.7268  0.2670 
   00159    0.3440 -105627.5243  0.2687 
   00160    0.3455 -105828.8209  0.2691 
   00161    0.3454 -105636.8583  0.2704 
   00162    0.3400 -105408.1216  0.2688 
   00163    0.3447 -105460.4269  0.2687 
   00164    0.3476 -105594.6480  0.2685 
   00165    0.3498 -105651.6898  0.2666 
   00166    0.3463 -105684.5668  0.2662 
   00167    0.3484 -105928.9358  0.2668 
   00168    0.3505 -105836.5105  0.2664 
   00169    0.3488 -105515.2420  0.2663 
   00170    0.3486 -105543.0457  0.2655 
   00171    0.3446 -105660.2020  0.2650 
   00172    0.3441 -105706.1674  0.2641 
   00173    0.3401 -105935.0952  0.2631 
   00174    0.3502 -106088.6018  0.2620 
   00175    0.3473 -106172.0957  0.2623 
   00176    0.3452 -106201.2099  0.2614 
   00177    0.3424 -106023.5596  0.2620 
   00178    0.3420 -105863.1881  0.2610 
   00179    0.3436 -106002.0112  0.2624 
   00180    0.3442 -106339.4650  0.2615 
   00181    0.3446 -106315.5051  0.2626 
   00182    0.3381 -106340.7137  0.2619 
   00183    0.3406 -106122.6145  0.2600 
   00184    0.3448 -106536.5115  0.2607 
   00185    0.3457 -106676.1589  0.2613 
   00186    0.3401 -106576.7974  0.2622 
   00187    0.3410 -106768.2369  0.2627 
   00188    0.3462 -106877.1716  0.2604 
   00189    0.3417 -106869.1685  0.2616 
   00190    0.3487 -106719.3804  0.2591 
   00191    0.3371 -106806.1310  0.2592 
   00192    0.3383 -107066.7369  0.2599 
   00193    0.3362 -107032.0580  0.2597 
   00194    0.3424 -107173.0074  0.2590 
   00195    0.3418 -106750.4092  0.2576 
   00196    0.3389 -106986.8027  0.2585 
   00197    0.3422 -107058.7681  0.2581 
   00198    0.3357 -107244.2360  0.2563 
   00199    0.3364 -107416.6784  0.2557 
   00200    0.3366 -107231.1165  0.2559 
