#=====================================================
# File created:        Tue-12-Mar-2024-at-04-23-21PM
# Size of lattice:     250x250
# Number of MC steps:  50
# Reduced temperature: 1.000
# Run time (s):        48.111950
#=====================================================
# MC step:  Ratio:     Energy:   Order:
#=====================================================
   00000    0.5000  -62572.8950  0.2508 
   00001    0.6953  -95114.6743  0.2505 
   00002    0.6220 -110102.2765  0.2501 
   00003    0.5897 -118748.8261  0.2506 
   00004    0.5693 -125423.1715  0.2511 
   00005    0.5488 -129595.7619  0.2518 
   00006    0.5394 -132553.0344  0.2515 
   00007    0.5298 -134741.9809  0.2514 
   00008    0.5237 -136482.2612  0.2516 
   00009    0.5247 -137558.4733  0.2518 
   00010    0.5212 -138768.0878  0.2525 
   00011    0.5152 -139880.1594  0.2532 
   00012    0.5133 -141102.1298  0.2536 
   00013    0.5067 -141620.9984  0.2538 
   00014    0.5098 -142538.4975  0.2539 
   00015    0.5082 -143087.9305  0.2547 
   00016    0.5028 -143400.7317  0.2550 
   00017    0.5062 -144348.9917  0.2542 
   00018    0.5041 -144476.9246  0.2550 
   00019    0.5002 -145008.7631  0.2559 
   00020    0.4999 -144822.3362  0.2557 
   00021    0.4978 -145196.2849  0.2557 
   00022    0.5050 -145185.1137  0.2555 
   00023    0.4998 -145420.0828  0.2557 
   00024    0.4994 -145992.8331  0.2567 
   00025    0.4949 -146478.0953  0.2567 
   00026    0.4929 -146805.8534  0.2562 
   00027    0.4959 -146685.3803  0.2554 
   00028    0.4963 -147328.7751  0.2553 
   00029    0.4944 -146957.8047  0.2550 
   00030    0.4948 -146820.1428  0.2550 
   00031    0.4960 -146630.0479  0.2547 
   00032    0.4966 -146328.8432  0.2550 
   00033    0.4961 -146176.0644  0.2550 
   00034    0.4979 -146287.4512  0.2552 
   00035    0.4990 -146480.4953  0.2548 
   00036    0.4926 -146372.5108  0.2546 
   00037    0.4956 -146098.9603  0.2548 
   00038    0.4952 -146114.9487  0.2545 
   00039    0.4955 -146421.5333  0.2545 
   00040    0.4987 -146293.9067  0.2547 
   00041    0.4950 -146366.3377  0.2549 
   00042    0.4968 -146958.7830  0.2548 
   00043    0.4976 -146849.0676  0.2535 
   00044    0.4968 -146953.7940  0.2532 
   00045    0.4930 -147154.8692  0.2537 
   00046    0.4946 -147134.8598  0.2537 
   00047    0.4974 -147062.6259  0.2538 
   00048    0.4941 -146939.5061  0.2545 
   00049    0.4905 -147030.6962  0.2541 
   00050    0.4919 -147224.5695  0.2546 
