#=====================================================
# File created:        Tue-12-Mar-2024-at-04-08-29PM
# Size of lattice:     300x300
# Number of MC steps:  50
# Reduced temperature: 1.000
# Run time (s):        19.049400
#=====================================================
# MC step:  Ratio:     Energy:   Order:
#=====================================================
   00000    0.5000  -89658.2863  0.2527 
   00001    0.6952 -136549.0524  0.2549 
   00002    0.6242 -158880.5593  0.2544 
   00003    0.5863 -171725.3088  0.2571 
   00004    0.5649 -180013.5439  0.2553 
   00005    0.5507 -186173.6627  0.2555 
   00006    0.5391 -191590.7502  0.2582 
   00007    0.5317 -194796.7887  0.2600 
   00008    0.5258 -196291.7569  0.2609 
   00009    0.5240 -198728.1971  0.2621 
   00010    0.5168 -201322.8291  0.2615 
   00011    0.5143 -203436.6325  0.2596 
   00012    0.5099 -203859.1063  0.2588 
   00013    0.5094 -204676.4798  0.2583 
   00014    0.5086 -205004.1353  0.2564 
   00015    0.5078 -206309.5859  0.2561 
   00016    0.5065 -206934.9599  0.2570 
   00017    0.5014 -207342.4206  0.2594 
   00018    0.5033 -207918.4185  0.2584 
   00019    0.5005 -208207.6312  0.2601 
   00020    0.5033 -208501.0245  0.2624 
   00021    0.5015 -209077.8906  0.2641 
   00022    0.4986 -209164.4518  0.2660 
   00023    0.4998 -209666.1360  0.2687 
   00024    0.4980 -210047.6464  0.2682 
   00025    0.4983 -209767.3600  0.2685 
   00026    0.4974 -209880.9061  0.2671 
   00027    0.4994 -210642.0620  0.2659 
   00028    0.4968 -210808.8335  0.2670 
   00029    0.4954 -210368.2139  0.2663 
   00030    0.4967 -210827.0166  0.2667 
   00031    0.4946 -210473.2061  0.2670 
   00032    0.4985 -210305.9831  0.2666 
   00033    0.4984 -211177.8096  0.2667 
   00034    0.4934 -212027.3780  0.2660 
   00035    0.4963 -211816.8471  0.2669 
   00036    0.4919 -212537.5548  0.2653 
   00037    0.4915 -211853.6721  0.2644 
   00038    0.4995 -211464.1767  0.2651 
   00039    0.4957 -211233.7050  0.2658 
   00040    0.4962 -211319.7588  0.2655 
   00041    0.4971 -212018.9055  0.2655 
   00042    0.4927 -211846.9753  0.2658 
   00043    0.4951 -211321.4026  0.2647 
   00044    0.4954 -211197.8850  0.2646 
   00045    0.4925 -211829.1170  0.2640 
   00046    0.4937 -212139.3010  0.2665 
   00047    0.4951 -212136.5784  0.2662 
   00048    0.4932 -212035.3374  0.2675 
   00049    0.4926 -212919.3567  0.2676 
   00050    0.4914 -212848.9473  0.2670 
