#=====================================================
# File created:        Tue-12-Mar-2024-at-06-31-04PM
# Size of lattice:     50x50
# Number of MC steps:  900
# Reduced temperature: 1.000
# Run time (s):        6.319849
#=====================================================
# MC step:  Ratio:     Energy:   Order:
#=====================================================
   00000    0.5000   -2509.6048  0.2518 
   00001    0.6984   -3821.4874  0.2517 
   00002    0.6264   -4498.8644  0.2524 
   00003    0.5844   -4875.3683  0.2532 
   00004    0.5556   -5041.3273  0.2561 
   00005    0.5672   -5175.2052  0.2599 
   00006    0.5508   -5232.1796  0.2659 
   00007    0.5104   -5402.3129  0.2597 
   00008    0.5200   -5580.3041  0.2609 
   00009    0.5116   -5645.9397  0.2632 
   00010    0.5000   -5787.0527  0.2647 
   00011    0.4924   -5888.2380  0.2657 
   00012    0.4796   -5848.8199  0.2669 
   00013    0.4952   -5905.2950  0.2676 
   00014    0.5024   -5859.2358  0.2687 
   00015    0.4968   -5949.5428  0.2678 
   00016    0.4884   -5898.0279  0.2683 
   00017    0.4956   -5847.6615  0.2623 
   00018    0.4956   -5778.0665  0.2590 
   00019    0.5180   -5792.6172  0.2573 
   00020    0.4924   -5851.2379  0.2599 
   00021    0.5000   -5718.5320  0.2653 
   00022    0.5036   -5788.4023  0.2641 
   00023    0.5084   -5769.3482  0.2615 
   00024    0.4968   -5782.4550  0.2613 
   00025    0.5132   -5819.6655  0.2615 
   00026    0.5028   -5791.1724  0.2647 
   00027    0.4916   -5830.8076  0.2663 
   00028    0.5032   -5823.8451  0.2750 
   00029    0.4912   -5889.0949  0.2734 
   00030    0.4832   -5992.1603  0.2715 
   00031    0.4952   -5910.9342  0.2762 
   00032    0.4764   -5875.6281  0.2788 
   00033    0.4756   -5837.0208  0.2773 
   00034    0.4912   -5893.3163  0.2751 
   00035    0.4912   -5879.9079  0.2761 
   00036    0.5080   -5859.4373  0.2726 
   00037    0.5052   -5856.7901  0.2694 
   00038    0.4908   -5800.4066  0.2697 
   00039    0.5140   -5821.2432  0.2693 
   00040    0.5048   -5735.7327  0.2696 
   00041    0.5236   -5782.2801  0.2708 
   00042    0.5092   -5759.3183  0.2735 
   00043    0.4876   -5833.5450  0.2745 
   00044    0.4932   -5910.3959  0.2735 
   00045    0.5028   -5976.5264  0.2705 
   00046    0.4796   -6033.9026  0.2748 
   00047    0.4852   -5994.5240  0.2787 
   00048    0.4772   -6009.0980  0.2796 
   00049    0.4992   -5930.7898  0.2780 
   00050    0.4800   -5890.4093  0.2787 
   00051    0.4800   -5833.4958  0.2761 
   00052    0.4804   -5927.7001  0.2763 
   00053    0.4968   -5899.8967  0.2749 
   00054    0.4932   -5922.1265  0.2751 
   00055    0.4776   -5987.8853  0.2742 
   00056    0.4896   -5981.6486  0.2786 
   00057    0.4808   -6030.1973  0.2769 
   00058    0.4808   -6050.2126  0.2775 
   00059    0.4796   -6074.6462  0.2730 
   00060    0.4832   -5980.6307  0.2718 
   00061    0.4832   -5970.0151  0.2667 
   00062    0.4892   -5935.2005  0.2683 
   00063    0.4888   -5950.5555  0.2736 
   00064    0.5088   -5893.9137  0.2728 
   00065    0.4900   -5932.6718  0.2778 
   00066    0.4916   -5867.4770  0.2729 
   00067    0.4992   -5920.7285  0.2693 
   00068    0.4848   -5927.7828  0.2684 
   00069    0.4956   -5956.0084  0.2689 
   00070    0.4980   -5874.2099  0.2686 
   00071    0.5004   -5878.6612  0.2708 
   00072    0.4980   -5855.0190  0.2698 
   00073    0.5000   -5824.6672  0.2692 
   00074    0.5136   -5837.7064  0.2659 
   00075    0.5088   -5735.7244  0.2671 
   00076    0.5152   -5803.7170  0.2666 
   00077    0.4980   -5791.4298  0.2655 
   00078    0.5132   -5895.9064  0.2671 
   00079    0.4864   -5956.5424  0.2683 
   00080    0.4840   -5944.2720  0.2691 
   00081    0.4856   -5837.0295  0.2696 
   00082    0.5012   -5820.1580  0.2703 
   00083    0.4860   -5859.1947  0.2699 
   00084    0.5040   -5879.9619  0.2681 
   00085    0.4952   -5869.1215  0.2654 
   00086    0.4936   -5835.8443  0.2663 
   00087    0.4980   -5805.7109  0.2605 
   00088    0.5012   -5743.7166  0.2574 
   00089    0.5140   -5826.5786  0.2558 
   00090    0.5068   -5835.9959  0.2511 
   00091    0.5080   -5862.8020  0.2507 
   00092    0.4804   -5866.6851  0.2524 
   00093    0.4976   -5768.1496  0.2526 
   00094    0.5008   -5891.3122  0.2545 
   00095    0.5084   -5916.0605  0.2601 
   00096    0.4676   -6018.3138  0.2579 
   00097    0.4976   -5950.8803  0.2557 
   00098    0.4852   -5977.6581  0.2536 
   00099    0.4784   -5995.6896  0.2503 
   00100    0.4764   -5967.3725  0.2521 
   00101    0.5060   -5971.7455  0.2546 
   00102    0.5056   -5930.0473  0.2563 
   00103    0.4724   -5949.3808  0.2578 
   00104    0.4796   -6004.6453  0.2599 
   00105    0.4764   -6072.7198  0.2575 
   00106    0.5092   -5999.0569  0.2598 
   00107    0.4868   -5975.0424  0.2570 
   00108    0.4988   -5884.2059  0.2585 
   00109    0.4968   -5931.1222  0.2554 
   00110    0.4880   -5900.1223  0.2536 
   00111    0.4800   -5924.4556  0.2535 
   00112    0.4900   -5945.5477  0.2516 
   00113    0.4860   -5958.8189  0.2530 
   00114    0.4868   -5990.4845  0.2572 
   00115    0.4832   -5875.2069  0.2580 
   00116    0.4788   -5903.5287  0.2575 
   00117    0.5164   -5852.6287  0.2549 
   00118    0.4964   -5820.4877  0.2553 
   00119    0.4924   -5847.8151  0.2590 
   00120    0.5088   -5710.6390  0.2652 
   00121    0.5112   -5733.0155  0.2626 
   00122    0.5028   -5817.6362  0.2658 
   00123    0.4960   -5810.7166  0.2672 
   00124    0.5096   -5858.2273  0.2654 
   00125    0.5008   -5701.0268  0.2606 
   00126    0.5176   -5797.6464  0.2588 
   00127    0.5044   -5909.8153  0.2575 
   00128    0.5004   -5815.1040  0.2548 
   00129    0.4960   -5843.8145  0.2536 
   00130    0.5012   -5732.2280  0.2540 
   00131    0.5164   -5791.1722  0.2549 
   00132    0.5120   -5843.8061  0.2566 
   00133    0.4872   -5797.8299  0.2555 
   00134    0.4916   -5842.3150  0.2558 
   00135    0.4912   -5826.6377  0.2581 
   00136    0.5004   -5851.6277  0.2549 
   00137    0.4844   -5913.2281  0.2532 
   00138    0.5108   -5923.5672  0.2550 
   00139    0.4792   -5925.8286  0.2582 
   00140    0.4988   -5905.6212  0.2595 
   00141    0.4980   -5892.3463  0.2629 
   00142    0.4520   -5889.2183  0.2624 
   00143    0.4888   -5919.9862  0.2648 
   00144    0.4948   -5887.7776  0.2634 
   00145    0.4868   -5974.0860  0.2666 
   00146    0.4848   -5978.9513  0.2640 
   00147    0.4948   -5875.5845  0.2626 
   00148    0.5028   -5793.7622  0.2624 
   00149    0.4928   -5935.2247  0.2615 
   00150    0.4864   -5985.9217  0.2631 
   00151    0.4960   -5901.7373  0.2563 
   00152    0.5000   -5942.0693  0.2573 
   00153    0.4920   -6053.8958  0.2566 
   00154    0.4740   -5963.9745  0.2554 
   00155    0.4964   -6036.7464  0.2517 
   00156    0.4888   -6029.1303  0.2520 
   00157    0.4888   -6042.8434  0.2540 
   00158    0.5104   -6084.7025  0.2568 
   00159    0.4656   -6106.4906  0.2575 
   00160    0.4680   -6076.0621  0.2560 
   00161    0.4908   -5917.3256  0.2552 
   00162    0.4920   -5883.2122  0.2583 
   00163    0.4772   -5843.8012  0.2532 
   00164    0.5076   -5800.7508  0.2590 
   00165    0.5096   -5756.7234  0.2538 
   00166    0.4972   -5820.2122  0.2566 
   00167    0.5148   -5702.0717  0.2547 
   00168    0.5056   -5727.9046  0.2564 
   00169    0.5112   -5734.3486  0.2554 
   00170    0.4960   -5761.5191  0.2532 
   00171    0.5036   -5783.0980  0.2558 
   00172    0.5000   -5721.4014  0.2575 
   00173    0.5004   -5621.3737  0.2565 
   00174    0.5072   -5710.6985  0.2544 
   00175    0.5020   -5765.3754  0.2555 
   00176    0.4964   -5742.9074  0.2551 
   00177    0.5160   -5779.2857  0.2616 
   00178    0.5116   -5885.7042  0.2613 
   00179    0.4820   -5994.8957  0.2610 
   00180    0.4996   -6000.7671  0.2596 
   00181    0.4920   -5976.1031  0.2609 
   00182    0.4996   -5994.3888  0.2587 
   00183    0.4680   -6012.0493  0.2613 
   00184    0.5020   -6009.7814  0.2609 
   00185    0.4792   -5977.2134  0.2606 
   00186    0.4940   -6028.3109  0.2626 
   00187    0.4876   -5968.4759  0.2638 
   00188    0.5068   -6082.8307  0.2655 
   00189    0.4968   -5965.1499  0.2682 
   00190    0.4940   -6083.7265  0.2700 
   00191    0.4784   -5963.3537  0.2693 
   00192    0.4692   -5982.9495  0.2699 
   00193    0.4940   -5919.7701  0.2662 
   00194    0.4876   -5937.5659  0.2642 
   00195    0.4804   -5935.7854  0.2605 
   00196    0.4888   -5969.9702  0.2644 
   00197    0.4848   -5974.1953  0.2661 
   00198    0.4888   -6013.9876  0.2639 
   00199    0.4716   -6007.2255  0.2639 
   00200    0.4788   -6070.2790  0.2653 
   00201    0.4796   -6057.7412  0.2640 
   00202    0.4980   -5972.8004  0.2640 
   00203    0.4908   -5924.6965  0.2646 
   00204    0.4844   -5860.1217  0.2639 
   00205    0.4840   -5947.3812  0.2621 
   00206    0.4972   -5925.4307  0.2582 
   00207    0.4900   -5824.7791  0.2568 
   00208    0.4888   -5859.8813  0.2575 
   00209    0.4764   -5991.7673  0.2613 
   00210    0.4836   -5882.9404  0.2639 
   00211    0.5076   -5910.1251  0.2642 
   00212    0.4960   -5837.3804  0.2675 
   00213    0.4932   -5833.1642  0.2653 
   00214    0.4996   -5903.8096  0.2635 
   00215    0.4916   -5941.5034  0.2665 
   00216    0.5100   -5878.7959  0.2688 
   00217    0.4752   -5876.3604  0.2708 
   00218    0.4980   -5874.6151  0.2686 
   00219    0.5028   -5917.5710  0.2669 
   00220    0.4816   -5935.3889  0.2679 
   00221    0.4960   -5935.7297  0.2685 
   00222    0.4792   -6005.4513  0.2675 
   00223    0.4836   -6074.4204  0.2721 
   00224    0.4884   -6105.3287  0.2713 
   00225    0.4860   -5990.0778  0.2684 
   00226    0.4728   -5919.8583  0.2689 
   00227    0.4900   -5954.5741  0.2705 
   00228    0.4868   -5871.2231  0.2655 
   00229    0.4904   -5954.4245  0.2681 
   00230    0.5016   -5862.1237  0.2667 
   00231    0.5124   -5802.9396  0.2640 
   00232    0.4812   -5832.4286  0.2629 
   00233    0.5000   -5773.3886  0.2625 
   00234    0.4960   -5790.6158  0.2587 
   00235    0.4940   -5842.1525  0.2615 
   00236    0.4928   -5874.7612  0.2616 
   00237    0.4996   -5971.7238  0.2592 
   00238    0.4900   -5912.4702  0.2608 
   00239    0.4928   -5970.9923  0.2620 
   00240    0.4856   -6016.2482  0.2592 
   00241    0.4908   -6083.4684  0.2601 
   00242    0.5004   -6060.9139  0.2604 
   00243    0.5008   -6022.2514  0.2575 
   00244    0.4876   -5899.9750  0.2600 
   00245    0.5004   -5877.7899  0.2646 
   00246    0.5044   -5842.8604  0.2682 
   00247    0.4824   -5781.4439  0.2651 
   00248    0.5100   -5797.0496  0.2661 
   00249    0.4920   -5855.1103  0.2659 
   00250    0.4952   -5829.8146  0.2672 
   00251    0.5144   -5741.7760  0.2656 
   00252    0.4936   -5880.1365  0.2619 
   00253    0.4916   -5819.0040  0.2651 
   00254    0.4956   -5805.6765  0.2676 
   00255    0.5232   -5886.1514  0.2623 
   00256    0.4684   -5840.2786  0.2665 
   00257    0.5000   -5908.5357  0.2643 
   00258    0.5016   -5951.9134  0.2580 
   00259    0.5016   -6006.9412  0.2609 
   00260    0.4864   -6032.7488  0.2632 
   00261    0.4992   -5969.8296  0.2582 
   00262    0.4720   -5942.7339  0.2590 
   00263    0.4980   -5979.6802  0.2666 
   00264    0.4844   -5926.8117  0.2687 
   00265    0.5068   -5859.7520  0.2652 
   00266    0.4968   -5797.6378  0.2618 
   00267    0.5040   -5818.2941  0.2648 
   00268    0.5044   -5943.3695  0.2684 
   00269    0.4892   -5976.0915  0.2662 
   00270    0.4888   -5975.8718  0.2628 
   00271    0.4964   -5988.8035  0.2620 
   00272    0.4684   -6076.0833  0.2615 
   00273    0.4796   -5983.7520  0.2605 
   00274    0.4812   -6021.5308  0.2596 
   00275    0.4848   -5873.5778  0.2551 
   00276    0.5004   -5873.5941  0.2548 
   00277    0.4944   -5940.1111  0.2543 
   00278    0.4784   -5838.0153  0.2562 
   00279    0.4992   -5921.0857  0.2569 
   00280    0.4776   -5912.6541  0.2598 
   00281    0.4768   -5915.0171  0.2563 
   00282    0.5040   -5913.2597  0.2570 
   00283    0.5128   -5875.4057  0.2570 
   00284    0.5080   -5848.5352  0.2614 
   00285    0.5048   -5890.9636  0.2645 
   00286    0.4964   -5834.1282  0.2684 
   00287    0.5064   -5839.2296  0.2707 
   00288    0.5084   -5901.4631  0.2679 
   00289    0.4984   -5819.6069  0.2691 
   00290    0.4944   -5969.9073  0.2689 
   00291    0.4924   -6013.7121  0.2744 
   00292    0.4804   -5899.2261  0.2766 
   00293    0.4876   -5895.5281  0.2694 
   00294    0.4912   -5855.7821  0.2669 
   00295    0.4936   -5758.2706  0.2675 
   00296    0.4928   -5699.7575  0.2644 
   00297    0.5088   -5599.5070  0.2686 
   00298    0.5108   -5729.2186  0.2711 
   00299    0.4980   -5687.6202  0.2706 
   00300    0.4928   -5785.5718  0.2710 
   00301    0.5108   -5792.1625  0.2738 
   00302    0.5208   -5721.4434  0.2768 
   00303    0.5096   -5679.0932  0.2733 
   00304    0.4976   -5684.3964  0.2683 
   00305    0.5004   -5719.6655  0.2675 
   00306    0.4956   -5733.6945  0.2696 
   00307    0.5172   -5738.9347  0.2672 
   00308    0.4912   -5824.7984  0.2719 
   00309    0.5012   -5730.1593  0.2711 
   00310    0.4928   -5757.9068  0.2662 
   00311    0.5068   -5822.1413  0.2640 
   00312    0.4952   -5941.0014  0.2648 
   00313    0.4940   -5968.5841  0.2667 
   00314    0.5116   -5902.7609  0.2648 
   00315    0.4792   -5978.7976  0.2667 
   00316    0.4960   -5857.9227  0.2658 
   00317    0.4836   -5920.3827  0.2674 
   00318    0.4876   -5927.5544  0.2637 
   00319    0.4864   -5967.3376  0.2675 
   00320    0.4868   -5966.2026  0.2663 
   00321    0.4860   -5946.0022  0.2677 
   00322    0.4820   -5833.1108  0.2680 
   00323    0.5052   -5824.5226  0.2664 
   00324    0.5084   -5891.3195  0.2663 
   00325    0.4904   -5843.4652  0.2685 
   00326    0.5068   -5733.8744  0.2694 
   00327    0.4912   -5722.6582  0.2703 
   00328    0.5016   -5833.0540  0.2696 
   00329    0.5068   -5868.3587  0.2690 
   00330    0.4956   -5930.5594  0.2719 
   00331    0.4964   -5902.5909  0.2697 
   00332    0.5028   -5894.5473  0.2690 
   00333    0.4960   -5850.3037  0.2662 
   00334    0.4840   -5821.1111  0.2653 
   00335    0.4940   -5892.5813  0.2665 
   00336    0.4952   -5914.3240  0.2700 
   00337    0.5116   -5941.2857  0.2711 
   00338    0.4820   -5887.3639  0.2724 
   00339    0.4964   -5870.0032  0.2738 
   00340    0.4972   -5806.3225  0.2750 
   00341    0.4940   -5844.6573  0.2753 
   00342    0.4736   -5829.5591  0.2737 
   00343    0.4988   -5891.0480  0.2727 
   00344    0.4952   -5916.1927  0.2715 
   00345    0.5004   -5939.7875  0.2667 
   00346    0.4776   -5886.0007  0.2609 
   00347    0.4904   -5942.9114  0.2673 
   00348    0.4900   -5984.8270  0.2639 
   00349    0.4812   -6020.2581  0.2649 
   00350    0.4820   -6054.6322  0.2651 
   00351    0.4764   -5990.8129  0.2663 
   00352    0.4936   -5881.9433  0.2629 
   00353    0.5012   -5912.5954  0.2592 
   00354    0.4920   -5921.2362  0.2592 
   00355    0.4792   -5860.8745  0.2603 
   00356    0.5036   -5781.9355  0.2604 
   00357    0.5032   -5848.2273  0.2618 
   00358    0.5000   -5965.7340  0.2625 
   00359    0.4756   -5943.4706  0.2629 
   00360    0.4736   -5946.5162  0.2634 
   00361    0.4920   -5948.4928  0.2596 
   00362    0.5212   -5941.7034  0.2649 
   00363    0.5004   -6020.5703  0.2646 
   00364    0.4744   -5988.4502  0.2639 
   00365    0.5004   -6011.5450  0.2693 
   00366    0.4752   -5980.3633  0.2700 
   00367    0.4960   -5915.1720  0.2701 
   00368    0.4828   -5867.0286  0.2686 
   00369    0.4720   -5936.2360  0.2660 
   00370    0.4952   -5929.1076  0.2671 
   00371    0.4812   -5889.8879  0.2674 
   00372    0.4952   -5925.1478  0.2667 
   00373    0.4892   -5869.4873  0.2663 
   00374    0.5044   -5878.0386  0.2649 
   00375    0.4904   -5864.7686  0.2672 
   00376    0.4996   -5856.4569  0.2708 
   00377    0.5000   -5771.8021  0.2654 
   00378    0.4876   -5831.0522  0.2641 
   00379    0.4932   -5842.9614  0.2658 
   00380    0.5004   -5802.4054  0.2676 
   00381    0.4968   -5728.1073  0.2658 
   00382    0.5140   -5732.7452  0.2632 
   00383    0.4920   -5710.7279  0.2617 
   00384    0.4924   -5822.3560  0.2618 
   00385    0.5100   -5869.5974  0.2620 
   00386    0.5044   -5879.4665  0.2622 
   00387    0.4996   -5718.4969  0.2603 
   00388    0.5016   -5772.8456  0.2580 
   00389    0.5252   -5812.1636  0.2591 
   00390    0.4944   -5838.1568  0.2624 
   00391    0.4900   -5807.7298  0.2650 
   00392    0.5000   -5861.5049  0.2662 
   00393    0.4988   -5872.8151  0.2648 
   00394    0.4968   -5841.6125  0.2668 
   00395    0.4880   -5872.7598  0.2725 
   00396    0.4884   -5868.4875  0.2680 
   00397    0.4964   -5913.6234  0.2684 
   00398    0.4872   -5837.6947  0.2678 
   00399    0.4928   -5868.2529  0.2668 
   00400    0.4744   -5954.5879  0.2650 
   00401    0.4864   -5949.2530  0.2633 
   00402    0.5036   -5978.2965  0.2636 
   00403    0.4924   -5983.6084  0.2661 
   00404    0.4836   -5984.3885  0.2640 
   00405    0.4932   -5926.8209  0.2603 
   00406    0.4904   -5861.2705  0.2606 
   00407    0.5016   -5862.1781  0.2624 
   00408    0.4964   -5875.6913  0.2629 
   00409    0.4952   -5947.3616  0.2626 
   00410    0.4872   -6008.6296  0.2628 
   00411    0.4936   -6008.7965  0.2631 
   00412    0.4696   -5955.5242  0.2656 
   00413    0.4772   -5941.6224  0.2652 
   00414    0.4908   -5941.3942  0.2673 
   00415    0.4840   -5936.1208  0.2637 
   00416    0.4940   -5907.9139  0.2611 
   00417    0.4948   -5840.1956  0.2596 
   00418    0.5088   -5813.6958  0.2617 
   00419    0.4976   -5821.9634  0.2601 
   00420    0.4960   -5858.4531  0.2641 
   00421    0.4768   -5860.0860  0.2622 
   00422    0.4928   -5801.0274  0.2625 
   00423    0.5184   -5717.8017  0.2608 
   00424    0.5024   -5779.4807  0.2621 
   00425    0.5128   -5810.5129  0.2603 
   00426    0.4956   -5799.0911  0.2581 
   00427    0.5032   -5896.3901  0.2609 
   00428    0.4876   -5855.8959  0.2625 
   00429    0.5112   -5912.8981  0.2593 
   00430    0.4912   -5933.9863  0.2586 
   00431    0.4924   -6022.5574  0.2595 
   00432    0.4768   -5960.8024  0.2568 
   00433    0.4692   -5915.3804  0.2558 
   00434    0.4880   -5849.5473  0.2570 
   00435    0.4868   -5902.0170  0.2568 
   00436    0.4704   -5799.4477  0.2578 
   00437    0.5008   -5802.3713  0.2612 
   00438    0.4964   -5912.0168  0.2603 
   00439    0.5040   -5864.1446  0.2633 
   00440    0.4940   -5857.7670  0.2660 
   00441    0.4976   -5935.1259  0.2699 
   00442    0.4956   -5845.8756  0.2706 
   00443    0.4936   -5850.0324  0.2723 
   00444    0.4792   -5885.0661  0.2741 
   00445    0.4896   -5999.8440  0.2737 
   00446    0.4872   -6017.1222  0.2679 
   00447    0.4868   -6078.9457  0.2683 
   00448    0.4888   -5998.3027  0.2680 
   00449    0.4952   -6002.0506  0.2687 
   00450    0.4772   -6025.0721  0.2687 
   00451    0.4816   -6044.2937  0.2698 
   00452    0.4848   -6116.5682  0.2709 
   00453    0.4772   -6010.6842  0.2653 
   00454    0.5064   -5884.4465  0.2669 
   00455    0.4996   -5959.2293  0.2665 
   00456    0.4944   -6006.6502  0.2635 
   00457    0.5108   -5873.5414  0.2656 
   00458    0.4860   -5848.4063  0.2659 
   00459    0.4692   -5885.0840  0.2654 
   00460    0.4800   -5931.5697  0.2658 
   00461    0.4892   -5931.0090  0.2613 
   00462    0.4916   -6006.1339  0.2637 
   00463    0.4944   -5950.7804  0.2661 
   00464    0.4916   -5974.2073  0.2682 
   00465    0.4720   -6003.0745  0.2667 
   00466    0.4888   -5962.0317  0.2658 
   00467    0.5016   -5979.5899  0.2664 
   00468    0.4820   -5899.4023  0.2675 
   00469    0.5016   -5858.5895  0.2667 
   00470    0.5112   -5730.6777  0.2655 
   00471    0.4980   -5793.2009  0.2629 
   00472    0.5092   -5824.2858  0.2666 
   00473    0.4884   -5917.0642  0.2643 
   00474    0.4916   -5855.8745  0.2654 
   00475    0.5096   -5882.8111  0.2667 
   00476    0.4860   -5923.0424  0.2633 
   00477    0.4884   -5900.7758  0.2656 
   00478    0.4916   -5902.5023  0.2688 
   00479    0.4744   -6073.9584  0.2675 
   00480    0.4992   -6037.3693  0.2693 
   00481    0.4848   -6001.6456  0.2657 
   00482    0.4900   -5922.9711  0.2643 
   00483    0.4680   -5948.6096  0.2676 
   00484    0.4764   -5982.2171  0.2675 
   00485    0.4868   -6048.2485  0.2737 
   00486    0.4976   -5928.2869  0.2683 
   00487    0.4972   -5839.6414  0.2703 
   00488    0.5004   -5837.7419  0.2733 
   00489    0.4920   -5817.8735  0.2729 
   00490    0.4872   -5792.6116  0.2723 
   00491    0.5140   -5739.3352  0.2715 
   00492    0.5160   -5773.6415  0.2748 
   00493    0.5112   -5811.8088  0.2767 
   00494    0.5012   -5735.9917  0.2724 
   00495    0.4940   -5758.7856  0.2696 
   00496    0.5164   -5751.9020  0.2756 
   00497    0.5116   -5789.1161  0.2771 
   00498    0.4956   -5878.8773  0.2783 
   00499    0.4756   -5890.3244  0.2738 
   00500    0.4884   -5845.4821  0.2736 
   00501    0.4988   -5934.4896  0.2730 
   00502    0.4840   -5916.0497  0.2726 
   00503    0.4736   -5878.8232  0.2748 
   00504    0.4924   -5926.0501  0.2695 
   00505    0.4996   -5952.0609  0.2663 
   00506    0.4884   -5939.6589  0.2669 
   00507    0.4932   -5918.7005  0.2675 
   00508    0.4892   -5904.3659  0.2681 
   00509    0.4992   -5824.5329  0.2669 
   00510    0.5032   -5826.1218  0.2658 
   00511    0.4920   -5922.3646  0.2695 
   00512    0.4968   -5947.5380  0.2716 
   00513    0.4948   -5924.5793  0.2737 
   00514    0.4768   -5901.4258  0.2752 
   00515    0.4844   -5881.6564  0.2719 
   00516    0.4672   -5891.3822  0.2732 
   00517    0.4920   -6002.9585  0.2740 
   00518    0.4828   -6120.8779  0.2760 
   00519    0.4776   -6083.3589  0.2738 
   00520    0.4672   -6205.1386  0.2776 
   00521    0.4880   -6201.2345  0.2718 
   00522    0.4836   -6038.7394  0.2665 
   00523    0.4844   -6004.6907  0.2619 
   00524    0.4712   -5996.0842  0.2619 
   00525    0.4924   -5909.7223  0.2591 
   00526    0.4892   -5867.4690  0.2558 
   00527    0.5024   -5815.0705  0.2567 
   00528    0.5064   -5786.7428  0.2589 
   00529    0.4920   -5770.0090  0.2559 
   00530    0.5100   -5887.2847  0.2549 
   00531    0.4944   -5858.7503  0.2562 
   00532    0.4916   -5939.9073  0.2583 
   00533    0.4764   -6001.7175  0.2546 
   00534    0.4792   -5832.8117  0.2555 
   00535    0.4952   -5925.2420  0.2555 
   00536    0.4876   -5867.0763  0.2537 
   00537    0.4772   -5910.9092  0.2558 
   00538    0.4884   -5929.9503  0.2560 
   00539    0.4916   -5979.7202  0.2639 
   00540    0.4948   -5956.5576  0.2670 
   00541    0.4788   -6012.5634  0.2732 
   00542    0.5076   -5918.1659  0.2744 
   00543    0.4876   -5873.6584  0.2744 
   00544    0.4932   -5892.2759  0.2752 
   00545    0.5008   -6000.4573  0.2771 
   00546    0.4720   -5981.7982  0.2765 
   00547    0.4828   -5901.0050  0.2804 
   00548    0.5016   -5841.9327  0.2812 
   00549    0.4924   -5834.6173  0.2789 
   00550    0.4812   -5898.3690  0.2799 
   00551    0.4928   -5853.7775  0.2830 
   00552    0.4796   -5846.5513  0.2800 
   00553    0.4976   -5854.9545  0.2796 
   00554    0.4956   -5811.7906  0.2769 
   00555    0.4996   -5840.7920  0.2789 
   00556    0.4980   -5762.8631  0.2812 
   00557    0.5144   -5876.0076  0.2775 
   00558    0.4848   -5859.2036  0.2775 
   00559    0.5000   -5953.4949  0.2773 
   00560    0.4884   -5876.6781  0.2752 
   00561    0.4880   -5863.3867  0.2747 
   00562    0.5048   -5884.3041  0.2796 
   00563    0.4904   -5917.4203  0.2775 
   00564    0.4812   -5909.4033  0.2775 
   00565    0.4992   -5910.9786  0.2775 
   00566    0.4968   -6010.5348  0.2754 
   00567    0.4976   -5995.0375  0.2793 
   00568    0.4764   -5924.3592  0.2799 
   00569    0.5084   -5849.1181  0.2792 
   00570    0.4936   -5736.5680  0.2765 
   00571    0.4892   -5741.2954  0.2779 
   00572    0.5120   -5830.4386  0.2772 
   00573    0.4780   -5911.3874  0.2751 
   00574    0.4880   -5964.7578  0.2712 
   00575    0.4628   -5980.2097  0.2761 
   00576    0.4804   -5970.8611  0.2767 
   00577    0.4956   -5911.9516  0.2758 
   00578    0.4808   -5914.9665  0.2758 
   00579    0.5200   -5748.2468  0.2719 
   00580    0.5168   -5698.9495  0.2676 
   00581    0.4988   -5917.7132  0.2661 
   00582    0.5012   -5865.9318  0.2697 
   00583    0.4924   -5887.3177  0.2681 
   00584    0.4988   -5793.4498  0.2687 
   00585    0.4724   -5869.5217  0.2694 
   00586    0.5028   -5799.7458  0.2688 
   00587    0.4884   -5849.3031  0.2741 
   00588    0.4864   -5819.5273  0.2737 
   00589    0.5096   -5964.1869  0.2743 
   00590    0.4804   -5900.9698  0.2754 
   00591    0.4884   -5897.2324  0.2718 
   00592    0.4948   -5828.0739  0.2696 
   00593    0.4788   -5816.9580  0.2701 
   00594    0.4904   -5747.7795  0.2698 
   00595    0.5156   -5653.7915  0.2647 
   00596    0.5212   -5631.6795  0.2618 
   00597    0.5024   -5709.1380  0.2658 
   00598    0.5052   -5707.3280  0.2688 
   00599    0.5036   -5811.4160  0.2648 
   00600    0.4976   -5786.0909  0.2633 
   00601    0.4984   -5842.7086  0.2632 
   00602    0.4864   -5771.6244  0.2637 
   00603    0.5144   -5822.9370  0.2623 
   00604    0.4916   -5875.4112  0.2630 
   00605    0.4736   -5879.3063  0.2650 
   00606    0.4992   -5766.1943  0.2617 
   00607    0.5024   -5713.9801  0.2664 
   00608    0.5268   -5657.0978  0.2714 
   00609    0.5160   -5719.3531  0.2707 
   00610    0.5024   -5760.9079  0.2671 
   00611    0.5120   -5819.2361  0.2692 
   00612    0.4956   -5838.7541  0.2692 
   00613    0.4956   -5865.0118  0.2697 
   00614    0.4868   -5897.4294  0.2695 
   00615    0.4908   -5892.3641  0.2709 
   00616    0.4940   -5768.7421  0.2691 
   00617    0.5060   -5836.6461  0.2700 
   00618    0.4884   -5731.4906  0.2733 
   00619    0.5016   -5795.9610  0.2755 
   00620    0.4940   -5748.6230  0.2755 
   00621    0.5040   -5785.0211  0.2731 
   00622    0.5068   -5871.6436  0.2741 
   00623    0.4848   -5866.4585  0.2763 
   00624    0.5028   -5861.2499  0.2751 
   00625    0.5004   -5738.4090  0.2749 
   00626    0.5012   -5816.1588  0.2760 
   00627    0.4948   -5811.5357  0.2749 
   00628    0.5124   -5921.2773  0.2730 
   00629    0.5164   -5799.8899  0.2708 
   00630    0.4932   -5746.6461  0.2691 
   00631    0.4876   -5695.0839  0.2697 
   00632    0.5192   -5726.7579  0.2711 
   00633    0.5156   -5710.9855  0.2704 
   00634    0.5116   -5712.5449  0.2652 
   00635    0.5152   -5728.9258  0.2651 
   00636    0.5060   -5785.9964  0.2706 
   00637    0.4952   -5822.9080  0.2705 
   00638    0.5080   -5894.1703  0.2699 
   00639    0.4908   -5852.1782  0.2712 
   00640    0.5072   -5783.0747  0.2734 
   00641    0.4864   -5781.7780  0.2686 
   00642    0.5088   -5812.3180  0.2677 
   00643    0.5092   -5921.5215  0.2697 
   00644    0.4940   -5853.6324  0.2715 
   00645    0.4916   -5859.7667  0.2755 
   00646    0.5024   -5946.7656  0.2770 
   00647    0.4744   -6083.0408  0.2792 
   00648    0.4764   -5987.2423  0.2772 
   00649    0.4916   -5925.9340  0.2753 
   00650    0.4956   -5815.4791  0.2767 
   00651    0.4876   -5918.9569  0.2771 
   00652    0.4968   -5804.3270  0.2808 
   00653    0.4980   -5928.1951  0.2803 
   00654    0.4844   -5900.0059  0.2830 
   00655    0.4920   -5980.3771  0.2814 
   00656    0.4712   -6036.4333  0.2780 
   00657    0.4840   -5979.5319  0.2792 
   00658    0.4980   -5844.7758  0.2745 
   00659    0.4984   -5794.3872  0.2779 
   00660    0.4820   -5859.4970  0.2790 
   00661    0.5064   -5839.7738  0.2799 
   00662    0.5020   -5822.3330  0.2762 
   00663    0.4924   -5936.1556  0.2789 
   00664    0.4764   -5871.0009  0.2768 
   00665    0.5136   -5829.8211  0.2787 
   00666    0.5004   -5743.0559  0.2774 
   00667    0.5124   -5701.0114  0.2757 
   00668    0.5140   -5812.9839  0.2773 
   00669    0.4976   -5773.2367  0.2767 
   00670    0.5020   -5768.4496  0.2788 
   00671    0.4948   -5843.5451  0.2834 
   00672    0.5000   -5933.2276  0.2859 
   00673    0.4864   -5920.2996  0.2839 
   00674    0.4940   -5932.6940  0.2815 
   00675    0.4888   -5914.7335  0.2839 
   00676    0.5052   -5973.8219  0.2828 
   00677    0.4776   -5985.6194  0.2850 
   00678    0.4820   -5896.0088  0.2839 
   00679    0.4856   -5845.7432  0.2845 
   00680    0.4844   -5898.5101  0.2828 
   00681    0.4772   -5946.8642  0.2836 
   00682    0.4876   -5905.7924  0.2802 
   00683    0.5120   -5913.2890  0.2779 
   00684    0.4928   -5896.4911  0.2784 
   00685    0.4992   -5992.2209  0.2784 
   00686    0.5056   -5975.0907  0.2772 
   00687    0.5084   -5924.7007  0.2781 
   00688    0.5024   -6020.1743  0.2772 
   00689    0.4892   -5959.7617  0.2744 
   00690    0.4992   -5924.5598  0.2769 
   00691    0.4924   -5957.9930  0.2708 
   00692    0.4896   -5889.8587  0.2706 
   00693    0.5128   -5827.2949  0.2727 
   00694    0.5152   -5851.8193  0.2727 
   00695    0.4928   -5832.5035  0.2703 
   00696    0.5004   -5776.8140  0.2697 
   00697    0.4956   -5812.9175  0.2733 
   00698    0.4936   -5758.3909  0.2749 
   00699    0.4876   -5855.1541  0.2700 
   00700    0.4888   -5929.7327  0.2705 
   00701    0.4896   -5926.6113  0.2679 
   00702    0.4884   -5964.6020  0.2659 
   00703    0.4916   -6050.3978  0.2658 
   00704    0.4800   -5991.7605  0.2629 
   00705    0.4972   -5929.5582  0.2638 
   00706    0.4796   -5854.1343  0.2590 
   00707    0.5020   -5860.6753  0.2583 
   00708    0.5004   -5838.5603  0.2588 
   00709    0.4888   -5783.8788  0.2604 
   00710    0.5016   -5775.4927  0.2599 
   00711    0.5056   -5765.0542  0.2631 
   00712    0.4892   -5771.7583  0.2631 
   00713    0.4892   -5675.1716  0.2613 
   00714    0.5032   -5784.8595  0.2607 
   00715    0.4828   -5804.1231  0.2604 
   00716    0.4920   -5864.2423  0.2558 
   00717    0.5012   -5842.3656  0.2651 
   00718    0.4908   -5797.9240  0.2645 
   00719    0.4816   -5844.1830  0.2660 
   00720    0.5124   -5912.0452  0.2606 
   00721    0.4788   -5848.0662  0.2573 
   00722    0.4940   -5771.0859  0.2572 
   00723    0.4972   -5839.2310  0.2546 
   00724    0.5084   -5865.4073  0.2609 
   00725    0.4952   -5861.4948  0.2626 
   00726    0.4968   -5888.3344  0.2621 
   00727    0.5036   -5813.7197  0.2640 
   00728    0.4940   -5899.8342  0.2625 
   00729    0.4996   -5946.1611  0.2588 
   00730    0.4900   -5880.3561  0.2657 
   00731    0.4924   -5891.7378  0.2685 
   00732    0.5180   -5870.7615  0.2662 
   00733    0.4892   -5916.2328  0.2736 
   00734    0.4688   -5905.8739  0.2754 
   00735    0.4920   -5879.5897  0.2783 
   00736    0.4800   -5916.3351  0.2802 
   00737    0.5016   -5891.0089  0.2769 
   00738    0.4920   -5786.7808  0.2770 
   00739    0.5104   -5912.5205  0.2790 
   00740    0.5008   -5904.0537  0.2775 
   00741    0.5040   -5951.2276  0.2745 
   00742    0.4772   -5901.6703  0.2751 
   00743    0.4880   -5945.5854  0.2719 
   00744    0.4716   -5965.0646  0.2743 
   00745    0.4880   -5931.3369  0.2700 
   00746    0.4920   -5869.5507  0.2719 
   00747    0.4972   -5899.8836  0.2717 
   00748    0.4932   -5909.3980  0.2742 
   00749    0.4940   -5955.6645  0.2728 
   00750    0.4896   -5924.2883  0.2743 
   00751    0.4992   -5905.6377  0.2761 
   00752    0.5184   -5907.0312  0.2717 
   00753    0.5036   -5897.5141  0.2714 
   00754    0.4972   -5859.4263  0.2703 
   00755    0.4824   -5886.0700  0.2709 
   00756    0.4984   -5909.3317  0.2716 
   00757    0.5040   -5885.9334  0.2730 
   00758    0.4968   -5923.1588  0.2753 
   00759    0.4924   -5902.7393  0.2720 
   00760    0.4940   -5928.0152  0.2691 
   00761    0.4652   -5930.7946  0.2674 
   00762    0.5072   -5958.1073  0.2679 
   00763    0.4828   -5949.1483  0.2664 
   00764    0.5136   -5853.1642  0.2689 
   00765    0.4968   -5801.2778  0.2646 
   00766    0.4960   -5871.5646  0.2647 
   00767    0.4692   -5944.5475  0.2640 
   00768    0.4880   -6012.7366  0.2669 
   00769    0.4756   -6016.6094  0.2679 
   00770    0.4964   -6005.3820  0.2698 
   00771    0.5004   -5999.9554  0.2677 
   00772    0.4648   -6009.0390  0.2678 
   00773    0.4768   -5985.8996  0.2654 
   00774    0.4936   -5885.1675  0.2653 
   00775    0.4944   -5860.6523  0.2661 
   00776    0.4840   -5837.6114  0.2685 
   00777    0.4968   -5779.9994  0.2675 
   00778    0.5044   -5779.6857  0.2643 
   00779    0.4984   -5823.8340  0.2630 
   00780    0.4948   -5786.9749  0.2687 
   00781    0.4888   -5863.6937  0.2656 
   00782    0.5092   -5822.9052  0.2667 
   00783    0.5076   -5735.6232  0.2648 
   00784    0.5064   -5778.1128  0.2637 
   00785    0.4928   -5769.8312  0.2650 
   00786    0.4956   -5878.7617  0.2685 
   00787    0.4692   -5972.5020  0.2675 
   00788    0.4816   -5998.1108  0.2674 
   00789    0.5020   -5980.7464  0.2678 
   00790    0.5000   -5958.2606  0.2683 
   00791    0.4928   -6001.3923  0.2709 
   00792    0.4868   -5993.4941  0.2709 
   00793    0.4772   -5875.1215  0.2664 
   00794    0.4744   -5898.2756  0.2674 
   00795    0.4888   -5961.8172  0.2646 
   00796    0.4880   -5924.7789  0.2624 
   00797    0.4728   -5995.2784  0.2657 
   00798    0.4828   -5986.1616  0.2634 
   00799    0.4832   -6065.9245  0.2729 
   00800    0.4900   -5949.6766  0.2758 
   00801    0.4920   -5958.6937  0.2778 
   00802    0.5132   -5927.6185  0.2744 
   00803    0.4780   -5952.7310  0.2766 
   00804    0.4952   -5934.8102  0.2769 
   00805    0.4844   -5955.8296  0.2742 
   00806    0.5040   -5848.5772  0.2743 
   00807    0.4904   -5935.9161  0.2748 
   00808    0.5028   -5874.9256  0.2754 
   00809    0.4916   -5822.6049  0.2749 
   00810    0.4828   -5884.0023  0.2728 
   00811    0.4976   -5849.8091  0.2725 
   00812    0.4992   -5879.6630  0.2714 
   00813    0.4888   -5853.4170  0.2695 
   00814    0.5044   -5881.1001  0.2716 
   00815    0.5104   -5848.1558  0.2718 
   00816    0.4848   -5940.3894  0.2689 
   00817    0.4952   -5856.0838  0.2680 
   00818    0.4932   -5845.4494  0.2690 
   00819    0.4912   -5932.5641  0.2699 
   00820    0.4956   -5907.5578  0.2700 
   00821    0.4940   -5870.8748  0.2718 
   00822    0.4928   -5872.3536  0.2709 
   00823    0.4808   -5976.0007  0.2744 
   00824    0.4864   -5964.7860  0.2748 
   00825    0.4916   -5886.4709  0.2738 
   00826    0.5016   -6007.4651  0.2730 
   00827    0.4920   -5952.9248  0.2711 
   00828    0.4728   -5872.3922  0.2691 
   00829    0.5000   -5910.5211  0.2675 
   00830    0.4728   -5855.4995  0.2661 
   00831    0.5096   -5869.0983  0.2679 
   00832    0.4764   -5935.2291  0.2647 
   00833    0.4852   -5880.2762  0.2649 
   00834    0.4808   -5930.8627  0.2604 
   00835    0.5008   -5920.5933  0.2637 
   00836    0.5016   -5864.6620  0.2655 
   00837    0.5064   -5778.1846  0.2653 
   00838    0.5132   -5770.6631  0.2639 
   00839    0.5076   -5756.5311  0.2600 
   00840    0.5168   -5698.7291  0.2622 
   00841    0.5028   -5790.4475  0.2608 
   00842    0.4956   -5789.6607  0.2573 
   00843    0.5180   -5729.1358  0.2566 
   00844    0.5184   -5741.7055  0.2548 
   00845    0.5136   -5728.2047  0.2565 
   00846    0.5236   -5670.0857  0.2577 
   00847    0.5232   -5767.1717  0.2560 
   00848    0.5064   -5823.7582  0.2559 
   00849    0.5120   -5832.5690  0.2550 
   00850    0.5008   -5942.5029  0.2553 
   00851    0.4968   -5894.7323  0.2573 
   00852    0.4864   -5868.6742  0.2566 
   00853    0.5116   -5866.4565  0.2556 
   00854    0.5096   -5897.3364  0.2582 
   00855    0.4916   -5893.1192  0.2569 
   00856    0.4780   -5928.1842  0.2540 
   00857    0.4932   -5841.7331  0.2561 
   00858    0.4972   -5843.6398  0.2566 
   00859    0.5016   -5853.2691  0.2610 
   00860    0.4716   -5837.7287  0.2574 
   00861    0.5188   -5773.9672  0.2536 
   00862    0.5076   -5818.5830  0.2524 
   00863    0.5088   -5921.7767  0.2553 
   00864    0.4828   -5907.9791  0.2549 
   00865    0.4760   -5901.3215  0.2549 
   00866    0.4828   -5858.3347  0.2567 
   00867    0.5012   -5868.9799  0.2586 
   00868    0.5148   -5813.6153  0.2576 
   00869    0.4864   -5809.4786  0.2608 
   00870    0.5124   -5829.9221  0.2601 
   00871    0.4868   -5908.3736  0.2614 
   00872    0.5024   -5835.2966  0.2593 
   00873    0.4940   -5830.4785  0.2568 
   00874    0.5016   -5843.5111  0.2572 
   00875    0.5060   -5900.4956  0.2577 
   00876    0.5036   -5877.2077  0.2555 
   00877    0.5028   -5999.7924  0.2584 
   00878    0.4864   -6033.4702  0.2616 
   00879    0.4884   -6043.2147  0.2607 
   00880    0.5000   -5976.7037  0.2602 
   00881    0.5036   -5953.3184  0.2585 
   00882    0.4796   -5869.2185  0.2553 
   00883    0.4840   -5962.9713  0.2551 
   00884    0.4584   -5958.3177  0.2564 
   00885    0.4920   -5973.3580  0.2557 
   00886    0.4656   -5956.4434  0.2548 
   00887    0.4812   -6071.0271  0.2588 
   00888    0.4744   -5976.4813  0.2609 
   00889    0.4848   -5965.6230  0.2623 
   00890    0.4980   -5886.3325  0.2675 
   00891    0.4704   -5911.1363  0.2707 
   00892    0.4976   -5916.3410  0.2708 
   00893    0.5008   -5884.1633  0.2695 
   00894    0.4876   -5857.7296  0.2674 
   00895    0.4752   -5908.0137  0.2724 
   00896    0.4984   -5949.7220  0.2728 
   00897    0.5000   -5946.9778  0.2732 
   00898    0.4616   -5863.9953  0.2705 
   00899    0.5020   -5943.5846  0.2720 
   00900    0.4884   -5838.6056  0.2729 
