#=====================================================
# File created:        Tue-12-Mar-2024-at-07-18-38PM
# Size of lattice:     250x250
# Number of MC steps:  50
# Reduced temperature: 1.000
# Run time (s):        81.346912
#=====================================================
# MC step:  Ratio:     Energy:   Order:
#=====================================================
   00000    0.5000  -62307.5869  0.2530 
   00001    0.6940  -94576.1925  0.2512 
   00002    0.6304 -110168.7984  0.2520 
   00003    0.5875 -118807.6370  0.2519 
   00004    0.5675 -124357.8179  0.2505 
   00005    0.5526 -128860.3769  0.2546 
   00006    0.5402 -132343.3388  0.2538 
   00007    0.5330 -134353.9977  0.2554 
   00008    0.5294 -136630.9729  0.2561 
   00009    0.5197 -138226.0394  0.2564 
   00010    0.5169 -139329.8670  0.2571 
   00011    0.5179 -140406.7074  0.2585 
   00012    0.5109 -140987.6724  0.2594 
   00013    0.5102 -142719.8267  0.2616 
   00014    0.5089 -143289.2688  0.2665 
   00015    0.5070 -143456.8103  0.2671 
   00016    0.5084 -143995.8639  0.2662 
   00017    0.4991 -144252.6806  0.2674 
   00018    0.5033 -144493.8209  0.2684 
   00019    0.5021 -144674.7065  0.2683 
   00020    0.5012 -145186.4772  0.2691 
   00021    0.4976 -145357.8431  0.2671 
   00022    0.4969 -145393.0895  0.2681 
   00023    0.5001 -145922.1017  0.2686 
   00024    0.4972 -146101.3966  0.2678 
   00025    0.5011 -145816.3289  0.2674 
   00026    0.4999 -146182.4689  0.2693 
   00027    0.4974 -146276.3936  0.2655 
   00028    0.4979 -146144.8276  0.2640 
   00029    0.4987 -145934.3010  0.2625 
   00030    0.4966 -146224.4355  0.2601 
   00031    0.4966 -146899.7202  0.2591 
   00032    0.4910 -146917.3041  0.2598 
   00033    0.4954 -146842.0070  0.2607 
   00034    0.4942 -146779.0556  0.2619 
   00035    0.4946 -146372.6700  0.2614 
   00036    0.4956 -146531.3192  0.2630 
   00037    0.4944 -146387.6467  0.2596 
   00038    0.5022 -146296.9243  0.2566 
   00039    0.4962 -146371.8290  0.2573 
   00040    0.4948 -146760.3350  0.2573 
   00041    0.4990 -146641.8804  0.2580 
   00042    0.4970 -146527.1099  0.2600 
   00043    0.4923 -146538.9698  0.2604 
   00044    0.4969 -146476.7872  0.2594 
   00045    0.4966 -146585.0973  0.2597 
   00046    0.4977 -146652.7542  0.2594 
   00047    0.4984 -146314.5933  0.2588 
   00048    0.4997 -146618.6278  0.2566 
   00049    0.4990 -146178.4076  0.2568 
   00050    0.4967 -145898.7337  0.2539 
