#=====================================================
# File created:        Tue-12-Mar-2024-at-07-27-00PM
# Size of lattice:     250x250
# Number of MC steps:  50
# Reduced temperature: 1.000
# Run time (s):        76.616369
#=====================================================
# MC step:  Ratio:     Energy:   Order:
#=====================================================
   00000    0.5000  -62406.3404  0.2526 
   00001    0.6942  -94131.3478  0.2528 
   00002    0.6271 -109771.5980  0.2578 
   00003    0.5849 -119104.2804  0.2612 
   00004    0.5659 -124762.2737  0.2608 
   00005    0.5516 -129321.9672  0.2594 
   00006    0.5397 -132754.5523  0.2630 
   00007    0.5336 -135312.9346  0.2637 
   00008    0.5232 -137194.0897  0.2642 
   00009    0.5191 -138494.5944  0.2633 
   00010    0.5162 -139670.9564  0.2662 
   00011    0.5147 -140785.3265  0.2662 
   00012    0.5112 -141712.8790  0.2682 
   00013    0.5092 -141556.4908  0.2694 
   00014    0.5080 -142086.7365  0.2706 
   00015    0.5072 -142951.9810  0.2729 
   00016    0.5078 -143747.1584  0.2725 
   00017    0.5030 -143809.2006  0.2723 
   00018    0.5023 -144121.5236  0.2692 
   00019    0.5001 -143961.6533  0.2698 
   00020    0.5017 -144391.5907  0.2708 
   00021    0.4993 -144641.1029  0.2692 
   00022    0.5006 -145058.2433  0.2664 
   00023    0.4999 -144807.5478  0.2671 
   00024    0.5021 -145363.2890  0.2674 
   00025    0.4996 -145610.7304  0.2670 
   00026    0.5010 -146273.2933  0.2674 
   00027    0.4987 -145821.5390  0.2661 
   00028    0.4951 -146047.0965  0.2685 
   00029    0.4965 -146033.1117  0.2670 
   00030    0.4947 -145884.9634  0.2680 
   00031    0.4963 -146181.8635  0.2675 
   00032    0.4932 -146362.2716  0.2679 
   00033    0.4972 -146884.1519  0.2687 
   00034    0.4943 -146663.8270  0.2659 
   00035    0.4939 -147324.8674  0.2638 
   00036    0.4943 -146989.2155  0.2661 
   00037    0.4926 -147223.4129  0.2636 
   00038    0.4974 -146977.5901  0.2621 
   00039    0.4932 -147323.8151  0.2623 
   00040    0.4951 -147249.7902  0.2627 
   00041    0.4941 -147081.5658  0.2605 
   00042    0.4929 -147157.4479  0.2616 
   00043    0.4946 -147252.9678  0.2603 
   00044    0.4932 -146841.9995  0.2589 
   00045    0.4980 -147296.5353  0.2577 
   00046    0.4924 -147338.3058  0.2584 
   00047    0.4925 -147064.8052  0.2605 
   00048    0.4915 -147605.7235  0.2595 
   00049    0.4955 -147946.0611  0.2585 
   00050    0.4959 -147268.1179  0.2582 
