#=====================================================
# File created:        Tue-12-Mar-2024-at-11-30-07AM
# Size of lattice:     50x50
# Number of MC steps:  1000
# Reduced temperature: 1.000
# Run time (s):        61.293705
#=====================================================
# MC step:  Ratio:     Energy:   Order:
#=====================================================
   00000    0.5000   -2476.6007  0.2562 
   00001    0.6844   -3805.1278  0.2531 
   00002    0.6128   -4390.4336  0.2600 
   00003    0.5876   -4764.5970  0.2796 
   00004    0.5676   -5020.5768  0.2685 
   00005    0.5652   -5195.5771  0.2601 
   00006    0.5364   -5284.6844  0.2548 
   00007    0.5316   -5420.4904  0.2588 
   00008    0.5408   -5428.6803  0.2632 
   00009    0.5188   -5426.9389  0.2670 
   00010    0.5104   -5496.9796  0.2807 
   00011    0.5204   -5665.5423  0.2756 
   00012    0.5104   -5690.5536  0.2752 
   00013    0.4984   -5678.4676  0.2682 
   00014    0.5156   -5654.2291  0.2854 
   00015    0.5172   -5627.3127  0.2994 
   00016    0.5172   -5796.3772  0.3058 
   00017    0.5024   -5868.4923  0.3067 
   00018    0.5092   -5845.3766  0.3057 
   00019    0.4920   -5873.9919  0.3075 
   00020    0.4980   -5826.9531  0.2937 
   00021    0.4940   -5706.0590  0.3098 
   00022    0.5332   -5778.5583  0.3099 
   00023    0.4960   -5757.4058  0.3127 
   00024    0.5076   -5800.7544  0.3044 
   00025    0.5088   -5797.1474  0.3138 
   00026    0.5000   -5902.6205  0.3127 
   00027    0.4980   -5942.0193  0.3265 
   00028    0.4820   -5959.2363  0.3196 
   00029    0.5040   -5961.0712  0.3052 
   00030    0.5092   -5887.7040  0.3066 
   00031    0.5008   -5981.9476  0.3208 
   00032    0.4932   -5919.0577  0.3206 
   00033    0.4880   -5978.8129  0.3166 
   00034    0.4940   -5953.3771  0.3169 
   00035    0.4912   -5906.1806  0.3176 
   00036    0.5044   -5864.6005  0.3168 
   00037    0.4996   -5958.1297  0.3110 
   00038    0.4900   -5890.1274  0.3104 
   00039    0.4968   -5877.3355  0.3053 
   00040    0.5072   -5906.9561  0.3173 
   00041    0.4808   -5924.6590  0.3223 
   00042    0.4992   -6042.9091  0.3172 
   00043    0.4960   -5998.8900  0.3135 
   00044    0.5048   -6008.6314  0.3085 
   00045    0.4864   -5937.4737  0.3097 
   00046    0.4816   -5993.7264  0.3113 
   00047    0.4864   -5992.6319  0.3090 
   00048    0.4852   -5947.2063  0.3079 
   00049    0.4880   -5890.5145  0.3142 
   00050    0.4948   -5823.5223  0.3097 
   00051    0.4840   -5842.9201  0.3067 
   00052    0.4996   -5897.4524  0.2903 
   00053    0.4868   -5946.7331  0.2864 
   00054    0.4960   -5903.0031  0.2868 
   00055    0.4868   -5836.8489  0.3060 
   00056    0.4928   -5910.5929  0.3042 
   00057    0.5076   -5845.1696  0.3074 
   00058    0.5012   -5936.0728  0.3103 
   00059    0.4988   -5923.4167  0.3171 
   00060    0.5040   -5933.3461  0.3151 
   00061    0.4928   -5937.5239  0.2949 
   00062    0.4872   -5907.4517  0.2898 
   00063    0.4924   -5892.7241  0.2897 
   00064    0.4808   -5906.8302  0.2991 
   00065    0.4736   -5976.2333  0.3121 
   00066    0.4788   -5968.5844  0.3113 
   00067    0.4876   -5967.0164  0.2990 
   00068    0.5188   -5986.7573  0.2999 
   00069    0.4884   -6111.7126  0.2870 
   00070    0.4860   -6094.7382  0.2980 
   00071    0.4892   -6017.5141  0.2878 
   00072    0.4860   -6001.5798  0.2856 
   00073    0.4944   -6034.8988  0.2794 
   00074    0.4884   -6004.4750  0.2844 
   00075    0.4724   -6073.8488  0.2768 
   00076    0.4964   -5969.2493  0.2702 
   00077    0.4880   -5925.5770  0.2769 
   00078    0.4920   -5901.6195  0.2866 
   00079    0.4648   -5908.2134  0.2817 
   00080    0.4800   -5952.0151  0.2769 
   00081    0.4980   -5918.6397  0.2858 
   00082    0.4916   -5903.5329  0.2889 
   00083    0.5012   -5840.3151  0.2805 
   00084    0.4928   -5936.8793  0.2654 
   00085    0.4996   -5921.5095  0.2548 
   00086    0.4872   -5935.7508  0.2623 
   00087    0.4972   -5934.0884  0.2748 
   00088    0.4972   -5849.3813  0.2696 
   00089    0.5040   -5797.0761  0.2815 
   00090    0.4716   -5974.4151  0.2838 
   00091    0.4812   -5994.6532  0.2792 
   00092    0.4868   -5925.6538  0.2721 
   00093    0.5020   -5927.9976  0.2519 
   00094    0.4972   -5875.1163  0.2660 
   00095    0.4896   -5845.0045  0.2653 
   00096    0.4792   -5813.8554  0.2663 
   00097    0.4948   -5769.7569  0.2543 
   00098    0.4968   -5790.4867  0.2637 
   00099    0.4952   -5869.5942  0.2694 
   00100    0.4996   -5783.5751  0.2650 
   00101    0.4976   -5777.2777  0.2711 
   00102    0.5160   -5763.3672  0.2757 
   00103    0.5020   -5857.4546  0.2721 
   00104    0.5056   -5899.7021  0.2762 
   00105    0.5132   -5920.0464  0.2766 
   00106    0.5012   -5821.8617  0.2682 
   00107    0.5048   -5899.7223  0.2674 
   00108    0.4888   -5937.8690  0.2670 
   00109    0.4780   -5923.8242  0.2724 
   00110    0.4928   -6044.4159  0.2700 
   00111    0.4932   -6035.5695  0.2714 
   00112    0.4768   -6009.5669  0.2748 
   00113    0.4564   -5919.5060  0.2740 
   00114    0.4796   -5939.1305  0.2885 
   00115    0.4932   -5915.6031  0.2987 
   00116    0.5012   -5898.9018  0.2943 
   00117    0.4976   -5917.2015  0.2944 
   00118    0.4936   -6005.3094  0.3134 
   00119    0.4808   -5833.0767  0.3096 
   00120    0.4960   -5863.5897  0.3107 
   00121    0.5056   -5866.8409  0.3067 
   00122    0.4876   -5879.6341  0.2942 
   00123    0.4956   -5890.8128  0.2989 
   00124    0.4748   -5860.4882  0.3048 
   00125    0.4936   -5975.1595  0.3174 
   00126    0.4916   -5989.4698  0.3194 
   00127    0.4952   -5974.2637  0.3100 
   00128    0.4904   -5955.2266  0.2991 
   00129    0.4848   -5959.0715  0.3122 
   00130    0.4772   -5995.0636  0.3047 
   00131    0.4940   -6087.6256  0.3060 
   00132    0.4888   -5901.3560  0.3089 
   00133    0.4968   -5967.7514  0.3159 
   00134    0.5004   -5862.1586  0.3139 
   00135    0.4932   -5813.5812  0.3124 
   00136    0.4928   -5869.9951  0.3146 
   00137    0.5108   -5824.6009  0.3183 
   00138    0.4936   -5784.2160  0.3217 
   00139    0.4908   -5796.1634  0.3276 
   00140    0.5124   -5810.0303  0.3347 
   00141    0.5016   -5783.5702  0.3437 
   00142    0.4912   -5774.9563  0.3444 
   00143    0.4912   -5903.4020  0.3366 
   00144    0.4996   -5900.6930  0.3411 
   00145    0.5020   -5930.3574  0.3341 
   00146    0.5084   -5842.7277  0.3252 
   00147    0.5136   -5784.3718  0.3173 
   00148    0.5088   -5765.5663  0.3145 
   00149    0.5004   -5828.6431  0.3255 
   00150    0.4896   -5842.9326  0.3182 
   00151    0.5080   -5797.5963  0.3174 
   00152    0.4780   -5797.9142  0.3094 
   00153    0.4988   -5808.5499  0.3122 
   00154    0.4992   -5828.9993  0.3057 
   00155    0.5088   -5846.5849  0.3057 
   00156    0.4860   -5840.4899  0.3017 
   00157    0.5040   -5852.5777  0.2970 
   00158    0.4988   -5823.7402  0.3005 
   00159    0.5016   -5897.2553  0.3023 
   00160    0.4924   -5818.2797  0.3076 
   00161    0.5080   -5809.7127  0.3061 
   00162    0.4844   -5879.5327  0.3002 
   00163    0.5088   -5889.5120  0.3039 
   00164    0.4776   -5904.9565  0.3102 
   00165    0.4728   -6019.6780  0.3095 
   00166    0.4852   -6030.9837  0.3116 
   00167    0.4952   -6002.4303  0.3183 
   00168    0.4988   -6007.2930  0.3144 
   00169    0.4956   -5926.1159  0.3188 
   00170    0.4908   -5890.1881  0.3195 
   00171    0.4916   -5872.6711  0.3222 
   00172    0.4964   -5810.9728  0.3277 
   00173    0.4936   -5817.3909  0.3242 
   00174    0.4904   -5820.0551  0.3250 
   00175    0.5088   -5843.9939  0.3364 
   00176    0.5004   -5800.9198  0.3399 
   00177    0.4880   -5783.2949  0.3423 
   00178    0.4984   -5755.9185  0.3436 
   00179    0.5044   -5733.4670  0.3525 
   00180    0.4972   -5731.6113  0.3503 
   00181    0.5048   -5761.9014  0.3615 
   00182    0.5000   -5808.6594  0.3635 
   00183    0.4880   -5837.9521  0.3613 
   00184    0.4852   -5874.0241  0.3652 
   00185    0.5052   -5867.2500  0.3639 
   00186    0.4872   -5862.7008  0.3723 
   00187    0.5016   -5808.2314  0.3664 
   00188    0.5044   -5832.5192  0.3625 
   00189    0.4832   -5793.5029  0.3625 
   00190    0.4976   -5756.8303  0.3561 
   00191    0.5008   -5780.6319  0.3594 
   00192    0.4752   -5877.7479  0.3717 
   00193    0.4768   -5921.2745  0.3790 
   00194    0.5036   -5852.7176  0.3572 
   00195    0.4792   -5901.3170  0.3653 
   00196    0.4820   -5823.9853  0.3673 
   00197    0.5052   -5900.5458  0.3506 
   00198    0.4976   -5965.8439  0.3589 
   00199    0.4916   -5892.6850  0.3597 
   00200    0.5052   -5922.7575  0.3570 
   00201    0.4964   -5903.2930  0.3645 
   00202    0.5064   -5974.8033  0.3668 
   00203    0.4888   -5863.2501  0.3638 
   00204    0.5056   -5874.0589  0.3725 
   00205    0.5088   -5898.8771  0.3681 
   00206    0.5080   -5773.2242  0.3612 
   00207    0.5016   -5821.4157  0.3675 
   00208    0.5096   -5745.1406  0.3500 
   00209    0.5084   -5689.2444  0.3521 
   00210    0.4896   -5747.4437  0.3487 
   00211    0.5108   -5802.9286  0.3332 
   00212    0.5100   -5895.3758  0.3404 
   00213    0.4964   -5800.0270  0.3152 
   00214    0.5104   -5793.8082  0.3119 
   00215    0.4824   -5849.2022  0.3036 
   00216    0.4864   -5739.6492  0.3122 
   00217    0.5056   -5687.5484  0.3060 
   00218    0.5184   -5777.4714  0.3074 
   00219    0.5028   -5816.3230  0.3036 
   00220    0.5036   -5774.1041  0.2966 
   00221    0.5044   -5684.3545  0.2939 
   00222    0.5044   -5695.2074  0.2909 
   00223    0.5228   -5686.5842  0.3020 
   00224    0.5180   -5675.3379  0.3019 
   00225    0.5016   -5696.1146  0.3042 
   00226    0.5140   -5732.3377  0.2880 
   00227    0.5076   -5773.3551  0.3032 
   00228    0.4916   -5800.7970  0.3070 
   00229    0.5064   -5695.5339  0.3130 
   00230    0.5072   -5680.5222  0.3152 
   00231    0.5100   -5701.5739  0.3148 
   00232    0.4868   -5649.4182  0.3306 
   00233    0.4952   -5710.6001  0.3478 
   00234    0.4916   -5764.7719  0.3321 
   00235    0.5128   -5723.5161  0.3256 
   00236    0.5152   -5774.3776  0.3286 
   00237    0.4948   -5819.2198  0.3229 
   00238    0.4768   -5807.0226  0.3185 
   00239    0.5092   -5755.9199  0.3065 
   00240    0.5152   -5803.4457  0.3120 
   00241    0.5108   -5771.5411  0.3079 
   00242    0.4984   -5798.5317  0.3060 
   00243    0.4920   -5852.4948  0.3073 
   00244    0.4808   -5812.3313  0.3124 
   00245    0.5056   -5798.1753  0.3100 
   00246    0.5048   -5876.2000  0.3148 
   00247    0.5028   -5939.8488  0.3108 
   00248    0.4832   -5875.7583  0.2940 
   00249    0.4988   -5897.7200  0.2998 
   00250    0.5008   -5902.7923  0.3072 
   00251    0.4912   -5838.9827  0.2993 
   00252    0.5048   -5886.1391  0.3092 
   00253    0.4840   -5959.3380  0.3096 
   00254    0.4820   -6016.8366  0.3046 
   00255    0.4792   -6053.9938  0.3030 
   00256    0.4724   -6038.8188  0.3057 
   00257    0.4820   -5912.2015  0.3098 
   00258    0.4908   -5844.1554  0.3146 
   00259    0.4940   -5891.7067  0.2966 
   00260    0.4840   -5910.7734  0.3118 
   00261    0.5028   -6011.6898  0.3045 
   00262    0.4704   -6089.9953  0.3012 
   00263    0.4792   -6091.2993  0.3019 
   00264    0.5012   -6021.9222  0.2992 
   00265    0.4792   -6086.0299  0.3077 
   00266    0.4808   -6139.2595  0.3060 
   00267    0.4972   -6046.7935  0.3182 
   00268    0.4768   -5957.0220  0.3181 
   00269    0.5056   -5874.8481  0.3213 
   00270    0.5028   -5852.7374  0.3268 
   00271    0.4844   -5931.7967  0.3311 
   00272    0.5084   -5987.6571  0.3301 
   00273    0.5056   -5941.1132  0.3297 
   00274    0.4896   -5926.6562  0.3313 
   00275    0.5032   -5873.2027  0.3313 
   00276    0.4988   -6004.3196  0.3280 
   00277    0.4904   -5952.7879  0.3337 
   00278    0.4840   -5957.2552  0.3432 
   00279    0.4860   -5921.2143  0.3374 
   00280    0.5184   -5887.0882  0.3444 
   00281    0.4812   -5968.2188  0.3441 
   00282    0.4800   -5964.4680  0.3488 
   00283    0.4928   -5897.3735  0.3604 
   00284    0.4780   -5870.4934  0.3589 
   00285    0.4892   -5967.8856  0.3597 
   00286    0.5016   -5895.9777  0.3662 
   00287    0.5000   -5826.9103  0.3599 
   00288    0.4980   -5808.6373  0.3348 
   00289    0.4904   -5776.9355  0.3412 
   00290    0.5104   -5801.2570  0.3537 
   00291    0.4976   -5822.7596  0.3426 
   00292    0.5004   -5750.3191  0.3443 
   00293    0.5100   -5836.3718  0.3523 
   00294    0.4964   -5889.2181  0.3668 
   00295    0.4924   -5862.3535  0.3644 
   00296    0.4852   -5843.2651  0.3594 
   00297    0.4968   -5825.7704  0.3580 
   00298    0.4984   -5860.5772  0.3554 
   00299    0.4924   -5852.2758  0.3579 
   00300    0.4996   -5863.0605  0.3626 
   00301    0.4992   -5903.7447  0.3575 
   00302    0.4908   -5883.9287  0.3601 
   00303    0.4876   -5845.4718  0.3577 
   00304    0.5224   -5795.9185  0.3531 
   00305    0.5092   -5806.3496  0.3437 
   00306    0.4892   -5801.8893  0.3396 
   00307    0.5132   -5766.7812  0.3544 
   00308    0.5012   -5842.0091  0.3561 
   00309    0.4896   -5927.6621  0.3445 
   00310    0.4772   -5932.9351  0.3438 
   00311    0.5036   -5846.6152  0.3439 
   00312    0.5040   -6021.6128  0.3451 
   00313    0.4828   -6042.9370  0.3323 
   00314    0.4792   -5989.7705  0.3439 
   00315    0.4924   -5920.6457  0.3621 
   00316    0.4932   -5897.2600  0.3615 
   00317    0.5064   -5901.9753  0.3650 
   00318    0.4936   -5778.3713  0.3585 
   00319    0.4964   -5795.6871  0.3510 
   00320    0.4844   -5884.2177  0.3580 
   00321    0.4944   -5827.0030  0.3561 
   00322    0.4948   -5926.2516  0.3746 
   00323    0.4876   -5966.9601  0.3771 
   00324    0.4848   -5955.1521  0.3790 
   00325    0.4784   -5960.6334  0.3714 
   00326    0.5148   -5916.7919  0.3705 
   00327    0.4924   -5991.3974  0.3757 
   00328    0.4920   -5972.6523  0.3787 
   00329    0.4860   -6023.9380  0.3793 
   00330    0.4952   -5983.1014  0.3853 
   00331    0.4876   -6081.5850  0.3833 
   00332    0.4860   -6027.6683  0.3784 
   00333    0.4972   -5859.2125  0.3705 
   00334    0.4872   -5856.5495  0.3671 
   00335    0.5072   -5924.1319  0.3738 
   00336    0.4832   -5959.3497  0.3736 
   00337    0.4960   -5935.6865  0.3677 
   00338    0.4752   -6019.9697  0.3694 
   00339    0.4964   -5990.4421  0.3655 
   00340    0.5012   -5949.3726  0.3714 
   00341    0.5168   -5908.1685  0.3665 
   00342    0.4824   -5895.9732  0.3737 
   00343    0.4756   -5975.8217  0.3584 
   00344    0.4868   -5908.6620  0.3652 
   00345    0.4692   -5901.7378  0.3628 
   00346    0.4888   -5954.1500  0.3743 
   00347    0.4932   -5897.4934  0.3573 
   00348    0.5096   -5976.9196  0.3611 
   00349    0.4864   -5946.7939  0.3605 
   00350    0.4968   -6012.8142  0.3468 
   00351    0.4832   -5879.3676  0.3378 
   00352    0.4796   -5940.7794  0.3417 
   00353    0.4892   -6032.4574  0.3372 
   00354    0.4844   -6034.2064  0.3377 
   00355    0.4880   -6055.0278  0.3496 
   00356    0.4904   -6073.5811  0.3453 
   00357    0.4848   -6058.0755  0.3534 
   00358    0.4660   -6036.6782  0.3469 
   00359    0.5004   -6051.0792  0.3452 
   00360    0.4776   -6060.6020  0.3521 
   00361    0.5036   -5958.9977  0.3328 
   00362    0.4876   -5904.8532  0.3264 
   00363    0.4848   -5843.4334  0.3277 
   00364    0.5020   -5927.1842  0.3190 
   00365    0.4952   -5968.8244  0.3256 
   00366    0.5008   -5896.2840  0.3206 
   00367    0.4848   -5901.4648  0.3208 
   00368    0.5048   -5924.2338  0.3214 
   00369    0.4916   -5892.6372  0.3242 
   00370    0.5060   -5876.0946  0.3310 
   00371    0.5008   -5862.4433  0.3265 
   00372    0.4852   -5943.9021  0.3278 
   00373    0.4912   -5901.0861  0.3200 
   00374    0.4984   -5923.9129  0.3235 
   00375    0.4968   -5890.2040  0.3303 
   00376    0.4908   -5970.3900  0.3194 
   00377    0.4824   -5921.6779  0.3155 
   00378    0.5036   -6004.0365  0.3173 
   00379    0.4644   -6054.8703  0.3104 
   00380    0.4872   -6014.9656  0.3024 
   00381    0.4864   -5959.2379  0.3029 
   00382    0.4852   -5918.4213  0.3067 
   00383    0.5028   -5977.6262  0.3089 
   00384    0.4844   -5975.2002  0.2945 
   00385    0.4880   -6008.6734  0.2930 
   00386    0.4968   -5870.3634  0.3055 
   00387    0.5184   -5947.4495  0.2961 
   00388    0.5080   -5843.5731  0.2991 
   00389    0.4880   -5895.8990  0.3037 
   00390    0.5056   -5848.1640  0.3086 
   00391    0.4960   -5922.4409  0.3135 
   00392    0.4892   -5908.5237  0.3154 
   00393    0.4760   -5887.3156  0.3144 
   00394    0.4972   -5934.7263  0.3215 
   00395    0.4940   -5915.0386  0.3209 
   00396    0.4844   -5919.3709  0.3140 
   00397    0.4824   -5956.9873  0.3172 
   00398    0.4732   -5968.6538  0.3270 
   00399    0.4736   -6020.3390  0.3258 
   00400    0.4948   -6022.3360  0.3135 
   00401    0.4876   -6008.9402  0.3179 
   00402    0.4772   -6012.8590  0.3264 
   00403    0.4752   -5949.2322  0.3068 
   00404    0.4924   -6016.9880  0.3080 
   00405    0.4788   -6018.9434  0.2924 
   00406    0.5000   -6037.1563  0.2906 
   00407    0.4988   -6099.0593  0.2952 
   00408    0.4980   -6012.7855  0.2985 
   00409    0.4932   -5939.9226  0.3079 
   00410    0.5020   -5890.7527  0.3014 
   00411    0.5124   -5883.0721  0.3018 
   00412    0.4804   -5956.1569  0.3150 
   00413    0.4856   -5895.9961  0.3105 
   00414    0.4992   -5907.1665  0.3071 
   00415    0.4912   -5932.1805  0.3132 
   00416    0.5016   -5852.5621  0.3180 
   00417    0.5036   -5767.9677  0.3150 
   00418    0.5152   -5830.3854  0.3146 
   00419    0.4708   -5881.2701  0.3103 
   00420    0.4876   -5892.7217  0.3049 
   00421    0.4908   -5897.0426  0.3109 
   00422    0.4800   -5831.0351  0.3303 
   00423    0.5060   -5901.2653  0.3223 
   00424    0.4932   -5883.7748  0.3149 
   00425    0.4900   -5965.2164  0.3169 
   00426    0.4960   -5878.5471  0.3131 
   00427    0.5036   -5839.4329  0.3154 
   00428    0.4964   -5740.0411  0.3004 
   00429    0.4896   -5881.1290  0.2923 
   00430    0.5072   -5865.3482  0.2975 
   00431    0.5004   -5894.6673  0.2905 
   00432    0.4868   -5880.8610  0.2783 
   00433    0.4972   -5867.5252  0.2816 
   00434    0.5096   -5905.4386  0.2885 
   00435    0.4956   -5911.9814  0.2959 
   00436    0.5064   -5966.2262  0.2952 
   00437    0.5076   -6015.1603  0.3009 
   00438    0.4796   -5902.1361  0.3048 
   00439    0.5164   -5908.2508  0.3069 
   00440    0.4864   -5835.5366  0.3071 
   00441    0.5000   -5898.0204  0.3157 
   00442    0.4904   -5895.3859  0.3178 
   00443    0.4912   -5853.9025  0.3190 
   00444    0.5156   -5888.6428  0.3330 
   00445    0.5068   -5842.5001  0.3215 
   00446    0.5052   -5967.1915  0.3182 
   00447    0.5000   -5947.5834  0.3048 
   00448    0.4848   -6082.5315  0.3091 
   00449    0.4848   -6040.9992  0.3100 
   00450    0.4968   -5945.5254  0.2982 
   00451    0.4816   -6006.5187  0.2982 
   00452    0.4996   -5806.8267  0.2927 
   00453    0.5036   -5923.4554  0.2921 
   00454    0.4936   -5927.5834  0.2938 
   00455    0.4876   -5856.1087  0.3001 
   00456    0.4956   -5747.6792  0.3167 
   00457    0.4852   -5858.5872  0.3202 
   00458    0.5100   -5836.3655  0.3151 
   00459    0.4964   -5812.2252  0.3138 
   00460    0.5112   -5778.9677  0.3210 
   00461    0.4960   -5822.5298  0.3269 
   00462    0.5164   -5872.2461  0.3348 
   00463    0.5012   -5776.9043  0.3146 
   00464    0.5184   -5824.1803  0.3063 
   00465    0.4936   -5839.8066  0.3119 
   00466    0.5004   -5856.8880  0.3031 
   00467    0.5004   -5877.5395  0.3112 
   00468    0.4952   -5792.9363  0.3211 
   00469    0.4996   -5826.7540  0.3187 
   00470    0.5048   -5901.3591  0.3248 
   00471    0.4960   -5884.3810  0.3119 
   00472    0.5100   -5950.1990  0.3183 
   00473    0.4912   -6022.7318  0.3231 
   00474    0.4860   -6079.3092  0.3323 
   00475    0.4820   -6034.2335  0.3223 
   00476    0.4868   -5970.8076  0.3088 
   00477    0.4952   -5920.0337  0.3206 
   00478    0.4992   -5822.6092  0.3217 
   00479    0.4944   -5852.9188  0.3153 
   00480    0.5072   -5830.9650  0.3214 
   00481    0.4980   -5836.3620  0.3308 
   00482    0.4756   -5899.2399  0.3311 
   00483    0.4912   -5924.4622  0.3378 
   00484    0.4912   -5942.5459  0.3312 
   00485    0.5028   -5875.8160  0.3217 
   00486    0.4880   -5918.6499  0.3265 
   00487    0.4788   -6081.0796  0.3253 
   00488    0.4800   -6001.6360  0.3161 
   00489    0.4924   -5989.5184  0.3138 
   00490    0.4868   -5905.2733  0.3093 
   00491    0.5016   -5797.0457  0.3142 
   00492    0.4964   -5781.6436  0.3063 
   00493    0.5068   -5714.6969  0.2860 
   00494    0.5060   -5768.4414  0.3002 
   00495    0.5024   -5760.0145  0.2896 
   00496    0.4912   -5746.7317  0.2875 
   00497    0.5124   -5731.3740  0.2934 
   00498    0.4920   -5803.0820  0.2894 
   00499    0.4888   -5783.2309  0.2857 
   00500    0.4856   -5823.6685  0.2796 
   00501    0.4928   -5815.8890  0.2778 
   00502    0.5188   -5798.3973  0.2863 
   00503    0.5096   -5828.7468  0.2806 
   00504    0.5168   -5776.5078  0.2752 
   00505    0.4932   -5824.2731  0.2844 
   00506    0.4916   -5849.0367  0.2849 
   00507    0.4916   -5808.5536  0.2878 
   00508    0.4912   -5923.9276  0.2851 
   00509    0.5052   -5924.8386  0.2851 
   00510    0.4952   -5972.7173  0.2928 
   00511    0.4792   -6025.4921  0.3060 
   00512    0.4888   -6052.4976  0.3005 
   00513    0.4804   -6015.5993  0.3008 
   00514    0.4844   -6052.2431  0.3015 
   00515    0.4816   -6050.2145  0.3030 
   00516    0.4704   -5979.0709  0.3030 
   00517    0.4828   -5986.1392  0.3062 
   00518    0.4932   -6058.1479  0.3046 
   00519    0.4884   -6009.5429  0.3134 
   00520    0.4952   -6011.6411  0.3286 
   00521    0.4916   -6034.5240  0.3338 
   00522    0.4764   -6023.6967  0.3269 
   00523    0.4900   -5918.7443  0.3220 
   00524    0.4944   -5871.6823  0.3096 
   00525    0.5048   -5867.8654  0.3040 
   00526    0.4768   -5922.5016  0.2951 
   00527    0.4952   -5925.4280  0.2978 
   00528    0.4948   -5907.0577  0.3125 
   00529    0.4828   -5938.1800  0.3166 
   00530    0.4956   -5974.3933  0.3206 
   00531    0.4812   -6054.4625  0.3264 
   00532    0.4884   -6003.0319  0.3168 
   00533    0.4804   -6019.1685  0.3305 
   00534    0.4616   -6059.8339  0.3343 
   00535    0.4832   -6038.3288  0.3380 
   00536    0.4748   -6042.0104  0.3327 
   00537    0.4844   -6120.0287  0.3383 
   00538    0.4808   -6062.2957  0.3333 
   00539    0.4776   -6089.3013  0.3355 
   00540    0.4748   -6062.7336  0.3332 
   00541    0.4856   -5988.0058  0.3283 
   00542    0.4780   -5975.1285  0.3327 
   00543    0.4900   -5918.8454  0.3475 
   00544    0.4908   -5939.1699  0.3451 
   00545    0.4988   -6081.6453  0.3374 
   00546    0.5024   -6111.4038  0.3402 
   00547    0.4804   -6045.7126  0.3331 
   00548    0.4896   -5932.6018  0.3224 
   00549    0.5008   -5941.6137  0.3328 
   00550    0.4780   -5939.9941  0.3433 
   00551    0.4952   -5964.5110  0.3437 
   00552    0.5044   -6062.4259  0.3343 
   00553    0.4768   -6060.0357  0.3437 
   00554    0.4824   -6109.1175  0.3477 
   00555    0.4996   -6019.3770  0.3465 
   00556    0.4704   -6088.2984  0.3511 
   00557    0.4732   -6076.3244  0.3611 
   00558    0.4936   -6058.8219  0.3639 
   00559    0.5012   -6096.6530  0.3714 
   00560    0.4676   -6117.9008  0.3792 
   00561    0.4736   -6058.2942  0.3853 
   00562    0.4736   -6208.0326  0.3811 
   00563    0.4784   -6057.3741  0.3672 
   00564    0.4672   -6040.6098  0.3673 
   00565    0.4908   -5996.1646  0.3656 
   00566    0.4752   -6046.9760  0.3732 
   00567    0.4768   -6119.7659  0.3756 
   00568    0.4932   -6160.6133  0.3713 
   00569    0.4608   -6124.5957  0.3807 
   00570    0.4836   -6073.7609  0.3792 
   00571    0.4700   -6016.0972  0.3823 
   00572    0.4908   -5983.4308  0.3747 
   00573    0.4764   -5945.1835  0.3749 
   00574    0.5004   -5921.4193  0.3799 
   00575    0.4952   -6015.7612  0.3800 
   00576    0.4944   -5988.6692  0.3905 
   00577    0.4684   -5998.8709  0.3936 
   00578    0.4916   -5931.5632  0.3868 
   00579    0.4840   -6005.2024  0.3926 
   00580    0.4820   -5967.6012  0.4000 
   00581    0.4952   -5982.0369  0.3935 
   00582    0.4908   -5939.7641  0.3964 
   00583    0.4780   -5881.6991  0.4015 
   00584    0.4864   -5886.2399  0.4172 
   00585    0.4968   -5807.1085  0.4329 
   00586    0.5132   -5932.3947  0.4326 
   00587    0.4816   -5852.3412  0.4202 
   00588    0.4964   -5881.6737  0.4140 
   00589    0.5068   -5870.8428  0.4216 
   00590    0.4788   -5973.7987  0.4166 
   00591    0.4796   -6005.9268  0.4185 
   00592    0.4740   -5989.5424  0.4203 
   00593    0.4816   -5979.1499  0.4038 
   00594    0.4848   -6018.8604  0.4053 
   00595    0.4836   -6056.9995  0.3879 
   00596    0.4840   -6019.2309  0.3796 
   00597    0.4932   -5975.6659  0.3849 
   00598    0.5128   -5893.3345  0.3747 
   00599    0.5024   -5979.1245  0.3705 
   00600    0.4808   -5922.3846  0.3605 
   00601    0.4796   -5957.3038  0.3603 
   00602    0.4936   -5931.4206  0.3713 
   00603    0.4740   -6046.5757  0.3798 
   00604    0.4808   -6105.1388  0.3711 
   00605    0.4856   -6076.2834  0.3717 
   00606    0.4696   -6151.2111  0.3585 
   00607    0.4824   -6120.3258  0.3578 
   00608    0.4652   -6118.6856  0.3522 
   00609    0.4752   -6013.6959  0.3548 
   00610    0.4808   -5979.6771  0.3495 
   00611    0.5088   -6015.6283  0.3422 
   00612    0.4796   -6024.7134  0.3421 
   00613    0.4852   -6042.7016  0.3447 
   00614    0.4856   -5989.8075  0.3419 
   00615    0.5040   -5888.8923  0.3376 
   00616    0.5060   -5862.3283  0.3337 
   00617    0.4876   -5936.6663  0.3430 
   00618    0.4792   -5941.6691  0.3361 
   00619    0.4984   -5910.0176  0.3349 
   00620    0.4956   -6007.4839  0.3436 
   00621    0.4780   -6004.3763  0.3326 
   00622    0.4692   -6033.1643  0.3320 
   00623    0.4800   -6011.9583  0.3397 
   00624    0.4992   -6031.5745  0.3245 
   00625    0.4812   -6004.3981  0.3211 
   00626    0.4884   -5939.3790  0.3121 
   00627    0.5124   -5879.1359  0.3171 
   00628    0.4876   -5920.9911  0.3169 
   00629    0.4888   -5896.8090  0.3180 
   00630    0.4916   -5840.2913  0.3222 
   00631    0.5152   -5960.4954  0.3222 
   00632    0.5112   -5982.5006  0.3202 
   00633    0.4952   -5977.0763  0.3149 
   00634    0.4788   -5925.8594  0.3142 
   00635    0.4960   -5939.4742  0.3180 
   00636    0.4964   -5941.4612  0.3112 
   00637    0.4884   -6019.7532  0.3168 
   00638    0.4816   -6056.1770  0.3189 
   00639    0.4816   -5955.9644  0.3221 
   00640    0.5068   -5920.2810  0.3128 
   00641    0.5056   -5906.3449  0.3117 
   00642    0.4832   -5947.3929  0.3067 
   00643    0.4788   -5921.9243  0.3028 
   00644    0.5108   -5813.5195  0.3042 
   00645    0.4960   -5857.2102  0.3088 
   00646    0.4884   -5845.8037  0.3001 
   00647    0.4816   -5929.0416  0.2938 
   00648    0.5008   -5975.5491  0.2863 
   00649    0.4944   -6003.7435  0.2859 
   00650    0.4912   -5981.7377  0.2888 
   00651    0.4692   -6022.6956  0.2867 
   00652    0.4952   -5977.9381  0.2937 
   00653    0.4912   -5916.0764  0.2840 
   00654    0.4976   -5865.0052  0.2806 
   00655    0.5144   -5762.6220  0.2830 
   00656    0.4948   -5744.0790  0.2901 
   00657    0.4976   -5800.5536  0.2944 
   00658    0.5052   -5858.0910  0.2946 
   00659    0.5032   -5815.4936  0.3040 
   00660    0.4948   -5901.5150  0.3077 
   00661    0.4904   -5886.7543  0.3069 
   00662    0.5040   -5825.1809  0.3028 
   00663    0.5052   -5870.3047  0.2987 
   00664    0.4876   -5917.9061  0.3015 
   00665    0.4860   -5921.2380  0.2964 
   00666    0.4856   -5936.3731  0.2964 
   00667    0.4920   -5999.2272  0.2817 
   00668    0.5048   -5921.8330  0.2789 
   00669    0.4800   -6055.3459  0.2782 
   00670    0.4796   -6015.6739  0.2678 
   00671    0.4928   -6019.6205  0.2698 
   00672    0.4904   -6004.4447  0.2728 
   00673    0.4888   -6017.7316  0.2772 
   00674    0.4884   -6057.8170  0.2870 
   00675    0.4660   -6118.3788  0.2894 
   00676    0.4796   -6104.0599  0.2697 
   00677    0.4820   -6143.2270  0.2694 
   00678    0.4684   -6172.5483  0.2772 
   00679    0.4728   -6092.2225  0.2886 
   00680    0.5008   -6059.9730  0.2798 
   00681    0.4940   -6005.3880  0.2750 
   00682    0.4940   -6014.5683  0.2801 
   00683    0.4812   -6017.2392  0.2684 
   00684    0.4948   -5992.5228  0.2711 
   00685    0.4776   -6003.5963  0.2648 
   00686    0.4852   -5984.6940  0.2704 
   00687    0.4988   -6016.2096  0.2770 
   00688    0.4764   -5895.0177  0.2854 
   00689    0.4924   -5848.7683  0.2862 
   00690    0.4876   -5856.1551  0.2943 
   00691    0.4924   -5810.5403  0.2981 
   00692    0.5068   -5833.8013  0.2923 
   00693    0.4960   -5842.9556  0.2781 
   00694    0.5052   -5884.9408  0.2847 
   00695    0.4776   -5940.9304  0.2923 
   00696    0.4796   -5933.2423  0.2884 
   00697    0.4772   -6040.1492  0.2825 
   00698    0.4748   -6138.7896  0.2816 
   00699    0.4668   -6133.4042  0.2912 
   00700    0.4996   -6081.5929  0.2902 
   00701    0.4924   -6087.3611  0.2764 
   00702    0.4896   -5979.9741  0.2741 
   00703    0.4876   -5993.6417  0.2802 
   00704    0.4792   -6018.7902  0.2727 
   00705    0.4916   -5920.0686  0.2738 
   00706    0.4936   -5859.1846  0.2678 
   00707    0.5084   -5858.5923  0.2646 
   00708    0.4972   -5922.7565  0.2637 
   00709    0.4916   -5898.7562  0.2750 
   00710    0.4936   -5839.9055  0.2883 
   00711    0.4864   -5961.0577  0.2806 
   00712    0.4784   -5980.9662  0.2619 
   00713    0.4780   -5939.9183  0.2688 
   00714    0.4800   -6048.6534  0.2706 
   00715    0.4924   -6013.5040  0.2633 
   00716    0.4996   -5941.0379  0.2585 
   00717    0.4864   -5848.9433  0.2550 
   00718    0.4912   -5880.9931  0.2732 
   00719    0.4792   -5938.9555  0.2622 
   00720    0.4948   -5799.4653  0.2659 
   00721    0.5012   -5892.9599  0.2641 
   00722    0.4900   -5910.7588  0.2751 
   00723    0.4832   -5902.4864  0.2821 
   00724    0.5152   -5877.3376  0.2776 
   00725    0.4960   -5893.4777  0.2790 
   00726    0.5072   -5860.1358  0.2885 
   00727    0.5008   -5959.4588  0.2902 
   00728    0.4832   -5960.7923  0.2900 
   00729    0.4964   -5939.7236  0.2922 
   00730    0.4932   -5890.5635  0.2943 
   00731    0.4948   -5934.2663  0.2962 
   00732    0.4908   -5933.0858  0.2885 
   00733    0.4852   -5947.6421  0.2848 
   00734    0.4968   -5945.4182  0.2801 
   00735    0.4844   -5968.1927  0.2856 
   00736    0.4844   -5870.7299  0.2815 
   00737    0.4980   -5819.7922  0.2813 
   00738    0.5072   -5815.9305  0.2757 
   00739    0.4916   -5869.5810  0.2804 
   00740    0.4844   -5886.5103  0.2841 
   00741    0.4904   -5906.8055  0.2915 
   00742    0.4944   -6019.0250  0.2918 
   00743    0.4796   -6000.1012  0.2836 
   00744    0.4948   -6079.1675  0.2882 
   00745    0.4880   -6068.6447  0.2940 
   00746    0.4752   -5958.6281  0.3037 
   00747    0.4748   -6018.3814  0.3112 
   00748    0.4716   -5957.6140  0.3047 
   00749    0.4944   -5870.6411  0.2992 
   00750    0.5068   -5849.0813  0.3096 
   00751    0.4896   -5947.0084  0.3082 
   00752    0.4792   -5887.5924  0.3273 
   00753    0.4884   -5957.0536  0.3238 
   00754    0.4824   -6004.2200  0.3294 
   00755    0.4844   -5942.6897  0.3293 
   00756    0.4752   -5957.0559  0.3086 
   00757    0.4824   -6057.4553  0.3279 
   00758    0.4968   -5942.9298  0.3303 
   00759    0.4972   -5880.1263  0.3209 
   00760    0.5012   -5868.3295  0.3150 
   00761    0.5116   -5745.6612  0.3189 
   00762    0.5132   -5829.9859  0.3227 
   00763    0.4932   -5781.3083  0.3228 
   00764    0.4912   -5767.6031  0.3326 
   00765    0.5060   -5838.0678  0.3222 
   00766    0.4888   -5828.9418  0.3157 
   00767    0.4808   -5859.5077  0.3272 
   00768    0.5044   -5852.0242  0.3221 
   00769    0.4816   -5922.9010  0.3252 
   00770    0.4828   -5902.0686  0.3341 
   00771    0.4968   -5919.3538  0.3409 
   00772    0.5092   -6009.7926  0.3460 
   00773    0.4916   -6066.5923  0.3441 
   00774    0.4796   -6064.1604  0.3403 
   00775    0.4900   -6068.5962  0.3438 
   00776    0.5004   -6070.5441  0.3456 
   00777    0.4920   -6018.8248  0.3489 
   00778    0.4644   -5965.0766  0.3536 
   00779    0.4896   -5843.4536  0.3533 
   00780    0.4972   -5830.8731  0.3389 
   00781    0.4864   -5860.1758  0.3482 
   00782    0.4880   -5939.7284  0.3581 
   00783    0.4852   -5935.8603  0.3596 
   00784    0.4752   -5894.0953  0.3707 
   00785    0.5104   -5827.8004  0.3636 
   00786    0.5040   -5858.1021  0.3524 
   00787    0.4872   -5856.3228  0.3581 
   00788    0.5024   -5840.6141  0.3775 
   00789    0.4920   -5820.9399  0.3674 
   00790    0.4832   -5825.9664  0.3582 
   00791    0.4992   -5819.4605  0.3616 
   00792    0.5044   -5828.6711  0.3631 
   00793    0.4864   -5902.0884  0.3603 
   00794    0.4964   -5875.5154  0.3538 
   00795    0.5000   -5773.3131  0.3465 
   00796    0.5024   -5926.7687  0.3513 
   00797    0.4840   -5970.5518  0.3501 
   00798    0.4660   -6004.7250  0.3529 
   00799    0.4692   -5947.3722  0.3542 
   00800    0.4848   -5852.4707  0.3558 
   00801    0.5040   -5934.1932  0.3658 
   00802    0.4860   -5956.8120  0.3623 
   00803    0.4812   -5856.9402  0.3460 
   00804    0.4828   -5854.9350  0.3366 
   00805    0.5004   -5912.7947  0.3544 
   00806    0.4996   -5941.2797  0.3491 
   00807    0.4936   -5902.6452  0.3551 
   00808    0.5004   -5923.7380  0.3557 
   00809    0.4868   -5924.3201  0.3688 
   00810    0.5028   -5926.1417  0.3578 
   00811    0.4988   -5909.8257  0.3503 
   00812    0.5132   -5871.6875  0.3487 
   00813    0.4956   -5908.5157  0.3548 
   00814    0.5048   -5982.2728  0.3470 
   00815    0.4848   -5951.6860  0.3405 
   00816    0.4816   -5953.2097  0.3396 
   00817    0.4940   -5933.9757  0.3239 
   00818    0.4708   -6009.0052  0.3175 
   00819    0.4988   -5989.5106  0.3144 
   00820    0.4756   -5906.5998  0.3181 
   00821    0.4856   -6096.5681  0.3269 
   00822    0.4664   -6065.3071  0.3320 
   00823    0.4776   -6026.1221  0.3321 
   00824    0.4704   -5978.8705  0.3385 
   00825    0.4680   -6033.4214  0.3519 
   00826    0.4976   -5933.8498  0.3533 
   00827    0.4832   -5894.5998  0.3506 
   00828    0.4976   -5838.5377  0.3485 
   00829    0.4992   -5916.7682  0.3494 
   00830    0.4908   -5945.1141  0.3519 
   00831    0.5056   -5987.4675  0.3750 
   00832    0.4800   -5987.9973  0.3637 
   00833    0.4776   -6039.2368  0.3521 
   00834    0.4848   -5946.4231  0.3505 
   00835    0.4936   -5911.3616  0.3472 
   00836    0.4672   -5932.0892  0.3532 
   00837    0.4996   -6016.6419  0.3394 
   00838    0.4656   -6132.5444  0.3390 
   00839    0.4872   -6105.6813  0.3459 
   00840    0.4892   -5994.5868  0.3419 
   00841    0.4952   -5897.0894  0.3494 
   00842    0.5168   -5874.5531  0.3402 
   00843    0.4864   -5809.8391  0.3375 
   00844    0.5188   -5804.9739  0.3333 
   00845    0.5052   -5830.6415  0.3401 
   00846    0.5100   -5874.3875  0.3438 
   00847    0.4872   -5842.6945  0.3450 
   00848    0.4936   -5958.9549  0.3492 
   00849    0.4708   -5963.4553  0.3492 
   00850    0.5132   -5800.9438  0.3392 
   00851    0.4832   -5868.9845  0.3283 
   00852    0.4904   -5882.0650  0.3230 
   00853    0.5004   -5840.3829  0.3183 
   00854    0.4972   -5833.4071  0.3103 
   00855    0.4912   -5826.2619  0.2992 
   00856    0.4936   -5944.4732  0.2934 
   00857    0.4812   -5858.2298  0.2992 
   00858    0.4992   -5847.1608  0.2998 
   00859    0.4904   -5819.3912  0.2785 
   00860    0.4928   -5818.2604  0.2745 
   00861    0.4760   -5854.4158  0.2762 
   00862    0.5052   -5837.5928  0.2844 
   00863    0.4984   -5864.5247  0.2825 
   00864    0.4964   -5914.1145  0.2951 
   00865    0.4984   -5912.5094  0.2819 
   00866    0.4912   -5851.7660  0.2884 
   00867    0.5068   -5914.6745  0.2928 
   00868    0.4908   -5960.4417  0.2894 
   00869    0.4928   -5882.6897  0.2896 
   00870    0.5096   -5820.9131  0.2901 
   00871    0.4928   -5790.6297  0.2919 
   00872    0.5040   -5830.5267  0.2919 
   00873    0.5136   -5882.8331  0.2911 
   00874    0.5020   -6002.5295  0.2934 
   00875    0.4724   -5975.0557  0.2915 
   00876    0.4844   -5920.3448  0.2852 
   00877    0.4916   -5888.5976  0.2822 
   00878    0.5096   -5937.4483  0.2713 
   00879    0.4936   -5831.8723  0.2663 
   00880    0.4948   -5766.6361  0.2694 
   00881    0.4980   -5792.4764  0.2630 
   00882    0.4976   -5879.7760  0.2604 
   00883    0.4840   -5792.0526  0.2586 
   00884    0.4992   -5737.2263  0.2666 
   00885    0.4940   -5722.6952  0.2646 
   00886    0.5028   -5786.1537  0.2632 
   00887    0.4904   -5842.4578  0.2731 
   00888    0.4860   -5930.3750  0.2815 
   00889    0.4796   -5940.0822  0.2889 
   00890    0.4976   -5983.8411  0.2955 
   00891    0.4996   -5925.3685  0.3041 
   00892    0.5004   -5896.0297  0.3062 
   00893    0.4948   -5824.2749  0.2955 
   00894    0.4920   -5906.3332  0.3001 
   00895    0.4988   -5895.6994  0.2953 
   00896    0.4980   -5853.9612  0.2865 
   00897    0.4940   -5893.8998  0.2794 
   00898    0.5112   -5894.6175  0.2946 
   00899    0.4748   -5835.4214  0.2939 
   00900    0.5084   -5894.3004  0.2992 
   00901    0.4888   -5825.5445  0.3034 
   00902    0.4852   -5743.4147  0.2953 
   00903    0.4980   -5771.3590  0.2991 
   00904    0.4944   -5865.1636  0.3142 
   00905    0.4948   -5862.7061  0.3138 
   00906    0.4856   -5787.4262  0.3327 
   00907    0.4952   -5782.2982  0.3361 
   00908    0.5048   -5722.6075  0.3398 
   00909    0.4948   -5707.4012  0.3393 
   00910    0.5160   -5726.9081  0.3400 
   00911    0.5224   -5767.8235  0.3417 
   00912    0.5164   -5800.2080  0.3542 
   00913    0.5000   -5805.5035  0.3456 
   00914    0.4948   -5746.0360  0.3367 
   00915    0.5056   -5884.7838  0.3394 
   00916    0.4896   -5952.9411  0.3513 
   00917    0.4840   -5933.7530  0.3332 
   00918    0.4916   -5871.8036  0.3354 
   00919    0.4736   -5860.8231  0.3367 
   00920    0.4972   -5873.2107  0.3389 
   00921    0.4980   -5889.0528  0.3351 
   00922    0.4948   -5874.6693  0.3419 
   00923    0.4948   -5829.0167  0.3374 
   00924    0.4880   -5830.9023  0.3384 
   00925    0.5004   -5883.8108  0.3388 
   00926    0.5076   -5852.0392  0.3489 
   00927    0.4884   -5912.8754  0.3342 
   00928    0.4808   -5949.6772  0.3324 
   00929    0.5036   -5932.4045  0.3186 
   00930    0.5124   -5898.1628  0.3283 
   00931    0.4940   -5863.0889  0.3317 
   00932    0.4828   -5904.0085  0.3259 
   00933    0.4784   -6031.0210  0.3244 
   00934    0.4692   -5916.7590  0.3195 
   00935    0.4676   -5972.6223  0.3212 
   00936    0.4816   -5821.4734  0.3158 
   00937    0.4952   -5945.1161  0.3168 
   00938    0.4956   -5984.5976  0.3144 
   00939    0.4768   -6024.5572  0.3167 
   00940    0.5048   -6011.9408  0.3212 
   00941    0.4860   -5892.5252  0.3155 
   00942    0.4844   -5892.2369  0.3100 
   00943    0.5000   -5895.8822  0.3241 
   00944    0.4988   -5900.4106  0.3247 
   00945    0.4820   -5974.8014  0.3138 
   00946    0.4864   -6022.3944  0.3146 
   00947    0.4756   -6026.9317  0.3025 
   00948    0.4852   -5997.1644  0.3037 
   00949    0.4872   -5945.0663  0.3148 
   00950    0.4836   -5950.9213  0.3075 
   00951    0.5036   -5943.4609  0.3084 
   00952    0.4940   -5923.8115  0.2986 
   00953    0.5016   -5911.5854  0.2914 
   00954    0.5008   -5899.2042  0.2958 
   00955    0.4912   -5892.9576  0.3049 
   00956    0.4848   -5945.3525  0.2991 
   00957    0.4852   -5766.2067  0.3021 
   00958    0.4896   -5649.2201  0.3007 
   00959    0.5052   -5709.1723  0.2963 
   00960    0.4928   -5837.4093  0.2904 
   00961    0.5072   -5814.6702  0.2913 
   00962    0.5060   -5853.6590  0.2778 
   00963    0.5028   -5807.8001  0.2767 
   00964    0.5164   -5894.9652  0.2812 
   00965    0.4952   -5841.4467  0.2758 
   00966    0.5064   -5801.6711  0.2756 
   00967    0.4992   -5772.7554  0.2653 
   00968    0.4924   -5816.1486  0.2595 
   00969    0.5100   -5783.7196  0.2673 
   00970    0.5112   -5730.8350  0.2579 
   00971    0.5200   -5795.9246  0.2596 
   00972    0.5100   -5852.0075  0.2636 
   00973    0.4932   -5869.6212  0.2588 
   00974    0.4908   -5753.7938  0.2689 
   00975    0.5020   -5837.1586  0.2679 
   00976    0.5024   -5850.7683  0.2637 
   00977    0.5140   -5786.1401  0.2576 
   00978    0.5204   -5712.9065  0.2603 
   00979    0.5092   -5782.7798  0.2561 
   00980    0.5120   -5735.4854  0.2539 
   00981    0.4752   -5820.5347  0.2697 
   00982    0.4968   -5830.2352  0.2783 
   00983    0.4964   -5798.9097  0.2872 
   00984    0.5028   -5824.4226  0.2870 
   00985    0.4956   -5814.7251  0.2925 
   00986    0.4940   -5808.0897  0.3089 
   00987    0.5104   -5752.9236  0.3027 
   00988    0.5080   -5693.0138  0.2968 
   00989    0.4904   -5714.4686  0.2977 
   00990    0.4920   -5674.8904  0.3031 
   00991    0.4920   -5691.6393  0.2973 
   00992    0.5124   -5671.0958  0.3018 
   00993    0.5108   -5624.0130  0.3262 
   00994    0.5204   -5750.2037  0.3340 
   00995    0.5000   -5861.3703  0.3449 
   00996    0.4780   -5871.5075  0.3492 
   00997    0.4948   -5868.3617  0.3582 
   00998    0.4868   -5929.7339  0.3501 
   00999    0.4732   -5972.2905  0.3491 
   01000    0.4772   -5897.6830  0.3430 
