#=====================================================
# File created:        Tue-12-Mar-2024-at-12-58-25PM
# Size of lattice:     50x50
# Number of MC steps:  500
# Reduced temperature: 0.500
# Run time (s):        21.755474
#=====================================================
# MC step:  Ratio:     Energy:   Order:
#=====================================================
   00000    0.5000   -2462.7824  0.7653 
   00001    0.6880   -3679.5294  0.7747 
   00002    0.6284   -4386.9054  0.7820 
   00003    0.5960   -4931.9251  0.7826 
   00004    0.5692   -5424.3853  0.7724 
   00005    0.5364   -5715.2498  0.7788 
   00006    0.5364   -5978.3134  0.7803 
   00007    0.5048   -6194.8080  0.7821 
   00008    0.5076   -6377.1669  0.7841 
   00009    0.4908   -6541.0911  0.7908 
   00010    0.4896   -6657.4950  0.7916 
   00011    0.4740   -6794.3770  0.7931 
   00012    0.4852   -6894.8603  0.7964 
   00013    0.4800   -6947.0876  0.8002 
   00014    0.4816   -7065.8041  0.8015 
   00015    0.4716   -7180.0504  0.8130 
   00016    0.4528   -7274.6728  0.8267 
   00017    0.4464   -7344.6877  0.8293 
   00018    0.4544   -7405.9762  0.8332 
   00019    0.4568   -7485.7717  0.8404 
   00020    0.4544   -7501.8985  0.8386 
   00021    0.4436   -7483.1607  0.8470 
   00022    0.4296   -7496.4892  0.8569 
   00023    0.4424   -7539.8067  0.8463 
   00024    0.4416   -7550.9502  0.8417 
   00025    0.4412   -7647.6602  0.8416 
   00026    0.4452   -7674.0732  0.8554 
   00027    0.4528   -7691.6469  0.8575 
   00028    0.4356   -7698.5032  0.8549 
   00029    0.4360   -7732.3128  0.8622 
   00030    0.4556   -7761.7334  0.8685 
   00031    0.4424   -7850.4309  0.8772 
   00032    0.4672   -7917.9142  0.8884 
   00033    0.4164   -7931.3862  0.8933 
   00034    0.4464   -7987.7200  0.8940 
   00035    0.4280   -8002.8620  0.9014 
   00036    0.4152   -8042.9377  0.8988 
   00037    0.4400   -8056.3577  0.9008 
   00038    0.4352   -8059.6332  0.9071 
   00039    0.4300   -7984.8908  0.9028 
   00040    0.4320   -7983.6332  0.9031 
   00041    0.4396   -8029.4188  0.9087 
   00042    0.4152   -8021.3146  0.9108 
   00043    0.4392   -8020.9556  0.9128 
   00044    0.4344   -8069.4428  0.9130 
   00045    0.4336   -8047.8907  0.9133 
   00046    0.4432   -8066.7628  0.9140 
   00047    0.4292   -8045.9494  0.9166 
   00048    0.4480   -8044.6740  0.9059 
   00049    0.4256   -8063.8498  0.9158 
   00050    0.4204   -8065.9047  0.9183 
   00051    0.4284   -8093.0408  0.9235 
   00052    0.4212   -8080.5701  0.9197 
   00053    0.4312   -8142.9277  0.9134 
   00054    0.4264   -8144.9305  0.9137 
   00055    0.4184   -8111.5890  0.9099 
   00056    0.4300   -8155.5215  0.9067 
   00057    0.4328   -8130.7373  0.9133 
   00058    0.4112   -8156.3020  0.9146 
   00059    0.4252   -8156.4738  0.9139 
   00060    0.4060   -8116.7787  0.9098 
   00061    0.4204   -8117.3317  0.9172 
   00062    0.4244   -8074.3103  0.9177 
   00063    0.4312   -8086.9808  0.9218 
   00064    0.4212   -8120.4038  0.9164 
   00065    0.4160   -8166.2323  0.9167 
   00066    0.4052   -8161.1773  0.9256 
   00067    0.4412   -8190.5345  0.9306 
   00068    0.4096   -8223.1117  0.9275 
   00069    0.4208   -8225.7659  0.9271 
   00070    0.4100   -8215.5729  0.9223 
   00071    0.4252   -8248.6962  0.9286 
   00072    0.4192   -8235.6672  0.9251 
   00073    0.4208   -8250.3166  0.9266 
   00074    0.4228   -8260.2303  0.9248 
   00075    0.4220   -8199.6734  0.9300 
   00076    0.4536   -8253.6882  0.9207 
   00077    0.4128   -8272.9693  0.9165 
   00078    0.4220   -8307.3980  0.9255 
   00079    0.4080   -8294.7877  0.9261 
   00080    0.4152   -8257.5830  0.9280 
   00081    0.4192   -8283.8960  0.9336 
   00082    0.4340   -8314.8684  0.9310 
   00083    0.4040   -8325.2239  0.9295 
   00084    0.4232   -8314.0337  0.9321 
   00085    0.4188   -8330.3001  0.9349 
   00086    0.4128   -8252.7569  0.9394 
   00087    0.4216   -8284.9283  0.9415 
   00088    0.4408   -8268.9169  0.9433 
   00089    0.4168   -8276.7459  0.9461 
   00090    0.4176   -8251.8101  0.9492 
   00091    0.4280   -8264.9166  0.9535 
   00092    0.4140   -8268.0914  0.9547 
   00093    0.4328   -8259.4224  0.9555 
   00094    0.4332   -8255.0143  0.9639 
   00095    0.4228   -8273.5046  0.9614 
   00096    0.4216   -8282.2392  0.9640 
   00097    0.4300   -8333.2216  0.9637 
   00098    0.4180   -8336.2257  0.9670 
   00099    0.3960   -8362.4228  0.9663 
   00100    0.4060   -8349.8105  0.9674 
   00101    0.4100   -8374.9196  0.9708 
   00102    0.4300   -8329.1102  0.9751 
   00103    0.4232   -8396.8844  0.9752 
   00104    0.4140   -8390.0940  0.9720 
   00105    0.4140   -8409.3627  0.9749 
   00106    0.4056   -8394.5479  0.9758 
   00107    0.4160   -8375.2121  0.9755 
   00108    0.4288   -8387.5992  0.9730 
   00109    0.4208   -8365.9863  0.9736 
   00110    0.4196   -8373.5235  0.9720 
   00111    0.4112   -8367.6944  0.9685 
   00112    0.4100   -8375.9225  0.9780 
   00113    0.4360   -8351.1543  0.9776 
   00114    0.4312   -8371.2803  0.9790 
   00115    0.4112   -8333.6967  0.9815 
   00116    0.4132   -8329.3437  0.9804 
   00117    0.4108   -8321.4570  0.9914 
   00118    0.4220   -8353.2720  0.9942 
   00119    0.4136   -8396.3390  0.9901 
   00120    0.4048   -8354.9109  0.9895 
   00121    0.4120   -8390.9837  1.0003 
   00122    0.4136   -8405.8606  1.0045 
   00123    0.4184   -8393.9364  1.0084 
   00124    0.4092   -8405.0904  1.0054 
   00125    0.4128   -8392.8991  1.0035 
   00126    0.4128   -8387.4911  1.0018 
   00127    0.4232   -8379.0258  0.9994 
   00128    0.3952   -8428.8304  0.9997 
   00129    0.4108   -8428.2570  1.0126 
   00130    0.4072   -8456.4252  1.0121 
   00131    0.4132   -8468.9716  1.0115 
   00132    0.4236   -8477.0288  1.0109 
   00133    0.4208   -8435.7435  1.0159 
   00134    0.4116   -8401.3583  1.0098 
   00135    0.4112   -8366.6884  1.0179 
   00136    0.4164   -8337.9556  1.0166 
   00137    0.4208   -8354.9670  1.0214 
   00138    0.4076   -8375.1417  1.0244 
   00139    0.4096   -8388.7035  1.0226 
   00140    0.4240   -8378.1904  1.0176 
   00141    0.4132   -8429.7499  1.0251 
   00142    0.4292   -8460.2907  1.0306 
   00143    0.4104   -8453.1818  1.0305 
   00144    0.4036   -8449.4992  1.0375 
   00145    0.4040   -8406.1424  1.0433 
   00146    0.4148   -8434.3794  1.0425 
   00147    0.4160   -8389.0464  1.0459 
   00148    0.4076   -8395.3136  1.0493 
   00149    0.4184   -8365.1977  1.0466 
   00150    0.4192   -8416.4123  1.0549 
   00151    0.4028   -8414.1178  1.0515 
   00152    0.4128   -8419.4248  1.0520 
   00153    0.4072   -8458.2451  1.0616 
   00154    0.4192   -8461.8840  1.0610 
   00155    0.4072   -8465.8538  1.0659 
   00156    0.3956   -8473.7113  1.0603 
   00157    0.4228   -8431.7762  1.0572 
   00158    0.4188   -8446.8974  1.0651 
   00159    0.4076   -8493.5227  1.0634 
   00160    0.4244   -8486.9210  1.0595 
   00161    0.4216   -8533.2114  1.0648 
   00162    0.4068   -8505.0434  1.0636 
   00163    0.4064   -8505.7454  1.0645 
   00164    0.4168   -8564.3404  1.0653 
   00165    0.4160   -8552.7937  1.0671 
   00166    0.3996   -8541.9585  1.0644 
   00167    0.3980   -8518.9754  1.0606 
   00168    0.4176   -8523.9151  1.0645 
   00169    0.4072   -8545.2129  1.0725 
   00170    0.4060   -8543.9595  1.0751 
   00171    0.3924   -8515.3659  1.0769 
   00172    0.4096   -8523.7618  1.0788 
   00173    0.4080   -8482.2108  1.0752 
   00174    0.4072   -8437.4481  1.0803 
   00175    0.4228   -8401.1933  1.0784 
   00176    0.4264   -8371.5629  1.0716 
   00177    0.4072   -8373.6078  1.0694 
   00178    0.4292   -8407.3570  1.0716 
   00179    0.4072   -8421.9993  1.0706 
   00180    0.4252   -8407.4313  1.0718 
   00181    0.4388   -8441.8081  1.0751 
   00182    0.4208   -8472.5040  1.0768 
   00183    0.4232   -8486.5772  1.0763 
   00184    0.3960   -8488.5018  1.0756 
   00185    0.4296   -8488.1474  1.0780 
   00186    0.4148   -8494.9925  1.0807 
   00187    0.3864   -8523.4678  1.0827 
   00188    0.4024   -8480.3033  1.0791 
   00189    0.4176   -8464.3644  1.0766 
   00190    0.3960   -8480.7087  1.0853 
   00191    0.4156   -8464.7847  1.0840 
   00192    0.4220   -8466.4375  1.0872 
   00193    0.4132   -8449.7479  1.0884 
   00194    0.4076   -8427.4482  1.0904 
   00195    0.4172   -8457.9910  1.0939 
   00196    0.3968   -8459.1204  1.0982 
   00197    0.4084   -8445.9029  1.0997 
   00198    0.4128   -8448.7347  1.1025 
   00199    0.4264   -8470.0817  1.1097 
   00200    0.4108   -8469.1767  1.1105 
   00201    0.4092   -8451.7401  1.1076 
   00202    0.4148   -8452.4181  1.1083 
   00203    0.4260   -8478.8848  1.1124 
   00204    0.4124   -8483.5652  1.1114 
   00205    0.4068   -8471.2738  1.1159 
   00206    0.4064   -8498.7135  1.1186 
   00207    0.4020   -8468.7728  1.1238 
   00208    0.4020   -8471.5970  1.1202 
   00209    0.4184   -8418.8693  1.1166 
   00210    0.4152   -8450.6367  1.1168 
   00211    0.4228   -8493.3107  1.1219 
   00212    0.3912   -8471.7030  1.1207 
   00213    0.4244   -8452.6629  1.1253 
   00214    0.4124   -8423.5224  1.1220 
   00215    0.3968   -8467.3744  1.1242 
   00216    0.4028   -8516.1578  1.1260 
   00217    0.4148   -8489.2619  1.1278 
   00218    0.4140   -8513.4013  1.1299 
   00219    0.4064   -8561.3926  1.1313 
   00220    0.4056   -8510.6992  1.1349 
   00221    0.4116   -8482.7437  1.1359 
   00222    0.4016   -8456.5424  1.1341 
   00223    0.3912   -8493.2693  1.1348 
   00224    0.3996   -8481.5707  1.1352 
   00225    0.4188   -8520.8515  1.1451 
   00226    0.4064   -8535.7769  1.1484 
   00227    0.4120   -8486.6169  1.1531 
   00228    0.4288   -8550.2176  1.1502 
   00229    0.4056   -8548.8484  1.1522 
   00230    0.4072   -8552.6905  1.1504 
   00231    0.4068   -8513.8920  1.1468 
   00232    0.4096   -8540.1577  1.1489 
   00233    0.4048   -8516.2903  1.1518 
   00234    0.4056   -8480.4672  1.1499 
   00235    0.4012   -8477.8848  1.1478 
   00236    0.4028   -8479.0329  1.1418 
   00237    0.3960   -8439.0586  1.1424 
   00238    0.4252   -8484.1674  1.1457 
   00239    0.4108   -8505.6561  1.1470 
   00240    0.4080   -8493.9781  1.1512 
   00241    0.4080   -8496.1810  1.1522 
   00242    0.4104   -8509.7681  1.1497 
   00243    0.4332   -8518.2383  1.1492 
   00244    0.4164   -8518.9230  1.1499 
   00245    0.4124   -8490.5742  1.1464 
   00246    0.4180   -8459.6237  1.1453 
   00247    0.4080   -8444.8402  1.1484 
   00248    0.4044   -8473.0144  1.1532 
   00249    0.3968   -8504.5801  1.1567 
   00250    0.4036   -8531.7805  1.1613 
   00251    0.3992   -8544.0511  1.1604 
   00252    0.4140   -8595.0037  1.1666 
   00253    0.3972   -8569.7809  1.1609 
   00254    0.4104   -8509.3830  1.1550 
   00255    0.4288   -8530.8101  1.1581 
   00256    0.4120   -8571.8279  1.1606 
   00257    0.4004   -8558.0165  1.1622 
   00258    0.4124   -8558.0965  1.1625 
   00259    0.4124   -8517.9442  1.1632 
   00260    0.4216   -8571.2625  1.1619 
   00261    0.4032   -8595.2163  1.1633 
   00262    0.4120   -8564.1942  1.1585 
   00263    0.4156   -8531.0527  1.1521 
   00264    0.4288   -8496.0835  1.1488 
   00265    0.4160   -8525.0932  1.1519 
   00266    0.4084   -8565.4568  1.1485 
   00267    0.4128   -8572.1317  1.1511 
   00268    0.4244   -8552.2836  1.1525 
   00269    0.4216   -8549.7154  1.1504 
   00270    0.4120   -8480.7725  1.1497 
   00271    0.4176   -8467.3482  1.1497 
   00272    0.4064   -8478.3578  1.1470 
   00273    0.4164   -8500.9634  1.1531 
   00274    0.3828   -8539.5356  1.1483 
   00275    0.4088   -8520.8277  1.1402 
   00276    0.4256   -8531.1195  1.1403 
   00277    0.3984   -8509.0903  1.1401 
   00278    0.4076   -8516.1950  1.1382 
   00279    0.4052   -8530.2979  1.1394 
   00280    0.4004   -8541.0393  1.1396 
   00281    0.4128   -8510.3898  1.1343 
   00282    0.4104   -8510.0535  1.1323 
   00283    0.4060   -8503.5978  1.1364 
   00284    0.4140   -8482.2125  1.1318 
   00285    0.4212   -8462.2290  1.1310 
   00286    0.3964   -8482.0824  1.1329 
   00287    0.4152   -8476.7000  1.1390 
   00288    0.4200   -8484.3224  1.1368 
   00289    0.4212   -8464.1047  1.1276 
   00290    0.4236   -8501.3682  1.1304 
   00291    0.4048   -8533.0117  1.1377 
   00292    0.4272   -8502.7641  1.1350 
   00293    0.4244   -8498.2594  1.1326 
   00294    0.4000   -8465.4302  1.1305 
   00295    0.4048   -8461.6174  1.1271 
   00296    0.4192   -8522.6698  1.1236 
   00297    0.4148   -8539.4403  1.1284 
   00298    0.4000   -8533.7440  1.1276 
   00299    0.4076   -8538.6876  1.1268 
   00300    0.4080   -8532.0003  1.1312 
   00301    0.4128   -8541.3350  1.1283 
   00302    0.4192   -8541.9764  1.1326 
   00303    0.3904   -8510.0062  1.1314 
   00304    0.4052   -8528.5412  1.1315 
   00305    0.4136   -8574.0878  1.1369 
   00306    0.4100   -8589.0770  1.1387 
   00307    0.4132   -8568.3651  1.1438 
   00308    0.4076   -8544.0133  1.1441 
   00309    0.4024   -8521.1637  1.1532 
   00310    0.3988   -8542.9671  1.1523 
   00311    0.4100   -8530.4858  1.1565 
   00312    0.3928   -8511.2722  1.1551 
   00313    0.4140   -8493.3415  1.1564 
   00314    0.4036   -8519.4450  1.1540 
   00315    0.4128   -8524.4019  1.1559 
   00316    0.4140   -8501.8023  1.1620 
   00317    0.4100   -8504.9282  1.1659 
   00318    0.4120   -8542.9473  1.1641 
   00319    0.4160   -8555.1576  1.1661 
   00320    0.3988   -8550.6424  1.1656 
   00321    0.4076   -8520.5313  1.1677 
   00322    0.4084   -8492.9480  1.1681 
   00323    0.4076   -8477.7932  1.1695 
   00324    0.4108   -8431.2584  1.1724 
   00325    0.4180   -8495.5963  1.1767 
   00326    0.4076   -8509.2953  1.1742 
   00327    0.4260   -8543.3690  1.1726 
   00328    0.4104   -8573.9418  1.1729 
   00329    0.4056   -8542.2226  1.1730 
   00330    0.4172   -8559.8283  1.1761 
   00331    0.4192   -8521.1331  1.1780 
   00332    0.4044   -8530.0893  1.1771 
   00333    0.3980   -8498.1997  1.1751 
   00334    0.4264   -8480.8420  1.1698 
   00335    0.3952   -8488.1082  1.1678 
   00336    0.4244   -8486.1554  1.1674 
   00337    0.4172   -8490.3609  1.1715 
   00338    0.4184   -8502.5826  1.1765 
   00339    0.4128   -8478.0993  1.1737 
   00340    0.4136   -8447.5198  1.1744 
   00341    0.4112   -8474.4207  1.1781 
   00342    0.4132   -8524.6988  1.1790 
   00343    0.3984   -8508.6032  1.1783 
   00344    0.4164   -8528.1619  1.1786 
   00345    0.4416   -8484.8537  1.1771 
   00346    0.4256   -8454.0138  1.1753 
   00347    0.4212   -8414.9250  1.1742 
   00348    0.4084   -8436.5345  1.1723 
   00349    0.4200   -8450.7088  1.1690 
   00350    0.4092   -8454.2888  1.1703 
   00351    0.4192   -8425.2667  1.1642 
   00352    0.4244   -8421.3438  1.1615 
   00353    0.4480   -8453.5777  1.1572 
   00354    0.4136   -8392.0631  1.1582 
   00355    0.4020   -8429.2870  1.1591 
   00356    0.4216   -8435.5356  1.1540 
   00357    0.4136   -8508.6483  1.1628 
   00358    0.4220   -8512.4919  1.1647 
   00359    0.4056   -8478.9537  1.1676 
   00360    0.4172   -8489.1266  1.1657 
   00361    0.4000   -8492.9837  1.1688 
   00362    0.4312   -8518.6171  1.1724 
   00363    0.4192   -8477.7711  1.1641 
   00364    0.4032   -8433.6078  1.1639 
   00365    0.4020   -8481.2010  1.1709 
   00366    0.4176   -8449.4243  1.1704 
   00367    0.4012   -8476.8664  1.1736 
   00368    0.4172   -8477.7424  1.1785 
   00369    0.4332   -8520.7639  1.1774 
   00370    0.3988   -8502.5350  1.1796 
   00371    0.4092   -8484.6974  1.1823 
   00372    0.4124   -8468.3358  1.1800 
   00373    0.4156   -8528.3303  1.1834 
   00374    0.4172   -8530.1230  1.1808 
   00375    0.4104   -8527.3081  1.1840 
   00376    0.4032   -8507.7809  1.1830 
   00377    0.4052   -8511.3180  1.1914 
   00378    0.4068   -8543.4566  1.1928 
   00379    0.4056   -8561.2781  1.1975 
   00380    0.4124   -8606.2690  1.1975 
   00381    0.4068   -8572.0503  1.1966 
   00382    0.4064   -8566.8472  1.1978 
   00383    0.4268   -8560.6817  1.1956 
   00384    0.4016   -8571.3405  1.1949 
   00385    0.4000   -8590.9527  1.1967 
   00386    0.4060   -8604.9838  1.2012 
   00387    0.4020   -8563.3615  1.1987 
   00388    0.4132   -8586.3457  1.2004 
   00389    0.4032   -8561.1499  1.1958 
   00390    0.4212   -8523.6385  1.1969 
   00391    0.4444   -8524.4512  1.1986 
   00392    0.4064   -8532.1310  1.1920 
   00393    0.4276   -8501.4698  1.1862 
   00394    0.4112   -8570.0359  1.1873 
   00395    0.4088   -8566.6014  1.1831 
   00396    0.4076   -8532.5535  1.1818 
   00397    0.3920   -8557.3210  1.1795 
   00398    0.4112   -8550.7679  1.1831 
   00399    0.4060   -8494.4247  1.1788 
   00400    0.4056   -8503.1163  1.1791 
   00401    0.4044   -8515.6809  1.1808 
   00402    0.4184   -8496.1912  1.1763 
   00403    0.4076   -8500.9308  1.1759 
   00404    0.4136   -8479.0752  1.1801 
   00405    0.4180   -8540.0992  1.1860 
   00406    0.4184   -8555.5852  1.1841 
   00407    0.4168   -8547.0320  1.1844 
   00408    0.4040   -8559.3476  1.1872 
   00409    0.4112   -8576.8735  1.1884 
   00410    0.4156   -8549.2275  1.1922 
   00411    0.4308   -8527.4602  1.1969 
   00412    0.4040   -8547.9525  1.1979 
   00413    0.4216   -8524.7202  1.1932 
   00414    0.4068   -8494.0329  1.1963 
   00415    0.4108   -8521.8849  1.1963 
   00416    0.4092   -8558.3847  1.1926 
   00417    0.3988   -8513.5514  1.1987 
   00418    0.4208   -8505.0610  1.1924 
   00419    0.4024   -8504.3547  1.1876 
   00420    0.4100   -8506.6708  1.1840 
   00421    0.4120   -8520.1316  1.1883 
   00422    0.4048   -8509.7575  1.1989 
   00423    0.4156   -8535.0231  1.1982 
   00424    0.4228   -8512.7524  1.2033 
   00425    0.4052   -8567.0574  1.1998 
   00426    0.4184   -8559.9819  1.2030 
   00427    0.3844   -8549.6208  1.2029 
   00428    0.4012   -8524.8851  1.1977 
   00429    0.4048   -8517.4591  1.2006 
   00430    0.4052   -8512.4643  1.1987 
   00431    0.4204   -8491.7862  1.2028 
   00432    0.3964   -8535.0032  1.2039 
   00433    0.4112   -8531.0846  1.2054 
   00434    0.4292   -8553.2188  1.2035 
   00435    0.4084   -8587.4585  1.2032 
   00436    0.4048   -8549.6173  1.2020 
   00437    0.4064   -8576.3782  1.2098 
   00438    0.4108   -8530.3955  1.2178 
   00439    0.3892   -8497.8816  1.2146 
   00440    0.4156   -8546.8351  1.2113 
   00441    0.4208   -8567.5156  1.2104 
   00442    0.3948   -8578.5587  1.2102 
   00443    0.4108   -8585.4896  1.2127 
   00444    0.4192   -8555.0623  1.2130 
   00445    0.4168   -8557.3461  1.2167 
   00446    0.4256   -8518.8972  1.2128 
   00447    0.4248   -8540.0601  1.2146 
   00448    0.3956   -8537.4463  1.2216 
   00449    0.4232   -8559.4788  1.2216 
   00450    0.4104   -8523.4681  1.2194 
   00451    0.4072   -8556.6836  1.2193 
   00452    0.4072   -8530.8918  1.2219 
   00453    0.4080   -8530.0204  1.2234 
   00454    0.4144   -8527.3196  1.2218 
   00455    0.4188   -8537.9613  1.2299 
   00456    0.4236   -8489.5545  1.2274 
   00457    0.3996   -8503.5672  1.2280 
   00458    0.4228   -8501.6001  1.2314 
   00459    0.4072   -8491.5766  1.2355 
   00460    0.4208   -8499.7878  1.2382 
   00461    0.4012   -8561.0350  1.2426 
   00462    0.4012   -8554.1435  1.2391 
   00463    0.4236   -8584.9725  1.2402 
   00464    0.3944   -8604.0420  1.2402 
   00465    0.4240   -8561.6536  1.2357 
   00466    0.4084   -8613.4155  1.2398 
   00467    0.4060   -8617.0988  1.2373 
   00468    0.3940   -8587.6471  1.2382 
   00469    0.4020   -8564.0533  1.2391 
   00470    0.3924   -8632.9493  1.2392 
   00471    0.4144   -8583.3907  1.2356 
   00472    0.4032   -8567.6690  1.2327 
   00473    0.4156   -8572.1307  1.2312 
   00474    0.4168   -8582.7382  1.2367 
   00475    0.3996   -8556.5561  1.2362 
   00476    0.4164   -8597.9565  1.2374 
   00477    0.3956   -8565.3862  1.2379 
   00478    0.3980   -8558.9577  1.2374 
   00479    0.4048   -8529.8405  1.2350 
   00480    0.4112   -8541.9034  1.2348 
   00481    0.4060   -8544.7554  1.2359 
   00482    0.4048   -8534.2759  1.2321 
   00483    0.3972   -8529.5158  1.2326 
   00484    0.4252   -8517.6349  1.2359 
   00485    0.4312   -8522.9155  1.2383 
   00486    0.4120   -8528.3533  1.2348 
   00487    0.4120   -8516.5842  1.2353 
   00488    0.4048   -8492.0777  1.2353 
   00489    0.4268   -8544.7714  1.2376 
   00490    0.4084   -8584.3855  1.2372 
   00491    0.3940   -8588.6617  1.2377 
   00492    0.4268   -8544.1599  1.2321 
   00493    0.4232   -8555.3100  1.2320 
   00494    0.4104   -8528.4721  1.2295 
   00495    0.4172   -8527.4732  1.2333 
   00496    0.3992   -8552.2946  1.2375 
   00497    0.4016   -8544.2820  1.2406 
   00498    0.4252   -8528.3512  1.2415 
   00499    0.4052   -8540.2911  1.2441 
   00500    0.4112   -8576.1215  1.2445 
