#=====================================================
# File created:        Tue-12-Mar-2024-at-03-50-39PM
# Size of lattice:     50x50
# Number of MC steps:  900
# Reduced temperature: 1.000
# Run time (s):        10.873907
#=====================================================
# MC step:  Ratio:     Energy:   Order:
#=====================================================
   00000    0.5000   -2484.4312  0.2700 
   00001    0.6792   -3877.9515  0.2635 
   00002    0.6308   -4494.0180  0.2762 
   00003    0.5820   -4670.3995  0.2876 
   00004    0.5832   -4897.0740  0.2701 
   00005    0.5504   -5092.1166  0.2834 
   00006    0.5400   -5368.2634  0.2847 
   00007    0.5068   -5506.1789  0.2874 
   00008    0.5408   -5651.9782  0.2982 
   00009    0.5256   -5618.4378  0.3025 
   00010    0.5044   -5585.4665  0.3104 
   00011    0.5152   -5696.9521  0.3049 
   00012    0.5076   -5743.2369  0.3041 
   00013    0.5144   -5744.7811  0.3131 
   00014    0.4856   -5649.5747  0.3125 
   00015    0.5248   -5682.6253  0.3118 
   00016    0.5168   -5686.0287  0.3229 
   00017    0.4872   -5730.7906  0.3036 
   00018    0.5020   -5668.1164  0.3075 
   00019    0.5132   -5727.9360  0.3024 
   00020    0.5088   -5815.4432  0.2941 
   00021    0.4984   -5830.0980  0.2815 
   00022    0.5228   -5733.3386  0.2874 
   00023    0.5088   -5810.7167  0.2900 
   00024    0.4788   -5831.7296  0.2924 
   00025    0.5068   -5885.7295  0.2913 
   00026    0.4948   -5826.3102  0.2816 
   00027    0.4936   -5843.8851  0.2892 
   00028    0.5064   -5974.2461  0.2847 
   00029    0.4836   -6082.1893  0.2641 
   00030    0.4968   -5988.2283  0.2729 
   00031    0.5040   -5944.5912  0.2670 
   00032    0.4960   -5935.8288  0.2606 
   00033    0.4932   -5796.8080  0.2722 
   00034    0.5084   -5752.0729  0.2652 
   00035    0.5056   -5637.2586  0.2682 
   00036    0.4956   -5709.0124  0.2741 
   00037    0.5068   -5680.1436  0.2763 
   00038    0.5072   -5739.5757  0.2867 
   00039    0.5100   -5742.9107  0.2862 
   00040    0.4944   -5736.4334  0.2838 
   00041    0.4860   -5805.9882  0.2940 
   00042    0.4956   -5918.1971  0.3065 
   00043    0.4940   -6141.1576  0.3124 
   00044    0.4696   -6042.7360  0.3178 
   00045    0.4744   -6077.5142  0.3359 
   00046    0.4832   -5954.0549  0.3303 
   00047    0.4832   -5882.6970  0.3277 
   00048    0.4848   -5853.5293  0.3329 
   00049    0.4880   -5888.2431  0.3222 
   00050    0.5120   -5714.8176  0.3066 
   00051    0.5060   -5753.7647  0.2966 
   00052    0.5048   -5791.3795  0.2951 
   00053    0.5048   -5817.5230  0.2850 
   00054    0.5008   -5820.2226  0.2938 
   00055    0.4928   -5857.4556  0.2892 
   00056    0.4920   -5875.2486  0.2809 
   00057    0.4896   -5819.7715  0.2758 
   00058    0.5044   -5763.1269  0.2724 
   00059    0.5172   -5801.2955  0.2799 
   00060    0.5024   -5751.8076  0.2826 
   00061    0.5180   -5772.1933  0.2887 
   00062    0.4904   -5839.4108  0.3030 
   00063    0.4972   -5986.1641  0.3002 
   00064    0.4844   -6088.4759  0.2941 
   00065    0.4920   -5985.0321  0.2974 
   00066    0.4864   -5932.0960  0.2975 
   00067    0.4740   -5983.9778  0.3027 
   00068    0.4808   -5938.6760  0.3105 
   00069    0.4832   -5914.2807  0.3107 
   00070    0.4824   -5885.4853  0.3160 
   00071    0.4976   -5873.4211  0.3092 
   00072    0.5012   -5829.8973  0.3149 
   00073    0.5008   -5742.8348  0.3109 
   00074    0.4960   -5785.3200  0.2999 
   00075    0.4904   -5801.3623  0.2866 
   00076    0.4924   -5778.8921  0.2754 
   00077    0.4792   -5901.6240  0.2889 
   00078    0.4960   -5850.4081  0.2842 
   00079    0.4768   -5913.1336  0.2805 
   00080    0.5128   -5885.8827  0.2891 
   00081    0.4800   -5835.3262  0.2911 
   00082    0.4848   -5946.3875  0.2947 
   00083    0.4916   -5968.1745  0.2860 
   00084    0.4820   -6003.4204  0.2931 
   00085    0.5000   -5941.4422  0.2966 
   00086    0.4908   -5810.7914  0.2954 
   00087    0.5060   -5850.1703  0.3013 
   00088    0.4808   -5914.5853  0.3012 
   00089    0.4816   -5984.8289  0.2915 
   00090    0.4796   -6012.6093  0.3008 
   00091    0.4864   -5988.7580  0.3183 
   00092    0.4964   -5927.9744  0.3190 
   00093    0.4772   -5945.6217  0.3274 
   00094    0.4884   -5834.9297  0.3182 
   00095    0.4772   -5909.8726  0.3265 
   00096    0.4984   -5898.2175  0.3233 
   00097    0.5024   -5871.0252  0.3129 
   00098    0.4744   -5839.7831  0.3147 
   00099    0.5076   -5867.3005  0.3123 
   00100    0.4864   -5886.6699  0.3094 
   00101    0.5096   -5889.6761  0.3111 
   00102    0.4828   -5946.7889  0.2971 
   00103    0.4944   -5938.9390  0.3004 
   00104    0.4884   -5973.1475  0.3093 
   00105    0.4748   -5993.4455  0.3082 
   00106    0.4940   -5887.1453  0.3181 
   00107    0.4748   -5848.4913  0.3233 
   00108    0.4992   -5872.1914  0.3293 
   00109    0.5080   -5835.5691  0.3414 
   00110    0.4976   -5822.8245  0.3455 
   00111    0.4972   -5921.9094  0.3465 
   00112    0.4920   -5924.7504  0.3524 
   00113    0.4884   -6022.1682  0.3569 
   00114    0.4724   -6018.7884  0.3582 
   00115    0.4824   -6052.1531  0.3565 
   00116    0.4784   -6031.8082  0.3589 
   00117    0.4772   -6038.5602  0.3690 
   00118    0.4872   -6047.5531  0.3648 
   00119    0.4992   -5941.2264  0.3576 
   00120    0.4828   -5937.7965  0.3503 
   00121    0.4732   -5887.9519  0.3519 
   00122    0.4960   -5857.4060  0.3422 
   00123    0.4736   -6010.0772  0.3401 
   00124    0.4624   -6005.7042  0.3499 
   00125    0.5000   -5950.5505  0.3368 
   00126    0.4648   -6055.9104  0.3443 
   00127    0.4992   -6021.2720  0.3462 
   00128    0.4952   -6053.0834  0.3397 
   00129    0.4744   -6074.7505  0.3343 
   00130    0.4840   -6012.8455  0.3314 
   00131    0.4820   -6002.9882  0.3254 
   00132    0.4868   -5918.9469  0.3238 
   00133    0.4972   -5914.5198  0.3280 
   00134    0.4948   -5888.4221  0.3224 
   00135    0.5076   -5937.9158  0.3109 
   00136    0.4972   -5914.0755  0.3175 
   00137    0.4960   -5899.6215  0.3317 
   00138    0.4852   -6005.1105  0.3483 
   00139    0.4712   -5945.5345  0.3525 
   00140    0.5240   -5904.7699  0.3391 
   00141    0.5032   -5979.2269  0.3426 
   00142    0.4880   -5935.9702  0.3368 
   00143    0.4872   -5931.8392  0.3327 
   00144    0.4940   -5919.8424  0.3362 
   00145    0.4936   -5956.2314  0.3255 
   00146    0.4832   -5949.8336  0.3283 
   00147    0.4936   -5920.0335  0.3260 
   00148    0.4988   -5850.3230  0.3201 
   00149    0.4936   -5746.5701  0.3078 
   00150    0.4956   -5787.4964  0.3157 
   00151    0.5160   -5837.8058  0.3022 
   00152    0.4844   -5857.9627  0.2868 
   00153    0.4832   -5874.4881  0.2971 
   00154    0.4940   -5756.9922  0.3022 
   00155    0.4984   -5715.3334  0.3040 
   00156    0.5044   -5822.7280  0.2995 
   00157    0.4956   -5826.0410  0.3001 
   00158    0.4904   -5813.8295  0.3039 
   00159    0.5116   -5872.0752  0.3033 
   00160    0.4960   -5975.9225  0.3069 
   00161    0.4892   -5990.6109  0.3145 
   00162    0.4832   -5918.6978  0.3139 
   00163    0.5068   -5908.1008  0.3046 
   00164    0.4928   -5901.8979  0.3059 
   00165    0.4884   -5948.4070  0.3078 
   00166    0.4868   -6004.0496  0.3187 
   00167    0.4944   -5927.6567  0.3127 
   00168    0.4980   -5947.5141  0.3170 
   00169    0.4804   -6018.5255  0.3112 
   00170    0.4924   -5964.6592  0.3214 
   00171    0.4940   -6009.4830  0.3279 
   00172    0.4852   -5960.6665  0.3167 
   00173    0.4892   -5963.7022  0.3107 
   00174    0.4892   -6019.9783  0.3131 
   00175    0.4736   -6123.2596  0.3197 
   00176    0.4808   -6167.5312  0.3141 
   00177    0.4800   -6130.3096  0.3218 
   00178    0.4916   -6033.2957  0.3229 
   00179    0.4860   -6129.5908  0.3205 
   00180    0.4860   -6007.6591  0.3222 
   00181    0.4880   -5903.4895  0.3174 
   00182    0.5036   -5939.3519  0.3161 
   00183    0.4984   -5893.0428  0.3169 
   00184    0.4984   -5969.9137  0.3069 
   00185    0.4724   -5954.3646  0.3103 
   00186    0.4976   -5967.6802  0.3131 
   00187    0.4944   -5934.3680  0.2905 
   00188    0.4920   -5976.4691  0.3035 
   00189    0.4916   -5890.7785  0.3121 
   00190    0.4604   -5892.6761  0.3114 
   00191    0.4936   -5972.1972  0.2947 
   00192    0.4716   -6094.5317  0.2977 
   00193    0.5044   -6063.3730  0.3051 
   00194    0.4904   -5978.3940  0.3019 
   00195    0.4912   -5934.7392  0.3068 
   00196    0.4904   -5952.4969  0.3058 
   00197    0.4804   -5831.7432  0.3088 
   00198    0.5020   -5872.8803  0.2944 
   00199    0.4856   -5753.7127  0.3132 
   00200    0.5016   -5838.7541  0.3115 
   00201    0.5140   -5892.2127  0.3097 
   00202    0.4900   -5885.2792  0.2931 
   00203    0.4972   -5750.2373  0.2921 
   00204    0.5020   -5784.2344  0.2803 
   00205    0.5192   -5799.7706  0.2772 
   00206    0.4988   -5764.6508  0.2752 
   00207    0.4948   -5823.5539  0.2884 
   00208    0.4924   -5837.9323  0.2996 
   00209    0.5112   -5878.1721  0.2855 
   00210    0.4940   -5907.5777  0.2878 
   00211    0.4912   -5793.4022  0.2879 
   00212    0.5028   -5877.2316  0.2802 
   00213    0.4972   -5941.8024  0.2716 
   00214    0.4752   -5914.0021  0.2741 
   00215    0.5076   -5793.9895  0.2766 
   00216    0.5056   -5828.9113  0.2728 
   00217    0.4996   -5830.5013  0.2868 
   00218    0.5044   -5813.0955  0.2833 
   00219    0.4960   -5773.8426  0.2790 
   00220    0.5068   -5761.3972  0.2684 
   00221    0.5032   -5735.7128  0.2679 
   00222    0.4964   -5823.9498  0.2683 
   00223    0.5028   -5807.3038  0.2624 
   00224    0.4860   -5806.6494  0.2683 
   00225    0.5008   -5763.6298  0.2573 
   00226    0.4868   -5759.3890  0.2648 
   00227    0.5076   -5835.5233  0.2735 
   00228    0.5072   -5779.8075  0.2866 
   00229    0.4992   -5705.8444  0.2832 
   00230    0.5096   -5641.4764  0.2904 
   00231    0.4980   -5645.9646  0.2855 
   00232    0.5128   -5694.4324  0.2966 
   00233    0.5024   -5744.0039  0.3011 
   00234    0.5064   -5794.8322  0.3101 
   00235    0.5076   -5764.9733  0.2969 
   00236    0.5028   -5781.2864  0.2827 
   00237    0.5060   -5915.7061  0.2844 
   00238    0.5056   -5921.7936  0.2712 
   00239    0.4864   -5796.8228  0.2792 
   00240    0.4992   -5738.1457  0.2659 
   00241    0.4964   -5799.3180  0.2705 
   00242    0.4836   -5787.4981  0.2621 
   00243    0.4964   -5803.3516  0.2688 
   00244    0.5020   -5822.0086  0.2620 
   00245    0.4876   -5840.9615  0.2822 
   00246    0.4976   -5898.9043  0.2909 
   00247    0.4820   -5885.1073  0.2887 
   00248    0.5120   -5837.7324  0.2880 
   00249    0.4988   -5775.3168  0.2861 
   00250    0.4996   -5764.6694  0.2847 
   00251    0.4912   -5728.2663  0.2833 
   00252    0.4992   -5744.4866  0.2860 
   00253    0.5108   -5789.7833  0.2928 
   00254    0.5036   -5850.5785  0.2875 
   00255    0.5020   -5778.3891  0.2836 
   00256    0.4840   -5809.9263  0.2874 
   00257    0.5080   -5755.5482  0.2875 
   00258    0.5104   -5736.8735  0.2850 
   00259    0.4928   -5732.7540  0.2921 
   00260    0.5060   -5832.6610  0.2887 
   00261    0.5028   -5897.7334  0.2843 
   00262    0.4860   -5971.4000  0.2802 
   00263    0.4840   -6051.0010  0.2811 
   00264    0.4824   -6063.7395  0.2777 
   00265    0.4732   -6089.1620  0.2738 
   00266    0.4708   -6018.9233  0.2856 
   00267    0.4812   -6035.2801  0.2919 
   00268    0.4868   -6006.3738  0.2961 
   00269    0.4932   -6081.6438  0.2968 
   00270    0.4708   -6183.5916  0.2971 
   00271    0.4724   -6064.0314  0.3124 
   00272    0.4864   -5981.7500  0.3012 
   00273    0.4920   -6070.6633  0.2969 
   00274    0.5028   -6101.2452  0.2892 
   00275    0.4916   -6009.4018  0.2787 
   00276    0.4836   -6074.8673  0.2782 
   00277    0.5084   -5965.5226  0.2824 
   00278    0.4952   -5847.9411  0.2850 
   00279    0.4856   -5969.1205  0.2770 
   00280    0.4892   -6001.6891  0.2779 
   00281    0.4708   -6060.4568  0.2774 
   00282    0.4872   -5973.4207  0.2738 
   00283    0.4920   -5900.4999  0.2705 
   00284    0.5072   -5821.6095  0.2638 
   00285    0.5148   -5859.6523  0.2517 
   00286    0.4896   -5880.5590  0.2599 
   00287    0.4968   -5780.8673  0.2599 
   00288    0.4980   -5766.0887  0.2723 
   00289    0.5036   -5740.9732  0.2710 
   00290    0.5000   -5803.0872  0.2619 
   00291    0.5040   -5838.3855  0.2718 
   00292    0.5032   -5764.0525  0.2764 
   00293    0.4968   -5708.7219  0.2781 
   00294    0.5036   -5738.7500  0.2832 
   00295    0.4928   -5847.6470  0.2807 
   00296    0.5100   -5830.8086  0.2862 
   00297    0.4912   -5870.4089  0.2909 
   00298    0.4956   -5930.2283  0.2925 
   00299    0.4800   -5854.9010  0.2974 
   00300    0.4916   -5861.6579  0.3080 
   00301    0.5028   -5942.2342  0.3085 
   00302    0.4960   -5950.8497  0.3078 
   00303    0.5032   -5874.1625  0.3150 
   00304    0.4856   -5879.9699  0.2951 
   00305    0.4964   -5909.3056  0.2814 
   00306    0.4884   -5879.1236  0.2773 
   00307    0.4900   -5936.4831  0.2894 
   00308    0.4768   -5889.8224  0.2951 
   00309    0.4900   -5833.2883  0.2916 
   00310    0.5032   -5915.5927  0.2787 
   00311    0.4944   -5892.6748  0.2830 
   00312    0.4948   -5901.0527  0.2661 
   00313    0.4816   -5927.6172  0.2720 
   00314    0.5080   -5898.7525  0.2865 
   00315    0.5048   -5921.9939  0.2980 
   00316    0.4884   -5953.0729  0.2934 
   00317    0.4748   -5859.9538  0.2774 
   00318    0.4960   -5886.0433  0.2768 
   00319    0.4852   -5954.5039  0.2776 
   00320    0.4900   -5918.3771  0.2738 
   00321    0.4896   -6003.4606  0.2720 
   00322    0.4860   -6059.5015  0.2811 
   00323    0.4680   -6021.1016  0.2902 
   00324    0.4800   -6074.0732  0.2955 
   00325    0.4816   -6049.7407  0.3013 
   00326    0.5040   -5871.2200  0.2968 
   00327    0.4968   -5869.6378  0.3103 
   00328    0.4832   -5947.7067  0.3129 
   00329    0.4916   -5847.5090  0.2971 
   00330    0.4908   -5856.3570  0.3057 
   00331    0.4756   -5996.4159  0.3057 
   00332    0.4768   -6034.8391  0.3158 
   00333    0.4804   -6057.8377  0.2960 
   00334    0.4872   -6065.4180  0.3035 
   00335    0.5008   -6040.2400  0.2909 
   00336    0.4820   -6061.9897  0.2942 
   00337    0.4748   -5951.3129  0.2939 
   00338    0.4868   -5916.5197  0.2981 
   00339    0.5028   -5862.8912  0.3012 
   00340    0.5008   -5828.5052  0.3001 
   00341    0.5136   -5922.4246  0.2977 
   00342    0.4784   -5831.2985  0.2956 
   00343    0.4916   -5809.6044  0.2948 
   00344    0.4872   -5801.1131  0.2954 
   00345    0.4960   -5872.7452  0.2980 
   00346    0.4996   -5864.4231  0.2778 
   00347    0.4980   -5882.1053  0.2675 
   00348    0.5136   -5830.4753  0.2697 
   00349    0.4964   -5895.6725  0.2807 
   00350    0.4804   -5860.0969  0.2764 
   00351    0.5152   -5920.7372  0.2785 
   00352    0.4932   -5910.4720  0.2894 
   00353    0.4764   -6012.6605  0.2828 
   00354    0.4884   -6078.2052  0.2975 
   00355    0.4760   -6041.2962  0.2873 
   00356    0.4816   -6063.5110  0.3025 
   00357    0.4848   -5997.1141  0.3057 
   00358    0.4816   -5907.2344  0.3161 
   00359    0.4884   -5998.5023  0.3110 
   00360    0.4864   -5973.3698  0.3130 
   00361    0.4756   -5910.1470  0.3227 
   00362    0.4888   -5965.0865  0.3168 
   00363    0.5012   -5942.5049  0.3109 
   00364    0.4904   -5942.3162  0.3002 
   00365    0.4996   -5867.4333  0.2818 
   00366    0.4808   -5784.6210  0.2761 
   00367    0.4924   -5778.3061  0.2817 
   00368    0.5016   -5781.9288  0.2764 
   00369    0.4976   -5887.0808  0.2767 
   00370    0.4844   -5819.9224  0.2660 
   00371    0.5064   -5763.4438  0.2652 
   00372    0.4892   -5817.9467  0.2538 
   00373    0.5044   -5912.2026  0.2669 
   00374    0.4960   -5962.5165  0.2607 
   00375    0.4948   -5905.3944  0.2647 
   00376    0.4860   -5925.0073  0.2660 
   00377    0.4992   -5881.5393  0.2643 
   00378    0.5080   -5890.5088  0.2728 
   00379    0.4888   -5931.6702  0.2615 
   00380    0.4976   -5932.3662  0.2723 
   00381    0.4908   -5931.4589  0.2752 
   00382    0.4968   -5928.2502  0.2743 
   00383    0.4980   -5966.7121  0.2835 
   00384    0.4800   -6087.2779  0.2902 
   00385    0.4912   -5947.1299  0.2953 
   00386    0.4928   -5973.0907  0.3037 
   00387    0.5072   -5956.0852  0.2976 
   00388    0.4912   -5950.2494  0.2922 
   00389    0.4820   -5919.7374  0.2997 
   00390    0.4804   -5877.5616  0.2989 
   00391    0.5012   -5913.4270  0.2932 
   00392    0.4956   -5840.2017  0.2935 
   00393    0.4776   -5892.9066  0.2953 
   00394    0.4956   -5894.8745  0.3004 
   00395    0.5068   -5884.7241  0.3033 
   00396    0.4744   -6019.4517  0.3177 
   00397    0.4852   -6017.4675  0.3082 
   00398    0.4872   -5988.8862  0.3166 
   00399    0.4804   -5897.2129  0.3141 
   00400    0.5096   -5936.0663  0.3049 
   00401    0.4928   -6015.6282  0.2909 
   00402    0.4856   -6015.2887  0.2885 
   00403    0.4916   -5914.4636  0.2784 
   00404    0.4900   -5875.3371  0.2823 
   00405    0.4936   -5867.3757  0.2656 
   00406    0.4964   -5935.2298  0.2684 
   00407    0.5024   -5819.7836  0.2576 
   00408    0.5136   -5863.7992  0.2648 
   00409    0.4696   -6018.3535  0.2565 
   00410    0.4860   -5943.9860  0.2542 
   00411    0.4940   -5936.0886  0.2593 
   00412    0.4836   -6035.3316  0.2642 
   00413    0.4888   -5910.2391  0.2628 
   00414    0.4884   -5984.1601  0.2650 
   00415    0.4904   -5934.7662  0.2749 
   00416    0.5196   -5930.4586  0.2786 
   00417    0.4924   -5867.8811  0.2861 
   00418    0.4852   -5819.7216  0.2781 
   00419    0.5124   -5891.1882  0.2866 
   00420    0.5032   -5834.7597  0.2809 
   00421    0.5068   -5836.6325  0.2839 
   00422    0.5044   -5857.1963  0.2764 
   00423    0.4920   -5863.6038  0.2775 
   00424    0.4932   -5796.9177  0.2801 
   00425    0.4960   -5943.0462  0.2790 
   00426    0.4924   -5922.1127  0.2746 
   00427    0.5028   -5873.5045  0.2719 
   00428    0.4844   -5821.5968  0.2736 
   00429    0.4832   -5875.4267  0.2881 
   00430    0.4884   -5876.3543  0.2850 
   00431    0.4916   -5844.1652  0.2832 
   00432    0.5244   -5815.2503  0.2763 
   00433    0.4884   -5918.9946  0.2684 
   00434    0.5012   -5908.2676  0.2583 
   00435    0.4844   -5915.1661  0.2566 
   00436    0.4956   -5919.3834  0.2695 
   00437    0.4956   -5948.3507  0.2630 
   00438    0.4912   -5879.7318  0.2670 
   00439    0.4972   -5943.6187  0.2731 
   00440    0.4920   -5952.8298  0.2634 
   00441    0.5080   -5740.3816  0.2690 
   00442    0.5024   -5773.0029  0.2739 
   00443    0.5116   -5791.2063  0.2739 
   00444    0.4956   -5692.8225  0.2741 
   00445    0.5132   -5689.5987  0.2710 
   00446    0.5056   -5753.4170  0.2765 
   00447    0.5044   -5846.6591  0.2806 
   00448    0.4800   -5790.1189  0.2771 
   00449    0.5064   -5898.2988  0.2771 
   00450    0.4888   -5913.0445  0.2815 
   00451    0.4876   -5897.4656  0.2952 
   00452    0.4872   -5869.3593  0.3045 
   00453    0.4848   -5960.1873  0.3114 
   00454    0.4912   -5878.4312  0.3043 
   00455    0.5156   -5794.2142  0.3100 
   00456    0.4876   -5838.3370  0.3146 
   00457    0.4832   -5917.6326  0.3188 
   00458    0.5024   -5878.2118  0.3177 
   00459    0.5176   -5928.8204  0.3211 
   00460    0.4900   -5854.5691  0.3167 
   00461    0.4976   -5774.8083  0.3220 
   00462    0.4848   -5828.1603  0.3248 
   00463    0.4976   -5707.2712  0.3165 
   00464    0.5216   -5759.2257  0.3303 
   00465    0.5152   -5826.1367  0.3386 
   00466    0.4984   -5894.5145  0.3482 
   00467    0.5076   -6004.3421  0.3461 
   00468    0.4996   -6035.5430  0.3314 
   00469    0.4972   -5930.0978  0.3408 
   00470    0.4960   -5843.5120  0.3473 
   00471    0.4964   -5890.6034  0.3460 
   00472    0.4944   -5811.1092  0.3441 
   00473    0.4852   -5852.8082  0.3462 
   00474    0.5080   -5854.7238  0.3383 
   00475    0.5112   -5816.9595  0.3464 
   00476    0.5052   -5865.2253  0.3326 
   00477    0.5008   -5920.1443  0.3386 
   00478    0.4912   -5916.2742  0.3278 
   00479    0.4928   -5918.7168  0.3286 
   00480    0.4836   -5984.7713  0.3350 
   00481    0.4860   -5991.7498  0.3383 
   00482    0.4988   -6084.0105  0.3368 
   00483    0.4908   -6138.3822  0.3424 
   00484    0.4804   -6068.6321  0.3410 
   00485    0.4916   -6051.0159  0.3361 
   00486    0.4624   -6075.0331  0.3372 
   00487    0.4776   -6105.5714  0.3438 
   00488    0.4748   -6027.6659  0.3365 
   00489    0.4788   -6061.3440  0.3507 
   00490    0.5084   -6013.1691  0.3698 
   00491    0.4764   -6042.9392  0.3809 
   00492    0.4812   -6056.8952  0.3850 
   00493    0.4716   -6112.8680  0.3922 
   00494    0.4660   -6028.3901  0.3901 
   00495    0.4872   -6034.8643  0.3844 
   00496    0.4944   -6019.4951  0.3797 
   00497    0.4724   -6038.5162  0.3694 
   00498    0.4968   -5950.4195  0.3514 
   00499    0.4920   -5855.4084  0.3533 
   00500    0.5036   -5908.1746  0.3661 
   00501    0.4864   -5953.4153  0.3600 
   00502    0.4972   -5985.1099  0.3686 
   00503    0.4804   -6023.8694  0.3548 
   00504    0.4976   -6033.1766  0.3510 
   00505    0.4724   -6004.8317  0.3428 
   00506    0.4728   -5951.7983  0.3487 
   00507    0.4772   -5966.6753  0.3513 
   00508    0.5056   -5947.2174  0.3632 
   00509    0.4984   -5970.1976  0.3646 
   00510    0.4796   -5877.7821  0.3656 
   00511    0.4844   -5915.7177  0.3708 
   00512    0.4972   -5884.2831  0.3749 
   00513    0.4848   -5829.0714  0.3760 
   00514    0.5036   -5929.3811  0.3689 
   00515    0.4876   -5928.9895  0.3574 
   00516    0.4852   -6008.5749  0.3686 
   00517    0.4844   -6065.2590  0.3702 
   00518    0.4948   -5947.8269  0.3613 
   00519    0.4844   -6009.6741  0.3578 
   00520    0.4644   -6027.2180  0.3488 
   00521    0.4828   -5958.8279  0.3463 
   00522    0.4884   -5917.0218  0.3357 
   00523    0.4856   -5963.1551  0.3472 
   00524    0.4936   -6011.5021  0.3476 
   00525    0.4924   -5952.1936  0.3554 
   00526    0.5112   -5938.4695  0.3524 
   00527    0.4952   -5967.4846  0.3632 
   00528    0.4912   -6054.4751  0.3533 
   00529    0.4736   -6031.7395  0.3419 
   00530    0.4828   -5984.1249  0.3512 
   00531    0.4820   -5963.5545  0.3547 
   00532    0.4900   -5949.2348  0.3415 
   00533    0.4916   -5983.6895  0.3461 
   00534    0.4964   -5993.1157  0.3474 
   00535    0.4688   -6036.8213  0.3552 
   00536    0.4736   -5872.4603  0.3541 
   00537    0.5004   -5943.2091  0.3490 
   00538    0.5104   -5919.4800  0.3413 
   00539    0.4952   -5859.2950  0.3289 
   00540    0.4856   -5823.9911  0.3096 
   00541    0.5144   -5786.1443  0.3112 
   00542    0.4932   -5789.8151  0.3049 
   00543    0.5036   -5808.2024  0.3110 
   00544    0.4836   -5782.9732  0.3069 
   00545    0.5132   -5915.2187  0.3055 
   00546    0.4900   -5943.5821  0.3096 
   00547    0.4908   -5890.1616  0.3085 
   00548    0.4936   -5930.4336  0.3229 
   00549    0.4964   -5894.0241  0.3406 
   00550    0.4964   -5804.1126  0.3427 
   00551    0.4900   -5821.4235  0.3452 
   00552    0.4904   -5926.4505  0.3642 
   00553    0.5028   -5873.8264  0.3607 
   00554    0.5068   -5967.5179  0.3519 
   00555    0.4884   -5981.3220  0.3569 
   00556    0.4836   -6022.4556  0.3598 
   00557    0.4724   -5972.3849  0.3592 
   00558    0.4960   -5899.2224  0.3532 
   00559    0.4860   -5842.3520  0.3492 
   00560    0.5140   -5853.7578  0.3522 
   00561    0.4992   -5832.8411  0.3626 
   00562    0.4980   -5914.9518  0.3586 
   00563    0.4792   -5936.4278  0.3636 
   00564    0.4892   -5929.7329  0.3727 
   00565    0.4752   -6028.2025  0.3680 
   00566    0.4912   -5942.7536  0.3654 
   00567    0.4952   -6008.8571  0.3773 
   00568    0.4920   -5896.7014  0.3704 
   00569    0.5000   -5940.7022  0.3720 
   00570    0.4892   -6028.0374  0.3755 
   00571    0.4948   -5993.4085  0.3682 
   00572    0.4924   -6001.0728  0.3632 
   00573    0.4796   -6063.5787  0.3672 
   00574    0.4908   -6121.1042  0.3629 
   00575    0.4884   -5993.8693  0.3625 
   00576    0.4972   -5991.2676  0.3618 
   00577    0.5008   -5970.5448  0.3630 
   00578    0.5076   -5925.6649  0.3606 
   00579    0.4996   -5799.2172  0.3600 
   00580    0.4924   -5852.2280  0.3581 
   00581    0.4900   -5888.7882  0.3468 
   00582    0.5176   -5829.7245  0.3422 
   00583    0.4880   -5914.2370  0.3383 
   00584    0.4856   -5970.7076  0.3399 
   00585    0.4836   -5980.9717  0.3334 
   00586    0.4928   -5890.1296  0.3396 
   00587    0.4912   -5866.0175  0.3423 
   00588    0.4980   -5842.1579  0.3469 
   00589    0.4752   -5940.8403  0.3416 
   00590    0.5008   -5906.4547  0.3379 
   00591    0.4996   -5821.1448  0.3388 
   00592    0.4764   -5833.7052  0.3522 
   00593    0.5024   -5876.0150  0.3367 
   00594    0.4956   -5830.9572  0.3308 
   00595    0.4896   -5862.3812  0.3208 
   00596    0.4920   -5849.5102  0.3178 
   00597    0.4908   -5933.2169  0.3065 
   00598    0.4932   -5874.2299  0.3193 
   00599    0.4948   -5831.3795  0.3242 
   00600    0.4932   -5877.2805  0.3258 
   00601    0.5000   -5915.2536  0.3267 
   00602    0.5224   -5840.4421  0.3303 
   00603    0.4920   -5876.4580  0.3435 
   00604    0.4920   -5918.3456  0.3426 
   00605    0.4800   -5901.7390  0.3451 
   00606    0.5024   -5878.9510  0.3224 
   00607    0.4980   -5857.8899  0.3201 
   00608    0.4820   -5868.3440  0.3276 
   00609    0.5064   -5881.4972  0.3276 
   00610    0.5056   -5870.2016  0.3339 
   00611    0.5024   -5822.1193  0.3282 
   00612    0.5164   -5788.8146  0.3340 
   00613    0.5176   -5779.7362  0.3343 
   00614    0.5092   -5795.8326  0.3494 
   00615    0.4828   -5725.7176  0.3487 
   00616    0.5032   -5733.4509  0.3485 
   00617    0.5084   -5712.9698  0.3296 
   00618    0.5020   -5763.6771  0.3352 
   00619    0.4960   -5892.8810  0.3289 
   00620    0.4884   -5948.4842  0.3239 
   00621    0.4904   -5881.8808  0.3166 
   00622    0.4996   -5931.7458  0.3174 
   00623    0.4768   -6017.5317  0.3226 
   00624    0.4700   -6006.9170  0.3222 
   00625    0.4796   -5975.2519  0.3095 
   00626    0.4760   -5993.5835  0.3114 
   00627    0.5216   -5948.0160  0.3058 
   00628    0.5024   -5950.2199  0.3015 
   00629    0.4816   -5925.4556  0.3009 
   00630    0.4900   -5929.7719  0.3083 
   00631    0.4808   -5896.8918  0.3087 
   00632    0.5192   -5908.4847  0.2989 
   00633    0.4892   -5937.7518  0.2992 
   00634    0.4828   -5879.4547  0.3059 
   00635    0.5004   -5765.7395  0.2970 
   00636    0.5168   -5812.3405  0.2997 
   00637    0.5036   -5848.4177  0.3016 
   00638    0.4880   -5923.1731  0.3050 
   00639    0.4764   -6003.7695  0.3031 
   00640    0.4840   -5916.4357  0.3048 
   00641    0.4896   -6018.4055  0.3009 
   00642    0.4720   -6004.5816  0.3121 
   00643    0.4732   -6098.6717  0.3101 
   00644    0.4704   -6128.4069  0.3197 
   00645    0.4876   -6002.0214  0.3122 
   00646    0.5020   -5882.3458  0.3073 
   00647    0.4848   -5923.0261  0.3220 
   00648    0.4888   -5954.5993  0.3296 
   00649    0.4900   -5957.7431  0.3203 
   00650    0.5012   -5960.7155  0.3164 
   00651    0.4924   -5863.2902  0.3198 
   00652    0.5016   -5925.7014  0.2983 
   00653    0.5080   -5923.1645  0.3044 
   00654    0.4892   -5898.6049  0.3132 
   00655    0.4832   -5927.4865  0.3188 
   00656    0.4840   -5864.4375  0.3110 
   00657    0.4996   -5913.6759  0.3075 
   00658    0.4692   -5921.9430  0.3007 
   00659    0.4764   -5940.1963  0.2911 
   00660    0.5024   -6022.4403  0.2991 
   00661    0.4996   -6071.0718  0.3053 
   00662    0.4824   -5947.1661  0.3066 
   00663    0.5040   -5873.5807  0.3033 
   00664    0.5008   -5946.7851  0.3049 
   00665    0.4828   -6105.6403  0.3103 
   00666    0.4844   -6065.2139  0.3233 
   00667    0.4932   -6026.5709  0.3266 
   00668    0.4832   -6000.8198  0.3344 
   00669    0.4988   -5959.0841  0.3374 
   00670    0.4880   -6001.9964  0.3461 
   00671    0.4920   -5991.6121  0.3571 
   00672    0.4912   -5931.3309  0.3448 
   00673    0.4864   -5962.9790  0.3342 
   00674    0.4784   -5893.3088  0.3228 
   00675    0.4724   -5978.1657  0.3201 
   00676    0.4916   -5896.7355  0.3220 
   00677    0.4876   -5932.4009  0.3371 
   00678    0.4716   -5898.8110  0.3394 
   00679    0.4932   -5946.7750  0.3434 
   00680    0.4880   -5982.6303  0.3313 
   00681    0.4860   -5956.5494  0.3215 
   00682    0.4896   -5965.7917  0.3157 
   00683    0.4740   -5975.8473  0.3227 
   00684    0.4872   -5966.8385  0.3088 
   00685    0.4952   -5959.0838  0.3118 
   00686    0.4892   -5917.9969  0.3295 
   00687    0.4852   -5961.8260  0.3428 
   00688    0.4780   -5960.0235  0.3326 
   00689    0.4976   -5987.0233  0.3327 
   00690    0.5000   -6048.7334  0.3226 
   00691    0.4752   -6002.1114  0.3281 
   00692    0.4804   -6060.0318  0.3323 
   00693    0.4920   -5916.2585  0.3144 
   00694    0.4848   -5973.9006  0.3154 
   00695    0.4972   -5882.0568  0.3043 
   00696    0.4784   -5887.9680  0.2861 
   00697    0.4956   -5939.7439  0.3045 
   00698    0.4728   -5962.6194  0.3075 
   00699    0.4860   -5948.4268  0.3130 
   00700    0.4992   -5992.8412  0.3252 
   00701    0.4980   -5828.9381  0.3236 
   00702    0.5044   -5875.9244  0.3154 
   00703    0.4988   -5843.6016  0.3087 
   00704    0.4904   -5982.7452  0.3208 
   00705    0.4784   -5958.3746  0.3154 
   00706    0.4960   -5719.0280  0.3192 
   00707    0.5076   -5783.5150  0.3152 
   00708    0.5024   -5786.2889  0.3239 
   00709    0.5012   -5755.5660  0.3136 
   00710    0.4904   -5793.6942  0.3113 
   00711    0.5092   -5806.9682  0.3160 
   00712    0.4952   -5823.3374  0.3050 
   00713    0.4788   -5840.1016  0.2894 
   00714    0.4900   -5854.8794  0.2707 
   00715    0.4964   -5789.5351  0.2772 
   00716    0.4960   -5813.3558  0.2835 
   00717    0.4944   -5813.5889  0.2824 
   00718    0.5152   -5836.0561  0.2883 
   00719    0.5032   -5718.5375  0.2852 
   00720    0.5068   -5823.8782  0.2943 
   00721    0.4952   -5854.3860  0.2895 
   00722    0.4860   -5891.6198  0.2936 
   00723    0.5052   -5930.8865  0.3032 
   00724    0.4804   -5899.1687  0.2993 
   00725    0.4712   -5934.3042  0.3021 
   00726    0.4848   -5856.3901  0.3050 
   00727    0.5044   -5883.8560  0.3078 
   00728    0.4988   -5948.7360  0.3122 
   00729    0.4844   -5910.8227  0.3064 
   00730    0.4956   -5843.6200  0.3013 
   00731    0.4848   -5881.6530  0.2996 
   00732    0.4860   -5996.0498  0.3043 
   00733    0.4904   -5947.0608  0.3041 
   00734    0.4988   -5950.3502  0.3039 
   00735    0.4952   -5968.5304  0.3147 
   00736    0.4940   -5887.7682  0.2985 
   00737    0.4940   -5842.5446  0.3212 
   00738    0.4940   -5915.1935  0.3276 
   00739    0.4768   -5858.4993  0.3192 
   00740    0.4892   -5800.1695  0.3162 
   00741    0.5048   -5844.8938  0.3175 
   00742    0.4868   -5819.4937  0.3202 
   00743    0.4940   -5871.8209  0.3329 
   00744    0.4912   -5907.0006  0.3326 
   00745    0.4772   -5930.1174  0.3297 
   00746    0.5016   -5840.0646  0.3264 
   00747    0.5052   -5778.1164  0.3239 
   00748    0.5104   -5778.3840  0.3344 
   00749    0.4932   -5878.4596  0.3377 
   00750    0.5060   -5871.7267  0.3337 
   00751    0.4896   -5968.8299  0.3425 
   00752    0.4900   -5819.4666  0.3473 
   00753    0.4936   -5864.4166  0.3495 
   00754    0.4952   -5788.1904  0.3467 
   00755    0.4968   -5917.8254  0.3475 
   00756    0.4952   -5963.5531  0.3483 
   00757    0.4832   -6009.0347  0.3455 
   00758    0.4892   -5991.9425  0.3512 
   00759    0.5012   -6007.7567  0.3654 
   00760    0.4908   -6012.6702  0.3741 
   00761    0.4772   -6138.8879  0.3743 
   00762    0.4808   -6155.1912  0.3613 
   00763    0.5048   -6005.6219  0.3557 
   00764    0.4768   -6004.4611  0.3598 
   00765    0.4840   -6140.3985  0.3719 
   00766    0.4756   -6161.3673  0.3781 
   00767    0.4784   -5999.4566  0.3686 
   00768    0.4872   -6025.2069  0.3553 
   00769    0.4884   -5967.1208  0.3696 
   00770    0.4868   -5999.2920  0.3505 
   00771    0.4820   -5984.1282  0.3451 
   00772    0.4772   -6011.6988  0.3587 
   00773    0.4792   -5940.7329  0.3697 
   00774    0.4940   -6030.8696  0.3645 
   00775    0.4852   -5983.3796  0.3628 
   00776    0.4768   -5999.8381  0.3651 
   00777    0.4776   -6055.6634  0.3728 
   00778    0.4888   -6061.5951  0.3574 
   00779    0.4800   -5999.6813  0.3497 
   00780    0.4952   -5992.8820  0.3474 
   00781    0.4892   -6098.2809  0.3565 
   00782    0.4916   -6074.5090  0.3556 
   00783    0.4832   -6018.6676  0.3604 
   00784    0.4868   -5976.8931  0.3540 
   00785    0.4728   -5946.3484  0.3513 
   00786    0.4868   -5789.2722  0.3591 
   00787    0.5112   -5832.3417  0.3617 
   00788    0.5148   -5867.0672  0.3740 
   00789    0.5148   -5896.2193  0.3754 
   00790    0.4972   -5935.5469  0.3745 
   00791    0.5012   -5878.9789  0.3801 
   00792    0.4756   -5944.7540  0.3859 
   00793    0.5068   -5966.5330  0.3819 
   00794    0.4892   -5924.8526  0.3749 
   00795    0.4864   -6021.3885  0.3615 
   00796    0.4776   -6008.2084  0.3614 
   00797    0.4784   -6041.2962  0.3781 
   00798    0.4748   -6038.1791  0.3866 
   00799    0.5012   -5911.5823  0.3835 
   00800    0.4976   -5878.1001  0.3862 
   00801    0.4904   -5955.1365  0.3811 
   00802    0.4872   -5952.6710  0.3853 
   00803    0.4924   -5954.0499  0.3976 
   00804    0.4892   -5970.2034  0.3857 
   00805    0.4728   -6107.9874  0.3878 
   00806    0.4752   -6022.8204  0.3852 
   00807    0.4840   -5827.9585  0.3699 
   00808    0.4904   -5862.5342  0.3765 
   00809    0.4956   -5841.1974  0.3731 
   00810    0.4872   -5822.1035  0.3867 
   00811    0.5040   -5880.2269  0.3718 
   00812    0.4984   -5835.1951  0.3641 
   00813    0.5168   -5791.7749  0.3614 
   00814    0.4884   -5806.0745  0.3489 
   00815    0.5132   -5844.9611  0.3413 
   00816    0.4704   -5854.8080  0.3413 
   00817    0.4720   -5907.7579  0.3295 
   00818    0.4900   -5814.1919  0.3343 
   00819    0.5080   -5827.4331  0.3379 
   00820    0.4904   -5847.6317  0.3299 
   00821    0.5048   -5825.6381  0.3257 
   00822    0.4856   -5824.3507  0.3330 
   00823    0.5048   -5803.2263  0.3327 
   00824    0.5156   -5765.7800  0.3166 
   00825    0.4908   -5827.2599  0.3197 
   00826    0.4984   -5876.7108  0.3237 
   00827    0.4868   -5864.6731  0.3330 
   00828    0.4960   -5905.0168  0.3427 
   00829    0.4852   -5921.2088  0.3390 
   00830    0.4784   -6047.4693  0.3304 
   00831    0.4788   -5943.0571  0.3313 
   00832    0.4916   -5964.0232  0.3219 
   00833    0.4880   -5974.5567  0.3271 
   00834    0.4980   -5996.0045  0.3435 
   00835    0.4940   -5995.5715  0.3399 
   00836    0.4948   -6034.4917  0.3436 
   00837    0.4836   -5990.1799  0.3412 
   00838    0.5068   -5976.7822  0.3469 
   00839    0.4764   -5964.0368  0.3579 
   00840    0.4948   -5920.2597  0.3325 
   00841    0.5088   -5873.0828  0.3367 
   00842    0.5200   -5785.0115  0.3404 
   00843    0.4936   -5772.5230  0.3338 
   00844    0.4932   -5794.6002  0.3286 
   00845    0.5100   -5703.9178  0.3325 
   00846    0.5116   -5681.9177  0.3295 
   00847    0.5312   -5777.4113  0.3297 
   00848    0.5144   -5785.6428  0.3374 
   00849    0.5068   -5820.6039  0.3383 
   00850    0.5088   -5814.2567  0.3372 
   00851    0.4992   -5898.0600  0.3349 
   00852    0.5012   -5878.6763  0.3356 
   00853    0.4788   -5850.1083  0.3375 
   00854    0.4888   -5888.1632  0.3372 
   00855    0.4824   -5806.0807  0.3405 
   00856    0.4948   -5882.9041  0.3358 
   00857    0.4984   -5907.4783  0.3393 
   00858    0.5088   -5888.6453  0.3358 
   00859    0.4760   -5946.7343  0.3297 
   00860    0.5056   -5952.7243  0.3286 
   00861    0.4908   -5926.8792  0.3387 
   00862    0.5008   -5921.2073  0.3418 
   00863    0.4900   -5836.2729  0.3444 
   00864    0.4824   -5849.1856  0.3396 
   00865    0.4896   -5939.1296  0.3367 
   00866    0.4804   -5936.2846  0.3233 
   00867    0.4780   -5955.9531  0.3153 
   00868    0.4852   -5941.8195  0.3157 
   00869    0.5052   -5838.8677  0.3163 
   00870    0.4908   -5836.7115  0.3095 
   00871    0.4828   -5748.0519  0.2961 
   00872    0.4888   -5820.4369  0.2927 
   00873    0.5104   -5829.4938  0.2889 
   00874    0.5180   -5839.5198  0.2930 
   00875    0.4944   -5773.3572  0.2834 
   00876    0.5028   -5812.3662  0.2821 
   00877    0.5032   -5820.5364  0.2732 
   00878    0.4996   -5920.8111  0.2778 
   00879    0.4948   -5846.0914  0.2725 
   00880    0.5100   -5825.2098  0.2826 
   00881    0.4872   -5894.9247  0.2907 
   00882    0.4908   -5983.9227  0.2906 
   00883    0.4840   -6004.3439  0.2924 
   00884    0.4732   -5887.5352  0.2935 
   00885    0.4992   -5885.5060  0.2976 
   00886    0.4864   -6054.0712  0.2986 
   00887    0.4960   -6003.3854  0.3007 
   00888    0.4972   -6036.8267  0.3088 
   00889    0.4876   -5898.2093  0.2996 
   00890    0.4916   -5859.0608  0.3071 
   00891    0.4972   -5764.4218  0.3038 
   00892    0.5144   -5702.3659  0.2975 
   00893    0.4928   -5758.5726  0.3020 
   00894    0.5196   -5829.7726  0.3055 
   00895    0.5044   -5775.1316  0.3013 
   00896    0.4904   -5828.8706  0.3144 
   00897    0.4888   -5868.8657  0.3197 
   00898    0.4872   -5896.8163  0.3213 
   00899    0.4948   -5968.8007  0.3198 
   00900    0.4932   -5937.6981  0.3178 
