#=====================================================
# File created:        Tue-12-Mar-2024-at-09-36-47AM
# Size of lattice:     50x50
# Number of MC steps:  1000
# Reduced temperature: 1.000
# Run time (s):        78.277546
#=====================================================
# MC step:  Ratio:     Energy:   Order:
#=====================================================
   00000    0.5000   -2336.3030  0.2617 
   00001    0.6956   -3690.1725  0.2644 
   00002    0.6360   -4472.2351  0.2517 
   00003    0.5852   -4846.3357  0.2704 
   00004    0.5660   -5075.7047  0.2713 
   00005    0.5456   -5234.9609  0.2674 
   00006    0.5228   -5300.3925  0.2715 
   00007    0.5212   -5349.5825  0.2613 
   00008    0.5292   -5416.8275  0.2636 
   00009    0.5312   -5531.5478  0.2711 
   00010    0.5288   -5581.3414  0.2629 
   00011    0.5200   -5616.7624  0.2616 
   00012    0.5196   -5595.9129  0.2725 
   00013    0.5072   -5628.7114  0.2583 
   00014    0.5036   -5712.6269  0.2560 
   00015    0.4968   -5742.4191  0.2664 
   00016    0.5044   -5802.8325  0.2730 
   00017    0.5004   -5827.9257  0.2700 
   00018    0.4876   -5784.4282  0.2884 
   00019    0.4980   -5705.4186  0.3024 
   00020    0.5200   -5854.9886  0.3152 
   00021    0.5152   -5742.8561  0.3083 
   00022    0.5088   -5776.9452  0.3191 
   00023    0.5100   -5834.9439  0.3151 
   00024    0.4784   -5915.3362  0.3171 
   00025    0.4928   -5900.5061  0.3154 
   00026    0.5060   -5884.5808  0.3022 
   00027    0.4816   -5851.0928  0.3091 
   00028    0.5040   -5952.2396  0.3028 
   00029    0.4896   -5925.3691  0.3149 
   00030    0.4924   -5939.1676  0.3059 
   00031    0.4812   -5992.3057  0.3208 
   00032    0.4800   -5990.8929  0.3153 
   00033    0.4724   -5984.6404  0.3237 
   00034    0.4896   -5945.3315  0.3222 
   00035    0.4796   -5918.4560  0.3198 
   00036    0.4896   -5839.6115  0.3100 
   00037    0.5016   -5827.6747  0.3136 
   00038    0.4940   -5831.4934  0.3103 
   00039    0.5000   -5810.4532  0.3113 
   00040    0.5156   -5779.3951  0.3080 
   00041    0.4912   -5833.6936  0.3118 
   00042    0.4884   -5904.2352  0.3055 
   00043    0.5084   -5819.6901  0.3091 
   00044    0.4932   -5796.9662  0.3145 
   00045    0.4748   -5803.2785  0.3166 
   00046    0.5108   -5835.1149  0.3054 
   00047    0.4796   -5860.6329  0.2987 
   00048    0.4788   -5847.5781  0.3017 
   00049    0.5076   -5825.5615  0.3047 
   00050    0.4964   -5782.5187  0.3076 
   00051    0.5084   -5734.0624  0.3103 
   00052    0.5224   -5691.6516  0.3059 
   00053    0.5224   -5670.5040  0.3078 
   00054    0.4920   -5763.1449  0.3088 
   00055    0.5096   -5739.9413  0.3087 
   00056    0.4988   -5778.2863  0.3044 
   00057    0.4872   -5834.1475  0.3116 
   00058    0.4896   -5900.0668  0.3079 
   00059    0.4884   -5896.1618  0.3177 
   00060    0.4752   -5969.5950  0.3174 
   00061    0.4936   -5946.8710  0.3113 
   00062    0.4912   -5907.9349  0.3023 
   00063    0.4864   -5890.3989  0.2964 
   00064    0.4940   -5834.1965  0.2932 
   00065    0.4788   -5863.4066  0.2976 
   00066    0.5056   -5767.6439  0.2916 
   00067    0.5052   -5734.8953  0.2944 
   00068    0.5072   -5720.8937  0.2865 
   00069    0.4924   -5765.3848  0.2795 
   00070    0.4952   -5780.9513  0.2818 
   00071    0.4920   -5784.3952  0.2810 
   00072    0.5156   -5696.5054  0.2941 
   00073    0.4980   -5763.9855  0.2868 
   00074    0.4996   -5822.8289  0.2778 
   00075    0.4872   -5880.2353  0.2644 
   00076    0.4824   -5899.9297  0.2893 
   00077    0.4748   -5923.8988  0.2886 
   00078    0.4940   -5873.7524  0.2914 
   00079    0.4992   -6001.8211  0.3001 
   00080    0.4852   -5977.8229  0.3021 
   00081    0.4860   -5838.9278  0.3009 
   00082    0.4928   -5887.8467  0.3012 
   00083    0.4864   -5896.3868  0.3049 
   00084    0.4892   -5919.6509  0.3024 
   00085    0.5048   -6057.0466  0.2874 
   00086    0.4848   -6007.0043  0.3005 
   00087    0.5020   -5997.1397  0.3027 
   00088    0.4872   -6026.8958  0.3013 
   00089    0.4924   -5969.5425  0.2893 
   00090    0.4892   -5910.4456  0.2764 
   00091    0.4812   -5992.1515  0.2740 
   00092    0.4928   -5930.5192  0.2756 
   00093    0.4936   -5984.7822  0.2771 
   00094    0.4792   -5970.3004  0.2787 
   00095    0.5036   -5883.6754  0.2783 
   00096    0.4892   -5899.3268  0.2695 
   00097    0.4928   -5890.4423  0.2759 
   00098    0.4684   -5996.6971  0.2942 
   00099    0.4836   -5907.3501  0.3015 
   00100    0.4780   -5875.6338  0.2859 
   00101    0.5004   -5859.7110  0.2898 
   00102    0.5108   -5797.9856  0.2756 
   00103    0.5112   -5815.9934  0.2690 
   00104    0.5008   -5871.4819  0.2774 
   00105    0.4864   -5906.8408  0.2874 
   00106    0.5052   -5879.4630  0.2723 
   00107    0.4880   -5880.8542  0.2641 
   00108    0.4980   -5862.5279  0.2746 
   00109    0.5160   -5928.2444  0.2691 
   00110    0.5024   -5933.1617  0.2575 
   00111    0.4996   -5890.3517  0.2553 
   00112    0.4796   -5870.6228  0.2568 
   00113    0.4932   -5862.7938  0.2566 
   00114    0.4928   -5875.8888  0.2534 
   00115    0.4936   -5843.3894  0.2581 
   00116    0.5028   -5894.2460  0.2668 
   00117    0.4808   -5906.1945  0.2685 
   00118    0.5076   -5766.8138  0.2664 
   00119    0.5196   -5725.3998  0.2658 
   00120    0.5044   -5841.8415  0.2579 
   00121    0.5300   -5904.6920  0.2604 
   00122    0.5036   -5761.5755  0.2539 
   00123    0.4836   -5853.7936  0.2569 
   00124    0.4892   -5906.8192  0.2574 
   00125    0.4980   -5888.1800  0.2606 
   00126    0.4976   -5875.0503  0.2531 
   00127    0.4968   -5851.0880  0.2663 
   00128    0.5092   -5866.5801  0.2578 
   00129    0.4912   -5855.0818  0.2720 
   00130    0.4864   -5830.4574  0.2872 
   00131    0.5036   -5881.2956  0.2903 
   00132    0.4844   -5897.1221  0.2828 
   00133    0.4976   -5988.9763  0.2897 
   00134    0.4756   -5881.4901  0.2898 
   00135    0.4780   -5883.2818  0.2934 
   00136    0.4832   -5937.0477  0.2968 
   00137    0.4908   -5884.8382  0.2929 
   00138    0.4912   -5971.6013  0.2814 
   00139    0.4920   -5966.5376  0.2712 
   00140    0.4744   -5995.1698  0.2771 
   00141    0.4940   -6038.4457  0.2842 
   00142    0.5012   -6066.1655  0.2803 
   00143    0.4992   -6035.4593  0.2941 
   00144    0.5072   -6028.7962  0.2977 
   00145    0.4844   -5993.3645  0.3094 
   00146    0.4880   -5939.0608  0.2944 
   00147    0.4928   -5798.4461  0.2928 
   00148    0.5116   -5837.0006  0.2939 
   00149    0.5032   -5820.4356  0.2931 
   00150    0.4984   -5789.3957  0.2973 
   00151    0.5012   -5777.3766  0.3057 
   00152    0.4948   -5714.6824  0.2933 
   00153    0.5028   -5841.2375  0.2972 
   00154    0.5132   -6031.5494  0.3028 
   00155    0.4764   -5920.6080  0.3092 
   00156    0.4956   -5908.9559  0.3230 
   00157    0.4944   -5899.8308  0.3222 
   00158    0.4932   -6048.1746  0.3212 
   00159    0.4668   -6098.8761  0.3194 
   00160    0.4808   -5998.6999  0.3065 
   00161    0.4792   -6065.5673  0.3056 
   00162    0.4872   -6032.8755  0.2998 
   00163    0.4812   -5894.6205  0.2860 
   00164    0.4900   -5914.2165  0.2814 
   00165    0.5012   -5899.2635  0.2970 
   00166    0.4940   -5862.4518  0.2886 
   00167    0.5072   -5856.0543  0.2791 
   00168    0.5160   -5866.2360  0.2868 
   00169    0.4980   -5859.7057  0.2795 
   00170    0.5100   -5898.2605  0.2733 
   00171    0.4908   -5863.9774  0.2573 
   00172    0.4900   -5996.4581  0.2730 
   00173    0.4732   -5969.6517  0.2751 
   00174    0.4832   -5893.5077  0.2709 
   00175    0.4988   -5899.0650  0.2784 
   00176    0.5044   -5879.3213  0.2742 
   00177    0.5076   -5750.9818  0.2994 
   00178    0.4776   -5768.3938  0.2943 
   00179    0.4988   -5814.3234  0.2939 
   00180    0.5024   -5916.8240  0.2973 
   00181    0.4876   -5870.0920  0.2958 
   00182    0.4816   -5846.7418  0.2892 
   00183    0.5104   -5829.1861  0.2834 
   00184    0.5048   -5773.4191  0.2902 
   00185    0.4952   -5891.1287  0.2933 
   00186    0.4888   -5952.8254  0.2928 
   00187    0.4944   -5929.9527  0.2749 
   00188    0.4972   -5861.8638  0.2604 
   00189    0.5020   -5856.1177  0.2652 
   00190    0.4920   -5790.4682  0.2534 
   00191    0.4944   -5774.3905  0.2592 
   00192    0.4876   -5839.1171  0.2604 
   00193    0.4928   -5875.5583  0.2584 
   00194    0.4872   -5917.0770  0.2624 
   00195    0.4968   -5903.0470  0.2562 
   00196    0.4856   -5849.3423  0.2573 
   00197    0.4964   -5772.4166  0.2755 
   00198    0.5064   -5792.4659  0.2713 
   00199    0.4980   -5788.6859  0.2692 
   00200    0.4892   -5810.1860  0.2705 
   00201    0.4888   -5792.7647  0.2717 
   00202    0.4912   -5758.0820  0.2778 
   00203    0.5104   -5791.0493  0.2752 
   00204    0.4956   -5808.9328  0.2611 
   00205    0.5004   -5866.7452  0.2568 
   00206    0.4892   -5937.7049  0.2547 
   00207    0.4696   -5979.8440  0.2570 
   00208    0.4940   -5945.7828  0.2617 
   00209    0.4748   -5995.3375  0.2564 
   00210    0.5072   -5912.6961  0.2569 
   00211    0.4840   -5908.0838  0.2686 
   00212    0.4856   -5978.1577  0.2652 
   00213    0.4752   -5941.0031  0.2635 
   00214    0.5020   -5840.9637  0.2552 
   00215    0.4892   -5810.3778  0.2588 
   00216    0.4884   -5896.6064  0.2726 
   00217    0.5032   -5943.8624  0.2927 
   00218    0.4776   -5989.8324  0.2897 
   00219    0.4672   -5888.4390  0.2836 
   00220    0.4880   -5989.8521  0.2823 
   00221    0.5144   -5973.2011  0.2775 
   00222    0.4896   -6038.0338  0.2723 
   00223    0.4820   -6109.4588  0.2780 
   00224    0.4768   -6136.9063  0.2846 
   00225    0.4720   -6134.7547  0.2930 
   00226    0.4676   -6166.1102  0.2851 
   00227    0.4780   -6202.4534  0.2928 
   00228    0.4776   -6184.3301  0.2999 
   00229    0.4752   -6059.3191  0.2849 
   00230    0.4708   -5924.1875  0.2785 
   00231    0.4692   -5977.8055  0.2823 
   00232    0.4888   -6090.3652  0.2750 
   00233    0.4792   -6076.0098  0.2757 
   00234    0.4776   -6063.3888  0.2793 
   00235    0.4848   -6100.8179  0.2764 
   00236    0.4732   -6066.0167  0.2774 
   00237    0.4868   -5995.2611  0.2865 
   00238    0.4748   -5909.8048  0.2935 
   00239    0.4996   -5940.9189  0.2716 
   00240    0.4756   -6057.7442  0.2781 
   00241    0.4980   -5975.8730  0.2852 
   00242    0.4912   -6092.8103  0.2832 
   00243    0.4844   -6085.9526  0.2828 
   00244    0.4812   -6022.9660  0.2804 
   00245    0.4924   -5959.0862  0.2949 
   00246    0.4876   -5936.5858  0.3170 
   00247    0.5008   -5864.8847  0.3127 
   00248    0.4784   -5897.7967  0.3175 
   00249    0.4920   -5938.6191  0.3150 
   00250    0.4840   -6051.9449  0.3054 
   00251    0.5040   -5944.0699  0.3195 
   00252    0.4916   -5978.1099  0.3153 
   00253    0.4796   -5941.0653  0.3211 
   00254    0.4844   -6029.1790  0.3303 
   00255    0.4868   -6055.9506  0.3334 
   00256    0.4820   -5995.4351  0.3171 
   00257    0.4840   -6026.8208  0.3132 
   00258    0.4764   -6063.6912  0.3165 
   00259    0.4828   -5993.6226  0.3152 
   00260    0.4808   -5911.4350  0.3169 
   00261    0.4876   -5983.2768  0.3125 
   00262    0.4824   -5905.7454  0.3146 
   00263    0.4780   -5816.2210  0.3102 
   00264    0.5120   -5842.6914  0.3126 
   00265    0.4924   -5963.5560  0.3089 
   00266    0.4816   -5906.9537  0.3037 
   00267    0.5000   -5991.6867  0.3044 
   00268    0.4960   -5910.8141  0.3038 
   00269    0.4924   -5904.5917  0.2897 
   00270    0.4860   -5837.5518  0.2726 
   00271    0.4776   -5866.6497  0.2654 
   00272    0.5088   -5900.3301  0.2652 
   00273    0.4964   -5870.1390  0.2810 
   00274    0.4920   -5888.6008  0.2782 
   00275    0.4912   -5982.4929  0.2717 
   00276    0.5092   -6020.4113  0.2728 
   00277    0.4820   -6039.6006  0.2740 
   00278    0.4924   -6014.4544  0.2873 
   00279    0.4800   -6013.9743  0.2893 
   00280    0.4736   -6045.0492  0.2918 
   00281    0.4792   -6070.3735  0.2990 
   00282    0.4820   -5990.1355  0.3065 
   00283    0.4984   -6003.6917  0.3134 
   00284    0.4856   -6053.2944  0.3154 
   00285    0.5060   -5988.0052  0.3009 
   00286    0.4948   -6001.5943  0.2990 
   00287    0.5064   -5993.7495  0.2976 
   00288    0.4924   -5984.7043  0.2916 
   00289    0.4696   -5934.1415  0.2915 
   00290    0.4948   -5942.8178  0.2974 
   00291    0.4876   -5926.0586  0.3035 
   00292    0.5128   -5924.1206  0.3072 
   00293    0.5040   -5849.0409  0.3043 
   00294    0.4972   -5877.4872  0.3099 
   00295    0.5032   -5876.5608  0.3114 
   00296    0.4892   -5909.4649  0.3113 
   00297    0.5044   -6043.4600  0.3099 
   00298    0.4852   -6030.8717  0.3138 
   00299    0.4868   -5956.7248  0.3130 
   00300    0.4860   -5921.1235  0.3016 
   00301    0.4904   -5950.5121  0.3008 
   00302    0.4740   -6033.8177  0.3068 
   00303    0.4760   -5985.3777  0.3009 
   00304    0.5016   -5945.5449  0.3051 
   00305    0.4904   -5858.0002  0.3059 
   00306    0.4964   -5885.7949  0.3046 
   00307    0.5128   -5930.3201  0.3118 
   00308    0.5096   -5972.5880  0.3154 
   00309    0.5028   -5903.6049  0.3323 
   00310    0.5072   -5829.2464  0.3221 
   00311    0.4932   -5793.5419  0.3082 
   00312    0.5056   -5862.1540  0.3053 
   00313    0.5048   -5882.7945  0.3132 
   00314    0.4956   -5932.3621  0.3024 
   00315    0.4916   -5888.6370  0.3135 
   00316    0.4932   -5889.5093  0.3167 
   00317    0.4720   -5961.3025  0.3329 
   00318    0.4968   -5950.2126  0.3328 
   00319    0.4960   -6023.1487  0.3213 
   00320    0.4900   -6067.2230  0.3234 
   00321    0.4768   -6025.7632  0.3248 
   00322    0.4736   -6039.2300  0.3301 
   00323    0.4972   -6046.1283  0.3126 
   00324    0.4784   -5997.0221  0.3054 
   00325    0.4936   -5979.2756  0.3023 
   00326    0.4788   -5939.7157  0.3043 
   00327    0.4852   -5949.4629  0.3006 
   00328    0.4720   -5915.5601  0.3110 
   00329    0.4656   -5924.4540  0.3249 
   00330    0.5016   -5938.6932  0.3170 
   00331    0.5016   -5975.5149  0.3202 
   00332    0.4752   -6011.0123  0.3200 
   00333    0.4608   -5993.3745  0.3151 
   00334    0.4672   -5963.7588  0.3199 
   00335    0.4996   -5961.6361  0.3184 
   00336    0.4964   -5914.3816  0.3169 
   00337    0.5000   -5970.1031  0.3172 
   00338    0.4888   -6008.3506  0.3268 
   00339    0.4884   -5965.8008  0.3299 
   00340    0.4748   -6024.6426  0.3279 
   00341    0.4860   -5917.1755  0.3198 
   00342    0.4960   -5984.3709  0.3136 
   00343    0.5024   -5859.4678  0.2906 
   00344    0.4880   -5978.5083  0.2884 
   00345    0.4820   -5980.7009  0.2852 
   00346    0.4876   -5915.8329  0.2688 
   00347    0.4828   -5923.8623  0.2768 
   00348    0.4976   -5920.8521  0.2670 
   00349    0.4796   -5925.0564  0.2704 
   00350    0.4856   -5900.9967  0.2770 
   00351    0.4972   -5951.1885  0.2777 
   00352    0.4956   -5839.8930  0.2856 
   00353    0.4920   -5953.2448  0.2680 
   00354    0.4940   -5950.0322  0.2706 
   00355    0.4988   -5969.8000  0.2690 
   00356    0.5048   -5963.7588  0.2625 
   00357    0.4768   -6053.8779  0.2701 
   00358    0.4888   -6035.8297  0.2692 
   00359    0.4916   -5931.7762  0.2760 
   00360    0.5060   -5903.4405  0.2752 
   00361    0.4892   -5972.2385  0.2848 
   00362    0.4848   -6004.9576  0.2767 
   00363    0.4880   -6025.9340  0.2745 
   00364    0.4880   -5907.6737  0.2720 
   00365    0.4940   -5915.3487  0.2754 
   00366    0.5028   -5953.5376  0.2779 
   00367    0.5040   -5948.4847  0.2809 
   00368    0.4868   -5994.4276  0.2660 
   00369    0.5016   -5955.2121  0.2555 
   00370    0.4924   -5993.1213  0.2719 
   00371    0.4904   -5895.2964  0.2863 
   00372    0.5212   -5854.4835  0.2938 
   00373    0.5068   -5867.8240  0.2820 
   00374    0.4948   -6031.7142  0.2885 
   00375    0.4888   -6093.8939  0.2967 
   00376    0.4792   -6031.0855  0.2905 
   00377    0.4816   -6084.7118  0.2945 
   00378    0.4744   -6054.7260  0.3033 
   00379    0.4888   -6063.3597  0.3132 
   00380    0.4688   -6077.3564  0.3167 
   00381    0.4800   -6055.6103  0.3192 
   00382    0.4752   -6043.0962  0.3045 
   00383    0.4780   -5984.2507  0.3101 
   00384    0.4884   -5850.9679  0.3010 
   00385    0.4992   -5800.9692  0.3153 
   00386    0.5048   -5850.8873  0.3179 
   00387    0.4864   -5929.1585  0.3182 
   00388    0.4756   -5908.4198  0.3084 
   00389    0.4764   -5943.2791  0.3075 
   00390    0.4760   -5999.7039  0.3094 
   00391    0.4904   -5905.8507  0.3180 
   00392    0.4896   -5930.4854  0.3294 
   00393    0.4872   -5949.0350  0.3300 
   00394    0.4972   -6031.9424  0.3232 
   00395    0.4968   -5912.9715  0.3086 
   00396    0.4972   -5886.9398  0.3142 
   00397    0.4776   -5935.0596  0.3125 
   00398    0.4900   -5923.3106  0.2992 
   00399    0.5032   -5942.2073  0.3045 
   00400    0.4704   -5982.0665  0.3030 
   00401    0.5052   -5958.1237  0.3122 
   00402    0.4924   -5981.0412  0.3052 
   00403    0.4716   -5904.9361  0.3074 
   00404    0.5108   -5861.4820  0.3114 
   00405    0.4852   -5990.3198  0.3122 
   00406    0.4848   -5949.3529  0.3249 
   00407    0.4804   -5965.6585  0.3282 
   00408    0.4976   -6063.8195  0.3370 
   00409    0.5000   -6009.5137  0.3175 
   00410    0.4944   -6064.7785  0.3239 
   00411    0.4880   -6096.5627  0.3397 
   00412    0.4716   -6128.8554  0.3265 
   00413    0.4908   -6048.5052  0.3265 
   00414    0.4912   -6044.8295  0.3253 
   00415    0.4692   -6082.1978  0.3166 
   00416    0.4720   -6020.6798  0.2989 
   00417    0.4768   -6042.5009  0.3019 
   00418    0.4928   -6018.3221  0.2972 
   00419    0.4696   -6021.7136  0.2997 
   00420    0.4964   -5933.1108  0.2986 
   00421    0.4868   -5929.6276  0.2958 
   00422    0.4992   -5980.7468  0.2959 
   00423    0.4884   -5969.9480  0.2976 
   00424    0.4868   -5961.6735  0.2722 
   00425    0.5004   -5971.1754  0.2974 
   00426    0.5096   -5883.1612  0.2851 
   00427    0.4752   -6007.6806  0.2707 
   00428    0.4840   -6018.3193  0.2603 
   00429    0.4760   -6014.0763  0.2584 
   00430    0.4776   -6048.1783  0.2608 
   00431    0.4844   -6026.9875  0.2577 
   00432    0.4748   -6090.1328  0.2540 
   00433    0.4812   -6100.7508  0.2638 
   00434    0.4916   -6048.2584  0.2588 
   00435    0.4936   -6029.4567  0.2582 
   00436    0.4804   -5898.8377  0.2683 
   00437    0.4772   -5856.6828  0.2688 
   00438    0.4928   -5800.9345  0.2718 
   00439    0.5168   -5881.4890  0.2673 
   00440    0.4864   -5879.3974  0.2837 
   00441    0.4884   -5872.7301  0.2821 
   00442    0.5136   -5836.2654  0.2811 
   00443    0.5036   -5763.3677  0.2829 
   00444    0.4992   -5797.5026  0.2788 
   00445    0.4928   -5774.1084  0.2745 
   00446    0.4956   -5791.2519  0.2759 
   00447    0.5100   -5803.2030  0.2822 
   00448    0.5108   -5806.2575  0.2915 
   00449    0.5036   -5873.8240  0.2873 
   00450    0.4928   -5897.0254  0.2868 
   00451    0.4968   -5938.4598  0.2750 
   00452    0.4820   -5872.8052  0.2723 
   00453    0.4924   -5870.1151  0.2752 
   00454    0.4892   -5962.0559  0.2769 
   00455    0.4828   -5921.5889  0.2917 
   00456    0.5072   -5973.2667  0.2938 
   00457    0.4948   -5965.3029  0.3023 
   00458    0.4888   -6017.1532  0.2937 
   00459    0.4904   -5990.2313  0.3034 
   00460    0.4840   -6063.9184  0.2891 
   00461    0.4920   -5976.0482  0.2906 
   00462    0.4856   -6062.5862  0.2875 
   00463    0.5008   -6091.4266  0.2907 
   00464    0.4760   -6155.2585  0.2968 
   00465    0.4744   -6158.1959  0.2948 
   00466    0.4704   -6105.8496  0.3013 
   00467    0.4752   -6229.9845  0.3022 
   00468    0.4672   -6211.2004  0.3047 
   00469    0.4644   -6102.4785  0.3092 
   00470    0.4768   -6038.9900  0.3094 
   00471    0.4984   -5943.9957  0.3078 
   00472    0.4972   -5958.3814  0.3079 
   00473    0.4696   -5955.0083  0.3017 
   00474    0.4756   -5892.4628  0.2871 
   00475    0.4860   -6029.9566  0.2928 
   00476    0.4780   -6046.9584  0.2890 
   00477    0.4796   -6006.1888  0.2908 
   00478    0.4924   -5962.9555  0.2812 
   00479    0.4904   -6052.0099  0.2773 
   00480    0.4844   -6132.3760  0.2735 
   00481    0.4716   -6120.6743  0.2779 
   00482    0.4756   -5997.2750  0.2930 
   00483    0.4752   -6032.4441  0.3034 
   00484    0.4920   -5984.9080  0.3163 
   00485    0.5012   -5972.3186  0.3098 
   00486    0.4900   -6039.5222  0.3158 
   00487    0.4792   -6135.8179  0.3251 
   00488    0.5032   -6051.3710  0.3140 
   00489    0.4880   -6060.0425  0.2971 
   00490    0.4932   -5979.7359  0.2919 
   00491    0.4796   -6018.5514  0.2829 
   00492    0.4900   -6030.8423  0.2764 
   00493    0.4940   -5930.6712  0.2752 
   00494    0.4804   -5957.5791  0.2813 
   00495    0.4912   -5899.5766  0.2781 
   00496    0.4884   -5911.9726  0.2771 
   00497    0.4868   -6006.0225  0.2929 
   00498    0.4824   -5940.6158  0.2938 
   00499    0.5088   -5911.7405  0.3008 
   00500    0.4960   -5987.3032  0.3054 
   00501    0.4792   -6009.0870  0.3103 
   00502    0.5036   -6002.9650  0.3111 
   00503    0.4984   -6036.2507  0.3125 
   00504    0.4944   -5968.9923  0.3174 
   00505    0.4956   -5989.2961  0.3122 
   00506    0.4896   -6001.5076  0.3133 
   00507    0.5028   -6005.8712  0.3244 
   00508    0.4984   -5983.7135  0.3141 
   00509    0.4888   -6103.7272  0.3139 
   00510    0.5000   -5994.9342  0.3142 
   00511    0.4816   -6033.0333  0.3152 
   00512    0.4828   -5966.4252  0.3056 
   00513    0.4980   -5944.3288  0.2992 
   00514    0.4864   -6026.7135  0.3053 
   00515    0.4940   -6010.7638  0.3245 
   00516    0.4764   -5983.3745  0.3290 
   00517    0.4936   -6076.1561  0.3220 
   00518    0.4748   -6180.0473  0.3158 
   00519    0.4564   -6162.3818  0.3103 
   00520    0.4880   -6077.8743  0.3191 
   00521    0.4724   -6090.8975  0.3211 
   00522    0.4776   -6156.4463  0.3157 
   00523    0.4624   -6140.8186  0.3241 
   00524    0.4956   -6019.4762  0.3231 
   00525    0.4868   -6082.1308  0.3317 
   00526    0.4728   -6012.1950  0.3430 
   00527    0.4848   -6027.2952  0.3447 
   00528    0.5008   -5976.4147  0.3507 
   00529    0.4892   -5929.4978  0.3595 
   00530    0.4996   -5840.7768  0.3494 
   00531    0.4792   -5908.8540  0.3687 
   00532    0.5216   -5993.3838  0.3679 
   00533    0.4700   -6051.9971  0.3671 
   00534    0.4636   -6061.9454  0.3650 
   00535    0.4808   -6228.3966  0.3637 
   00536    0.4732   -6136.3390  0.3556 
   00537    0.4868   -5964.3731  0.3525 
   00538    0.4744   -6074.0628  0.3515 
   00539    0.4812   -6061.4184  0.3505 
   00540    0.4616   -6084.1347  0.3597 
   00541    0.4760   -6131.3902  0.3705 
   00542    0.4776   -6091.6156  0.3702 
   00543    0.4756   -6064.6864  0.3765 
   00544    0.4732   -6030.8373  0.3801 
   00545    0.4752   -6100.9425  0.3676 
   00546    0.4684   -6122.3955  0.3789 
   00547    0.4936   -6044.4396  0.3845 
   00548    0.4816   -6092.9236  0.3754 
   00549    0.4668   -6094.3465  0.3688 
   00550    0.4764   -6070.6608  0.3660 
   00551    0.4712   -6004.3002  0.3668 
   00552    0.5004   -5942.7604  0.3726 
   00553    0.4968   -5933.1594  0.3718 
   00554    0.4884   -5855.7286  0.3724 
   00555    0.4944   -5799.2735  0.3684 
   00556    0.4848   -5823.0702  0.3536 
   00557    0.4904   -5911.9484  0.3625 
   00558    0.5136   -5815.0014  0.3693 
   00559    0.5060   -5824.6104  0.3663 
   00560    0.5080   -5849.1058  0.3505 
   00561    0.4932   -5918.3435  0.3433 
   00562    0.5120   -5980.3340  0.3410 
   00563    0.4808   -5967.7081  0.3414 
   00564    0.4920   -5910.7222  0.3473 
   00565    0.4852   -5866.6803  0.3472 
   00566    0.4976   -5959.9058  0.3456 
   00567    0.4888   -5879.9076  0.3453 
   00568    0.5012   -5886.9184  0.3352 
   00569    0.4920   -5800.1852  0.3391 
   00570    0.5000   -5848.6495  0.3379 
   00571    0.4772   -5797.3943  0.3225 
   00572    0.5008   -5764.3896  0.3042 
   00573    0.5056   -5784.1129  0.3034 
   00574    0.5032   -5906.5708  0.3018 
   00575    0.5140   -5789.2184  0.3099 
   00576    0.5200   -5843.9670  0.3271 
   00577    0.4924   -5841.7125  0.3272 
   00578    0.4840   -5886.9990  0.3273 
   00579    0.5048   -5868.1310  0.3292 
   00580    0.4992   -5824.4101  0.3363 
   00581    0.4908   -5831.5106  0.3327 
   00582    0.4900   -5916.7683  0.3357 
   00583    0.4920   -5881.7188  0.3471 
   00584    0.4972   -5936.7714  0.3426 
   00585    0.4760   -5915.7038  0.3474 
   00586    0.4980   -5914.3524  0.3425 
   00587    0.4988   -5896.2936  0.3350 
   00588    0.4692   -5927.6819  0.3374 
   00589    0.4932   -6008.6486  0.3253 
   00590    0.4896   -5939.3866  0.3162 
   00591    0.5000   -5957.8667  0.3066 
   00592    0.4756   -5979.7269  0.3021 
   00593    0.4960   -5883.1607  0.3032 
   00594    0.4848   -5916.7832  0.3033 
   00595    0.4952   -5847.4083  0.3002 
   00596    0.5188   -5861.0575  0.3093 
   00597    0.4948   -5931.5920  0.2996 
   00598    0.4796   -5831.4301  0.2935 
   00599    0.4920   -6004.6335  0.3005 
   00600    0.4688   -5937.4202  0.3182 
   00601    0.4972   -5984.1763  0.3244 
   00602    0.4792   -5946.0691  0.3242 
   00603    0.4772   -6045.5160  0.3238 
   00604    0.4768   -6027.4497  0.3301 
   00605    0.4868   -5954.8809  0.3319 
   00606    0.5008   -6080.5578  0.3397 
   00607    0.4896   -6040.7287  0.3391 
   00608    0.4968   -6091.2779  0.3454 
   00609    0.4844   -6097.5556  0.3517 
   00610    0.4940   -6030.7622  0.3443 
   00611    0.4708   -6030.1363  0.3541 
   00612    0.4984   -5941.5284  0.3519 
   00613    0.4948   -5883.1015  0.3385 
   00614    0.4588   -5879.2046  0.3358 
   00615    0.4956   -5862.8995  0.3269 
   00616    0.4884   -5857.5806  0.3166 
   00617    0.4796   -5795.7717  0.3241 
   00618    0.5116   -5753.3431  0.3050 
   00619    0.4828   -5848.0620  0.3046 
   00620    0.4972   -5815.2654  0.3112 
   00621    0.5120   -5835.3003  0.3232 
   00622    0.4960   -5831.0662  0.3286 
   00623    0.4868   -5919.2599  0.3274 
   00624    0.5032   -5861.2397  0.3197 
   00625    0.4968   -5908.7235  0.3277 
   00626    0.4904   -5901.0814  0.3213 
   00627    0.5012   -5874.3557  0.3205 
   00628    0.4888   -5858.8877  0.3175 
   00629    0.5132   -5782.1887  0.3068 
   00630    0.4872   -5714.0483  0.2902 
   00631    0.5256   -5754.5999  0.2888 
   00632    0.4960   -5716.2009  0.3021 
   00633    0.5128   -5744.3951  0.3039 
   00634    0.5048   -5713.1320  0.2966 
   00635    0.4936   -5835.0847  0.2990 
   00636    0.5028   -5834.5688  0.2988 
   00637    0.4840   -5849.2247  0.2958 
   00638    0.5124   -5867.1260  0.2838 
   00639    0.5116   -5926.4654  0.2896 
   00640    0.4984   -5929.6390  0.2800 
   00641    0.4748   -5902.1873  0.2839 
   00642    0.4892   -5892.5423  0.2841 
   00643    0.5124   -5870.3083  0.2927 
   00644    0.5056   -5802.2307  0.2951 
   00645    0.4968   -5870.3148  0.2826 
   00646    0.4964   -5851.9222  0.2798 
   00647    0.4936   -5873.6967  0.2717 
   00648    0.4972   -5970.1778  0.2858 
   00649    0.4932   -6015.3384  0.2930 
   00650    0.4932   -5943.7790  0.2921 
   00651    0.4952   -5929.3308  0.2798 
   00652    0.4844   -6033.1296  0.2918 
   00653    0.4920   -5990.5403  0.2963 
   00654    0.4880   -6033.4121  0.3013 
   00655    0.4784   -6044.8001  0.3002 
   00656    0.4816   -5975.5622  0.2899 
   00657    0.4836   -5988.9289  0.2948 
   00658    0.5036   -5958.5686  0.2956 
   00659    0.4664   -5852.6864  0.3044 
   00660    0.4860   -5904.5994  0.3026 
   00661    0.4840   -5878.7594  0.3022 
   00662    0.4932   -5978.2596  0.3086 
   00663    0.4792   -5955.0905  0.3105 
   00664    0.4716   -5918.8831  0.3131 
   00665    0.4876   -5858.0591  0.2919 
   00666    0.5132   -5807.3209  0.2832 
   00667    0.5104   -5870.9438  0.2886 
   00668    0.4732   -5896.3181  0.2991 
   00669    0.4944   -5821.7346  0.2813 
   00670    0.4852   -5916.2526  0.2791 
   00671    0.4928   -5881.9759  0.2775 
   00672    0.4772   -5767.9844  0.2966 
   00673    0.4888   -5779.8111  0.2984 
   00674    0.5048   -5828.5483  0.2982 
   00675    0.5132   -5893.0539  0.3011 
   00676    0.4860   -5804.6948  0.3035 
   00677    0.4804   -5727.6684  0.2961 
   00678    0.4948   -5846.7632  0.2924 
   00679    0.4920   -5859.5078  0.2947 
   00680    0.4780   -5897.3073  0.3208 
   00681    0.5072   -5984.8689  0.3223 
   00682    0.4956   -6000.9665  0.3261 
   00683    0.4936   -5971.8304  0.3245 
   00684    0.4796   -6040.0172  0.3137 
   00685    0.4860   -5945.9307  0.3062 
   00686    0.4780   -5997.3264  0.3019 
   00687    0.4816   -6047.0135  0.3061 
   00688    0.4840   -6117.1524  0.2889 
   00689    0.4748   -6154.9459  0.2981 
   00690    0.4796   -6033.2228  0.2980 
   00691    0.4840   -6039.7592  0.2927 
   00692    0.4992   -5983.0109  0.2865 
   00693    0.4884   -5910.2172  0.2841 
   00694    0.4892   -5817.4304  0.2796 
   00695    0.5272   -5872.4500  0.2663 
   00696    0.4752   -5858.2808  0.2712 
   00697    0.4864   -5813.8689  0.2794 
   00698    0.4972   -5740.8300  0.2766 
   00699    0.5024   -5744.6994  0.2808 
   00700    0.5012   -5704.0206  0.2690 
   00701    0.5016   -5754.1611  0.2771 
   00702    0.5228   -5742.3623  0.2812 
   00703    0.5048   -5767.5142  0.2851 
   00704    0.5156   -5785.9402  0.2859 
   00705    0.4924   -5906.5174  0.2825 
   00706    0.4788   -5944.6460  0.2878 
   00707    0.4828   -5982.6985  0.2990 
   00708    0.4828   -5915.6042  0.3074 
   00709    0.4888   -5925.9379  0.3005 
   00710    0.4868   -5883.1611  0.2846 
   00711    0.4828   -5972.2712  0.2908 
   00712    0.4996   -5934.8367  0.2942 
   00713    0.4964   -5991.4456  0.2905 
   00714    0.4936   -5921.7304  0.2951 
   00715    0.5020   -5857.2526  0.2853 
   00716    0.4788   -5940.7641  0.2841 
   00717    0.4932   -5917.1278  0.2957 
   00718    0.5024   -5829.9845  0.2992 
   00719    0.4972   -5900.9587  0.3097 
   00720    0.4852   -5884.4173  0.3083 
   00721    0.4896   -5895.6755  0.3075 
   00722    0.5008   -5823.2010  0.3157 
   00723    0.5024   -5908.8118  0.3132 
   00724    0.4848   -5958.5820  0.3102 
   00725    0.4856   -5861.7534  0.3179 
   00726    0.4856   -5853.0052  0.3274 
   00727    0.5064   -5770.5967  0.3313 
   00728    0.4924   -5667.9049  0.3247 
   00729    0.5120   -5670.0240  0.3346 
   00730    0.5224   -5649.1085  0.3373 
   00731    0.5212   -5760.5529  0.3367 
   00732    0.5008   -5704.0598  0.3406 
   00733    0.4928   -5671.7927  0.3556 
   00734    0.4984   -5774.8319  0.3590 
   00735    0.5096   -5811.7003  0.3601 
   00736    0.5068   -5790.9358  0.3539 
   00737    0.5004   -5813.3200  0.3558 
   00738    0.5184   -5838.6658  0.3574 
   00739    0.4844   -5862.0636  0.3542 
   00740    0.4752   -5932.9746  0.3633 
   00741    0.4900   -5928.5453  0.3646 
   00742    0.4948   -6022.5364  0.3635 
   00743    0.4840   -5999.0938  0.3716 
   00744    0.4744   -5975.0049  0.3629 
   00745    0.4948   -5897.7375  0.3663 
   00746    0.5116   -5825.5410  0.3650 
   00747    0.4952   -5785.9993  0.3533 
   00748    0.5116   -5790.4719  0.3428 
   00749    0.4892   -5707.7231  0.3427 
   00750    0.5036   -5680.2420  0.3428 
   00751    0.4952   -5670.8456  0.3482 
   00752    0.5184   -5740.5654  0.3561 
   00753    0.5024   -5692.2308  0.3631 
   00754    0.5208   -5737.8682  0.3633 
   00755    0.4960   -5693.1069  0.3606 
   00756    0.5012   -5702.7619  0.3583 
   00757    0.5128   -5741.0462  0.3568 
   00758    0.5128   -5796.2436  0.3509 
   00759    0.4980   -5755.9566  0.3596 
   00760    0.5112   -5740.1069  0.3660 
   00761    0.5080   -5737.0558  0.3643 
   00762    0.4996   -5755.6794  0.3563 
   00763    0.5044   -5734.0351  0.3560 
   00764    0.4980   -5710.6574  0.3612 
   00765    0.5148   -5646.8891  0.3480 
   00766    0.5020   -5713.3123  0.3423 
   00767    0.5052   -5744.6912  0.3461 
   00768    0.4924   -5720.6499  0.3386 
   00769    0.5060   -5800.2359  0.3428 
   00770    0.5200   -5870.0470  0.3434 
   00771    0.4968   -5839.0783  0.3272 
   00772    0.5012   -5820.2759  0.3225 
   00773    0.4960   -5837.4753  0.3170 
   00774    0.4968   -5808.2782  0.3078 
   00775    0.5236   -5791.7908  0.3034 
   00776    0.4868   -5780.1901  0.3144 
   00777    0.5092   -5687.0593  0.2963 
   00778    0.4884   -5785.3340  0.2802 
   00779    0.4872   -5870.9237  0.2892 
   00780    0.4876   -5905.8359  0.2889 
   00781    0.4980   -5908.2131  0.2943 
   00782    0.4824   -6055.7023  0.3018 
   00783    0.4844   -6073.5978  0.3089 
   00784    0.4704   -6096.8485  0.3044 
   00785    0.4760   -6103.6734  0.2880 
   00786    0.4748   -6099.2867  0.2949 
   00787    0.4780   -6234.6494  0.2982 
   00788    0.4808   -6123.8385  0.3036 
   00789    0.4808   -6141.0033  0.2935 
   00790    0.4576   -6207.4917  0.2852 
   00791    0.4712   -6057.6938  0.2789 
   00792    0.4896   -6071.8886  0.2727 
   00793    0.4944   -6004.6869  0.2654 
   00794    0.5024   -5990.1887  0.2683 
   00795    0.4868   -5928.5701  0.2730 
   00796    0.4944   -6041.8762  0.2806 
   00797    0.4756   -6040.1017  0.2819 
   00798    0.4968   -5936.2098  0.2868 
   00799    0.4860   -5977.1806  0.2961 
   00800    0.4924   -5968.8766  0.2880 
   00801    0.4980   -5887.7820  0.2868 
   00802    0.4884   -5859.2228  0.2979 
   00803    0.4952   -5933.1120  0.2939 
   00804    0.5128   -5846.4247  0.3023 
   00805    0.4888   -5879.9563  0.3052 
   00806    0.5020   -5828.5292  0.3165 
   00807    0.4736   -5909.1177  0.3368 
   00808    0.4964   -5884.9588  0.3187 
   00809    0.5004   -5894.9297  0.3246 
   00810    0.5072   -5910.5873  0.3237 
   00811    0.4908   -5977.1912  0.3153 
   00812    0.4800   -5922.8177  0.3120 
   00813    0.4912   -5887.7781  0.3076 
   00814    0.4996   -5910.5506  0.3136 
   00815    0.5000   -5929.5241  0.3154 
   00816    0.4948   -5869.1017  0.3201 
   00817    0.5020   -5864.8766  0.3223 
   00818    0.5068   -5866.4034  0.3057 
   00819    0.4908   -5812.1900  0.2984 
   00820    0.5220   -5835.2094  0.3113 
   00821    0.5108   -5846.6757  0.3089 
   00822    0.5100   -5858.5547  0.3164 
   00823    0.4772   -5836.6467  0.3033 
   00824    0.4912   -5841.4182  0.2937 
   00825    0.5040   -5832.6345  0.2837 
   00826    0.5032   -5856.7284  0.2896 
   00827    0.4816   -5770.1021  0.2889 
   00828    0.4960   -5937.7362  0.3002 
   00829    0.5092   -5943.0231  0.3171 
   00830    0.4864   -5911.4540  0.3165 
   00831    0.4992   -5922.2142  0.3070 
   00832    0.4932   -5801.4555  0.3160 
   00833    0.5152   -5874.4061  0.3098 
   00834    0.4832   -5985.0994  0.3119 
   00835    0.4924   -5946.1554  0.3099 
   00836    0.4892   -5957.6986  0.3172 
   00837    0.4864   -5926.1096  0.3249 
   00838    0.5036   -5929.5811  0.3169 
   00839    0.4788   -5879.1724  0.3160 
   00840    0.5132   -5860.1309  0.3002 
   00841    0.4836   -5955.3617  0.2909 
   00842    0.4852   -6019.2686  0.2966 
   00843    0.4764   -5961.4501  0.2950 
   00844    0.5032   -5909.1699  0.2915 
   00845    0.4976   -5898.7883  0.2949 
   00846    0.5040   -5993.5889  0.2916 
   00847    0.4856   -5949.1733  0.2968 
   00848    0.4720   -5977.0814  0.2962 
   00849    0.4920   -5915.8419  0.2908 
   00850    0.4968   -5986.9502  0.2911 
   00851    0.4812   -5923.1554  0.2973 
   00852    0.4876   -5929.9962  0.2941 
   00853    0.4800   -5912.6792  0.2912 
   00854    0.4752   -5902.7625  0.2962 
   00855    0.5048   -5775.3270  0.3033 
   00856    0.5008   -5774.0995  0.3012 
   00857    0.5152   -5833.8866  0.3018 
   00858    0.4876   -5769.6372  0.2979 
   00859    0.5268   -5785.8030  0.2891 
   00860    0.4836   -5840.6171  0.2852 
   00861    0.5128   -5793.1693  0.2844 
   00862    0.5028   -5759.6965  0.2814 
   00863    0.5084   -5699.1238  0.2950 
   00864    0.5000   -5805.9570  0.3089 
   00865    0.5032   -5706.1642  0.3020 
   00866    0.5140   -5736.2246  0.3019 
   00867    0.4880   -5860.8107  0.3094 
   00868    0.4740   -5941.3410  0.3152 
   00869    0.5088   -5879.1999  0.3219 
   00870    0.5144   -5873.6214  0.3336 
   00871    0.4772   -5856.7743  0.3266 
   00872    0.4812   -6046.0231  0.3192 
   00873    0.4880   -6025.8441  0.3115 
   00874    0.4976   -5941.1069  0.3077 
   00875    0.4712   -5910.9306  0.3096 
   00876    0.4828   -5794.1391  0.3145 
   00877    0.4856   -5912.4676  0.3220 
   00878    0.4876   -5889.6018  0.3200 
   00879    0.4948   -5905.5338  0.3317 
   00880    0.4916   -5887.7764  0.3339 
   00881    0.4900   -5876.3978  0.3331 
   00882    0.5064   -5804.0610  0.3268 
   00883    0.4944   -5872.5627  0.3223 
   00884    0.4888   -5865.9159  0.3185 
   00885    0.4976   -5955.4144  0.3101 
   00886    0.4884   -5935.4101  0.3077 
   00887    0.5068   -5963.5800  0.3096 
   00888    0.5064   -5832.1968  0.3107 
   00889    0.4908   -5871.7058  0.3298 
   00890    0.5036   -5999.1308  0.3262 
   00891    0.4960   -6088.4664  0.3333 
   00892    0.4784   -6105.1869  0.3315 
   00893    0.4716   -6136.1020  0.3334 
   00894    0.4812   -6126.2383  0.3313 
   00895    0.4760   -6136.3496  0.3299 
   00896    0.4856   -6140.1803  0.3335 
   00897    0.4812   -6052.9462  0.3196 
   00898    0.4856   -6019.3285  0.3117 
   00899    0.4896   -5965.8154  0.3212 
   00900    0.4828   -5920.2686  0.3174 
   00901    0.4856   -6029.0817  0.3012 
   00902    0.4760   -5944.5299  0.3067 
   00903    0.5040   -5914.8642  0.2967 
   00904    0.4768   -5924.4194  0.3154 
   00905    0.4916   -5844.3148  0.3231 
   00906    0.5020   -5784.3739  0.3181 
   00907    0.5092   -5737.7317  0.3247 
   00908    0.5008   -5846.4429  0.3286 
   00909    0.4984   -5816.2530  0.3206 
   00910    0.5124   -5722.9754  0.3288 
   00911    0.5096   -5847.9705  0.3163 
   00912    0.4848   -5857.6505  0.3133 
   00913    0.5036   -5869.3501  0.3176 
   00914    0.4896   -5885.8954  0.3233 
   00915    0.4992   -5916.8805  0.3358 
   00916    0.5024   -5849.4201  0.3159 
   00917    0.4984   -5953.2501  0.3214 
   00918    0.4944   -5955.1944  0.3318 
   00919    0.4772   -5938.1461  0.3149 
   00920    0.4616   -6031.2875  0.3141 
   00921    0.4872   -5974.4131  0.3193 
   00922    0.4872   -5988.5706  0.3170 
   00923    0.4808   -6016.2282  0.3048 
   00924    0.4788   -5979.7433  0.2939 
   00925    0.4916   -5931.0625  0.2998 
   00926    0.4832   -5910.7206  0.3219 
   00927    0.4988   -5828.8102  0.3211 
   00928    0.4904   -5856.3687  0.3103 
   00929    0.4844   -5903.1217  0.3208 
   00930    0.4908   -5847.3808  0.3189 
   00931    0.4924   -5939.0702  0.3080 
   00932    0.5020   -5944.0984  0.3105 
   00933    0.4912   -5835.1988  0.3077 
   00934    0.5008   -5796.3485  0.3067 
   00935    0.4964   -5761.3462  0.3084 
   00936    0.4936   -5811.6575  0.3053 
   00937    0.4840   -5868.5632  0.2902 
   00938    0.5040   -5867.6932  0.2811 
   00939    0.4952   -5823.5150  0.2823 
   00940    0.5004   -5840.3820  0.2712 
   00941    0.4924   -5853.5845  0.2652 
   00942    0.5064   -5753.0948  0.2678 
   00943    0.5112   -5749.7002  0.2671 
   00944    0.4984   -5775.6618  0.2572 
   00945    0.4888   -5826.7245  0.2576 
   00946    0.5124   -5861.6026  0.2661 
   00947    0.4972   -5891.8391  0.2668 
   00948    0.4904   -5866.9286  0.2685 
   00949    0.4844   -5906.9599  0.2700 
   00950    0.4952   -5857.6123  0.2752 
   00951    0.5204   -5733.3191  0.2796 
   00952    0.5136   -5794.8318  0.2703 
   00953    0.4912   -5862.2811  0.2668 
   00954    0.4816   -5839.2156  0.2868 
   00955    0.4972   -5879.9206  0.2970 
   00956    0.4952   -5920.9435  0.2910 
   00957    0.4944   -5933.3061  0.2923 
   00958    0.4792   -6014.0028  0.3009 
   00959    0.4784   -6002.1076  0.2921 
   00960    0.4780   -5974.5207  0.2852 
   00961    0.4716   -5984.2942  0.3000 
   00962    0.4900   -5893.0618  0.3027 
   00963    0.4936   -5862.8485  0.3055 
   00964    0.5096   -5816.9477  0.3080 
   00965    0.5120   -5841.4525  0.3044 
   00966    0.4896   -5821.1856  0.3036 
   00967    0.4884   -5842.9201  0.3143 
   00968    0.4840   -5939.7507  0.3060 
   00969    0.4860   -5948.8050  0.2931 
   00970    0.4856   -5969.2546  0.2978 
   00971    0.5012   -6000.7454  0.2903 
   00972    0.4944   -6069.1886  0.2928 
   00973    0.4828   -6061.0563  0.2837 
   00974    0.4836   -6118.1746  0.2812 
   00975    0.4860   -5977.9197  0.2764 
   00976    0.4764   -6016.7994  0.2721 
   00977    0.4840   -5975.5978  0.2763 
   00978    0.4784   -5927.3994  0.2668 
   00979    0.5040   -5829.7737  0.2646 
   00980    0.4788   -5851.5637  0.2640 
   00981    0.5000   -5793.2232  0.2696 
   00982    0.5116   -5764.8830  0.2884 
   00983    0.4980   -5781.1526  0.2988 
   00984    0.5000   -5830.2723  0.2880 
   00985    0.5036   -5902.1803  0.2799 
   00986    0.4976   -5864.0053  0.2838 
   00987    0.4808   -5894.7059  0.2922 
   00988    0.4960   -5916.9984  0.2810 
   00989    0.4848   -5982.4845  0.2958 
   00990    0.5040   -5959.3368  0.2844 
   00991    0.4928   -5985.4055  0.2914 
   00992    0.4804   -5971.3328  0.2927 
   00993    0.4880   -5891.0055  0.2831 
   00994    0.4972   -5911.0954  0.2879 
   00995    0.4716   -6016.8645  0.3033 
   00996    0.4744   -5986.9709  0.3000 
   00997    0.4712   -6045.7498  0.3088 
   00998    0.4988   -6039.3001  0.2973 
   00999    0.4808   -6065.1954  0.2955 
   01000    0.4748   -6083.3567  0.2774 
