#=====================================================
# File created:        Sat-09-Mar-2024-at-12-05-04PM
# Size of lattice:     200x200
# Number of MC steps:  200
# Reduced temperature: 0.500
# Run time (s):        185.441501
#=====================================================
# MC step:  Ratio:     Energy:   Order:
#=====================================================
   00000    0.5000  -39883.3058  0.2519 
   00001    0.6824  -59640.7596  0.2580 
   00002    0.6215  -72012.6420  0.2624 
   00003    0.5847  -81221.9967  0.2629 
   00004    0.5585  -87970.4731  0.2631 
   00005    0.5391  -93522.9043  0.2642 
   00006    0.5241  -98107.1881  0.2650 
   00007    0.5076 -101735.8840  0.2666 
   00008    0.4987 -104689.5343  0.2673 
   00009    0.4948 -107592.6959  0.2691 
   00010    0.4848 -109711.4714  0.2709 
   00011    0.4782 -111686.1881  0.2707 
   00012    0.4715 -113410.9657  0.2726 
   00013    0.4699 -114721.8087  0.2733 
   00014    0.4659 -115863.6736  0.2737 
   00015    0.4625 -117079.8658  0.2760 
   00016    0.4587 -118115.1621  0.2780 
   00017    0.4527 -119235.2923  0.2784 
   00018    0.4547 -120168.7468  0.2807 
   00019    0.4521 -120985.9150  0.2818 
   00020    0.4446 -121435.7699  0.2827 
   00021    0.4452 -122027.4132  0.2843 
   00022    0.4466 -122701.1539  0.2865 
   00023    0.4428 -123125.0570  0.2860 
   00024    0.4474 -123616.2929  0.2839 
   00025    0.4390 -124220.7269  0.2844 
   00026    0.4380 -124537.8311  0.2857 
   00027    0.4389 -124877.0246  0.2851 
   00028    0.4366 -125346.8023  0.2838 
   00029    0.4391 -125802.4249  0.2851 
   00030    0.4363 -126146.4866  0.2847 
   00031    0.4345 -126553.2727  0.2846 
   00032    0.4336 -126636.9854  0.2861 
   00033    0.4330 -127009.4987  0.2857 
   00034    0.4335 -127322.2674  0.2872 
   00035    0.4326 -127640.5748  0.2879 
   00036    0.4327 -127683.3850  0.2888 
   00037    0.4343 -127802.2158  0.2893 
   00038    0.4302 -128255.6940  0.2884 
   00039    0.4316 -128242.4950  0.2901 
   00040    0.4306 -128522.4770  0.2892 
   00041    0.4337 -128573.2807  0.2887 
   00042    0.4254 -128627.5613  0.2857 
   00043    0.4329 -128783.7515  0.2848 
   00044    0.4265 -129024.6079  0.2864 
   00045    0.4222 -128990.0703  0.2867 
   00046    0.4285 -129209.4527  0.2863 
   00047    0.4275 -129343.4283  0.2869 
   00048    0.4286 -129312.6706  0.2843 
   00049    0.4279 -129507.3143  0.2821 
   00050    0.4264 -129776.8762  0.2819 
   00051    0.4244 -129919.4249  0.2807 
   00052    0.4316 -129947.7805  0.2806 
   00053    0.4239 -130109.3290  0.2795 
   00054    0.4230 -130367.2068  0.2796 
   00055    0.4274 -130452.5864  0.2812 
   00056    0.4258 -130568.5602  0.2815 
   00057    0.4269 -130612.1331  0.2817 
   00058    0.4239 -130674.6534  0.2832 
   00059    0.4208 -130802.0739  0.2841 
   00060    0.4264 -130861.9988  0.2848 
   00061    0.4267 -130843.9444  0.2848 
   00062    0.4193 -130906.7848  0.2866 
   00063    0.4235 -130579.5418  0.2858 
   00064    0.4241 -131029.1566  0.2856 
   00065    0.4208 -131005.0073  0.2858 
   00066    0.4233 -131198.5214  0.2891 
   00067    0.4207 -131189.1634  0.2887 
   00068    0.4232 -131194.6272  0.2887 
   00069    0.4195 -131350.6853  0.2890 
   00070    0.4190 -131457.7535  0.2896 
   00071    0.4179 -131413.8023  0.2901 
   00072    0.4232 -131675.9160  0.2915 
   00073    0.4206 -131647.6045  0.2923 
   00074    0.4227 -131856.8649  0.2907 
   00075    0.4205 -131737.1830  0.2902 
   00076    0.4194 -131586.6875  0.2898 
   00077    0.4234 -131518.4478  0.2888 
   00078    0.4197 -131586.3106  0.2877 
   00079    0.4175 -131599.7372  0.2880 
   00080    0.4214 -131673.6251  0.2869 
   00081    0.4222 -132064.5448  0.2885 
   00082    0.4254 -132275.5344  0.2899 
   00083    0.4187 -132474.3536  0.2899 
   00084    0.4223 -132396.6300  0.2907 
   00085    0.4209 -132493.3095  0.2913 
   00086    0.4200 -132433.4734  0.2930 
   00087    0.4225 -132469.9906  0.2946 
   00088    0.4179 -132504.2746  0.2933 
   00089    0.4180 -132580.1597  0.2929 
   00090    0.4221 -132465.0499  0.2935 
   00091    0.4168 -132554.8654  0.2942 
   00092    0.4207 -132743.8476  0.2939 
   00093    0.4193 -132823.6789  0.2942 
   00094    0.4234 -132793.9032  0.2939 
   00095    0.4184 -133052.1654  0.2930 
   00096    0.4236 -132975.7183  0.2930 
   00097    0.4197 -133068.5306  0.2934 
   00098    0.4186 -133148.7917  0.2951 
   00099    0.4231 -133256.0542  0.2954 
   00100    0.4209 -133176.3984  0.2955 
   00101    0.4179 -133221.4129  0.2945 
   00102    0.4154 -133090.4997  0.2951 
   00103    0.4211 -133095.0457  0.2927 
   00104    0.4160 -133231.0765  0.2927 
   00105    0.4176 -133145.1600  0.2924 
   00106    0.4182 -133212.5795  0.2933 
   00107    0.4199 -133241.3859  0.2949 
   00108    0.4192 -133307.3213  0.2949 
   00109    0.4171 -133299.3968  0.2949 
   00110    0.4206 -133259.3704  0.2938 
   00111    0.4197 -133309.1575  0.2939 
   00112    0.4210 -133399.1331  0.2934 
   00113    0.4164 -133425.5548  0.2955 
   00114    0.4184 -133517.7992  0.2953 
   00115    0.4198 -133715.0405  0.2953 
   00116    0.4198 -133591.2683  0.2933 
   00117    0.4181 -133520.4961  0.2937 
   00118    0.4146 -133477.0073  0.2925 
   00119    0.4165 -133431.5101  0.2926 
   00120    0.4144 -133493.9781  0.2926 
   00121    0.4159 -133568.4073  0.2927 
   00122    0.4218 -133426.4096  0.2925 
   00123    0.4208 -133447.2328  0.2924 
   00124    0.4202 -133470.9672  0.2928 
   00125    0.4173 -133455.4747  0.2926 
   00126    0.4172 -133545.5919  0.2913 
   00127    0.4182 -133751.2886  0.2905 
   00128    0.4188 -133790.8156  0.2900 
   00129    0.4183 -133664.7009  0.2900 
   00130    0.4194 -133709.4465  0.2897 
   00131    0.4149 -133811.1585  0.2888 
   00132    0.4179 -133973.9602  0.2882 
   00133    0.4168 -133796.9223  0.2877 
   00134    0.4225 -133979.6401  0.2875 
   00135    0.4197 -134038.2090  0.2867 
   00136    0.4135 -134265.2184  0.2861 
   00137    0.4193 -134348.8406  0.2854 
   00138    0.4139 -134309.4179  0.2872 
   00139    0.4131 -134125.9972  0.2854 
   00140    0.4175 -134164.7791  0.2864 
   00141    0.4147 -133930.4400  0.2885 
   00142    0.4163 -133935.1588  0.2899 
   00143    0.4198 -134046.3671  0.2917 
   00144    0.4147 -134075.3669  0.2918 
   00145    0.4167 -134034.1021  0.2921 
   00146    0.4169 -134103.0061  0.2930 
   00147    0.4107 -134070.6099  0.2915 
   00148    0.4176 -134321.0343  0.2921 
   00149    0.4113 -134378.4155  0.2918 
   00150    0.4124 -134404.5219  0.2923 
   00151    0.4155 -134353.8145  0.2925 
   00152    0.4155 -134455.9933  0.2909 
   00153    0.4130 -134394.5702  0.2912 
   00154    0.4158 -134433.8297  0.2912 
   00155    0.4175 -134336.8319  0.2915 
   00156    0.4153 -134352.3115  0.2910 
   00157    0.4167 -134289.4653  0.2913 
   00158    0.4185 -134414.0037  0.2904 
   00159    0.4207 -134368.2245  0.2892 
   00160    0.4143 -134418.9003  0.2892 
   00161    0.4114 -134264.3054  0.2895 
   00162    0.4194 -134139.7314  0.2898 
   00163    0.4157 -134383.5678  0.2890 
   00164    0.4176 -134229.9692  0.2888 
   00165    0.4169 -134435.4520  0.2881 
   00166    0.4142 -134473.7409  0.2899 
   00167    0.4166 -134499.4108  0.2896 
   00168    0.4178 -134416.8829  0.2881 
   00169    0.4202 -134423.8736  0.2879 
   00170    0.4133 -134338.6483  0.2890 
   00171    0.4179 -134151.8865  0.2895 
   00172    0.4173 -134270.8681  0.2879 
   00173    0.4177 -134439.5271  0.2874 
   00174    0.4153 -134561.0365  0.2883 
   00175    0.4138 -134652.4764  0.2870 
   00176    0.4118 -134695.5493  0.2884 
   00177    0.4197 -134635.4157  0.2894 
   00178    0.4184 -134694.2995  0.2897 
   00179    0.4144 -134679.5951  0.2876 
   00180    0.4191 -134577.1545  0.2887 
   00181    0.4123 -134511.6691  0.2876 
   00182    0.4147 -134655.6731  0.2852 
   00183    0.4140 -134699.9046  0.2831 
   00184    0.4168 -134749.3584  0.2837 
   00185    0.4127 -134575.7268  0.2828 
   00186    0.4146 -134526.2093  0.2840 
   00187    0.4198 -134553.9582  0.2853 
   00188    0.4161 -134566.2178  0.2837 
   00189    0.4151 -134697.9754  0.2824 
   00190    0.4153 -134701.0929  0.2839 
   00191    0.4157 -134733.1408  0.2839 
   00192    0.4148 -134743.2460  0.2827 
   00193    0.4164 -134694.0942  0.2813 
   00194    0.4129 -134652.2460  0.2826 
   00195    0.4133 -134634.3541  0.2830 
   00196    0.4189 -134612.8442  0.2832 
   00197    0.4158 -134839.6364  0.2838 
   00198    0.4143 -134735.4272  0.2852 
   00199    0.4161 -134722.5584  0.2851 
   00200    0.4106 -134830.3903  0.2850 
