#=====================================================
# File created:        Tue-12-Mar-2024-at-04-09-56PM
# Size of lattice:     400x400
# Number of MC steps:  50
# Reduced temperature: 1.000
# Run time (s):        34.727080
#=====================================================
# MC step:  Ratio:     Energy:   Order:
#=====================================================
   00000    0.5000 -160287.7177  0.2522 
   00001    0.6943 -242201.7510  0.2505 
   00002    0.6256 -280747.4388  0.2523 
   00003    0.5908 -304162.5928  0.2528 
   00004    0.5683 -319289.4333  0.2531 
   00005    0.5537 -330098.4927  0.2524 
   00006    0.5421 -338203.7042  0.2525 
   00007    0.5315 -344526.7155  0.2508 
   00008    0.5259 -348933.4880  0.2508 
   00009    0.5219 -353188.1018  0.2510 
   00010    0.5168 -356421.8881  0.2518 
   00011    0.5141 -358890.8011  0.2512 
   00012    0.5139 -360815.9929  0.2515 
   00013    0.5089 -363777.8384  0.2504 
   00014    0.5086 -365704.0032  0.2514 
   00015    0.5052 -367140.7283  0.2519 
   00016    0.5024 -367917.6226  0.2532 
   00017    0.5057 -368445.8284  0.2548 
   00018    0.5032 -369348.2825  0.2554 
   00019    0.5027 -371034.1661  0.2568 
   00020    0.5000 -372237.4747  0.2561 
   00021    0.5004 -372686.9450  0.2568 
   00022    0.4993 -372840.1215  0.2579 
   00023    0.4982 -372969.1438  0.2592 
   00024    0.4990 -372885.9533  0.2595 
   00025    0.4961 -374380.1457  0.2593 
   00026    0.4966 -374116.0374  0.2584 
   00027    0.4974 -374318.6368  0.2590 
   00028    0.4959 -374805.0362  0.2594 
   00029    0.4975 -375153.1532  0.2606 
   00030    0.4961 -375981.2978  0.2606 
   00031    0.4954 -376008.3413  0.2605 
   00032    0.4951 -376102.7760  0.2607 
   00033    0.4953 -376305.9295  0.2608 
   00034    0.4950 -377208.2322  0.2605 
   00035    0.4941 -376438.7920  0.2581 
   00036    0.4965 -376629.9886  0.2575 
   00037    0.4945 -376513.2082  0.2568 
   00038    0.4940 -376325.6767  0.2587 
   00039    0.4932 -376431.3152  0.2590 
   00040    0.4973 -376235.6925  0.2570 
   00041    0.4947 -376135.0749  0.2580 
   00042    0.4929 -376633.6566  0.2592 
   00043    0.4921 -377456.8555  0.2573 
   00044    0.4932 -377059.6777  0.2569 
   00045    0.4943 -377218.8372  0.2564 
   00046    0.4957 -377219.8481  0.2556 
   00047    0.4937 -377466.2758  0.2561 
   00048    0.4937 -376726.3466  0.2562 
   00049    0.4949 -376557.5896  0.2560 
   00050    0.4929 -376803.9496  0.2560 
