#=====================================================
# File created:        Tue-12-Mar-2024-at-04-21-58PM
# Size of lattice:     250x250
# Number of MC steps:  50
# Reduced temperature: 1.000
# Run time (s):        73.679829
#=====================================================
# MC step:  Ratio:     Energy:   Order:
#=====================================================
   00000    0.5000  -62752.3200  0.7538 
   00001    0.6969  -94966.4263  0.7558 
   00002    0.6249 -110709.2843  0.7548 
   00003    0.5828 -119612.3145  0.7551 
   00004    0.5661 -125544.3759  0.7520 
   00005    0.5498 -129734.2691  0.7525 
   00006    0.5390 -132862.2689  0.7531 
   00007    0.5320 -135326.4536  0.7512 
   00008    0.5266 -136822.3796  0.7547 
   00009    0.5203 -138585.3615  0.7558 
   00010    0.5172 -140083.4290  0.7547 
   00011    0.5151 -141027.4278  0.7527 
   00012    0.5121 -141179.0871  0.7512 
   00013    0.5095 -142232.2200  0.7540 
   00014    0.5071 -142599.7476  0.7527 
   00015    0.5028 -143253.0136  0.7516 
   00016    0.5023 -143753.8354  0.7542 
   00017    0.5034 -144128.8158  0.7538 
   00018    0.4971 -145094.7529  0.7509 
   00019    0.5020 -144653.2094  0.7540 
   00020    0.5002 -144990.8069  0.7544 
   00021    0.5012 -145187.5243  0.7558 
   00022    0.5004 -145522.8173  0.7534 
   00023    0.4969 -146058.5425  0.7573 
   00024    0.4976 -146228.1691  0.7600 
   00025    0.4954 -146122.1336  0.7582 
   00026    0.5000 -146750.1471  0.7589 
   00027    0.4943 -146945.8485  0.7595 
   00028    0.4926 -147376.6292  0.7603 
   00029    0.4952 -147466.9259  0.7581 
   00030    0.4908 -147462.9923  0.7584 
   00031    0.4943 -147648.7883  0.7566 
   00032    0.4911 -147855.1371  0.7575 
   00033    0.4918 -147951.6940  0.7578 
   00034    0.4914 -148511.7546  0.7567 
   00035    0.4916 -148440.1135  0.7577 
   00036    0.4928 -147742.0749  0.7575 
   00037    0.4935 -147620.2574  0.7569 
   00038    0.4904 -147613.1477  0.7557 
   00039    0.4909 -147521.1880  0.7577 
   00040    0.4916 -147184.5230  0.7587 
   00041    0.4917 -147051.5051  0.7589 
   00042    0.4939 -146895.7903  0.7576 
   00043    0.4896 -146992.2480  0.7573 
   00044    0.4939 -147675.4543  0.7589 
   00045    0.4919 -147401.8903  0.7590 
   00046    0.4940 -147672.9840  0.7598 
   00047    0.4922 -147351.4577  0.7622 
   00048    0.4906 -146806.8551  0.7596 
   00049    0.4939 -147348.4649  0.7589 
   00050    0.4899 -147912.2316  0.7590 
