#=====================================================
# File created:        Tue-12-Mar-2024-at-04-07-59PM
# Size of lattice:     250x250
# Number of MC steps:  50
# Reduced temperature: 1.000
# Run time (s):        13.531142
#=====================================================
# MC step:  Ratio:     Energy:   Order:
#=====================================================
   00000    0.5000  -62669.5059  0.2503 
   00001    0.6905  -94250.7742  0.2515 
   00002    0.6262 -109689.7567  0.2529 
   00003    0.5893 -118930.1245  0.2535 
   00004    0.5652 -124774.7744  0.2541 
   00005    0.5468 -129056.7541  0.2529 
   00006    0.5385 -132153.5661  0.2508 
   00007    0.5332 -134334.9031  0.2509 
   00008    0.5287 -136048.9072  0.2520 
   00009    0.5221 -137395.5197  0.2552 
   00010    0.5200 -139361.1785  0.2531 
   00011    0.5135 -140223.5504  0.2535 
   00012    0.5080 -141387.5748  0.2547 
   00013    0.5126 -141598.3909  0.2543 
   00014    0.5073 -142425.5952  0.2539 
   00015    0.5096 -142803.4592  0.2533 
   00016    0.5092 -143231.7323  0.2556 
   00017    0.5052 -143809.7220  0.2580 
   00018    0.5014 -144148.4198  0.2579 
   00019    0.5010 -143970.9854  0.2599 
   00020    0.5047 -144705.8651  0.2630 
   00021    0.5018 -145351.0186  0.2619 
   00022    0.5021 -145200.4844  0.2644 
   00023    0.4989 -145330.6856  0.2631 
   00024    0.4985 -145075.7761  0.2622 
   00025    0.4974 -145518.6500  0.2603 
   00026    0.4984 -146256.1784  0.2579 
   00027    0.4987 -146054.4232  0.2590 
   00028    0.4973 -146444.2847  0.2580 
   00029    0.4979 -146001.3984  0.2547 
   00030    0.4928 -146064.7175  0.2552 
   00031    0.4989 -146021.2570  0.2550 
   00032    0.4969 -146171.3160  0.2557 
   00033    0.4969 -146400.2367  0.2556 
   00034    0.4944 -146494.2608  0.2554 
   00035    0.4964 -146174.7595  0.2566 
   00036    0.4942 -146309.4866  0.2559 
   00037    0.4958 -145941.4500  0.2564 
   00038    0.4972 -146183.3997  0.2558 
   00039    0.4965 -146003.5752  0.2585 
   00040    0.4941 -145903.2205  0.2566 
   00041    0.4984 -145525.1263  0.2543 
   00042    0.4978 -145788.3833  0.2544 
   00043    0.4962 -146395.1956  0.2553 
   00044    0.4967 -145978.6943  0.2522 
   00045    0.4937 -146759.3155  0.2534 
   00046    0.4944 -146576.0811  0.2569 
   00047    0.4977 -146440.2178  0.2567 
   00048    0.4979 -146550.5628  0.2565 
   00049    0.4973 -146514.8036  0.2564 
   00050    0.4970 -146992.2914  0.2586 
