#=====================================================
# File created:        Tue-12-Mar-2024-at-07-31-33PM
# Size of lattice:     250x250
# Number of MC steps:  50
# Reduced temperature: 1.000
# Run time (s):        113.619583
#=====================================================
# MC step:  Ratio:     Energy:   Order:
#=====================================================
   00000    0.5000  -63016.8633  0.2523 
   00001    0.6945  -94849.7500  0.2529 
   00002    0.6280 -109966.5469  0.2546 
   00003    0.5866 -118849.7188  0.2562 
   00004    0.5656 -125308.7109  0.2559 
   00005    0.5514 -129238.7578  0.2554 
   00006    0.5398 -132123.8281  0.2561 
   00007    0.5346 -134227.2344  0.2556 
   00008    0.5295 -135982.8438  0.2571 
   00009    0.5232 -137741.4844  0.2599 
   00010    0.5175 -139870.6406  0.2593 
   00011    0.5106 -140908.3906  0.2592 
   00012    0.5123 -141878.2656  0.2585 
   00013    0.5071 -142474.3750  0.2563 
   00014    0.5048 -143040.8281  0.2539 
   00015    0.5054 -143076.1875  0.2544 
   00016    0.5052 -143807.5469  0.2527 
   00017    0.5024 -144178.9688  0.2502 
   00018    0.5054 -144890.1562  0.2507 
   00019    0.5001 -145110.4688  0.2532 
   00020    0.4948 -145795.6250  0.2575 
   00021    0.4955 -145438.7656  0.2588 
   00022    0.4992 -145641.0000  0.2568 
   00023    0.4988 -145726.8281  0.2559 
   00024    0.4967 -146084.7500  0.2581 
   00025    0.4973 -146253.7031  0.2581 
   00026    0.4958 -146382.5938  0.2587 
   00027    0.4952 -146256.5625  0.2597 
   00028    0.4938 -146242.7344  0.2592 
   00029    0.4974 -146194.6250  0.2582 
   00030    0.4976 -146793.4062  0.2571 
   00031    0.4944 -147030.8906  0.2554 
   00032    0.4962 -147378.2656  0.2572 
   00033    0.4940 -147294.0938  0.2598 
   00034    0.4928 -147050.0469  0.2620 
   00035    0.4927 -147408.6875  0.2640 
   00036    0.4943 -147758.9688  0.2646 
   00037    0.4942 -147834.6250  0.2666 
   00038    0.4973 -147433.8281  0.2651 
   00039    0.4933 -147081.7344  0.2654 
   00040    0.4957 -146990.5469  0.2623 
   00041    0.4900 -146770.9375  0.2618 
   00042    0.4947 -146789.9219  0.2607 
   00043    0.4971 -147288.4688  0.2581 
   00044    0.4961 -147662.0312  0.2605 
   00045    0.4956 -147422.5938  0.2611 
   00046    0.4958 -147038.5938  0.2582 
   00047    0.4935 -147301.1719  0.2583 
   00048    0.4965 -147772.8125  0.2600 
   00049    0.4939 -148452.1719  0.2593 
   00050    0.4925 -148225.8906  0.2582 
