#=====================================================
# File created:        Tue-12-Mar-2024-at-10-54-56AM
# Size of lattice:     50x50
# Number of MC steps:  900
# Reduced temperature: 1.000
# Run time (s):        22.929090
#=====================================================
# MC step:  Ratio:     Energy:   Order:
#=====================================================
   00000    0.5000   -2479.6634  0.2563 
   00001    0.7156   -3911.5937  0.2679 
   00002    0.6080   -4385.8940  0.2702 
   00003    0.5820   -4798.2129  0.2691 
   00004    0.5760   -4978.3461  0.2677 
   00005    0.5304   -5126.5693  0.2728 
   00006    0.5560   -5189.9256  0.2750 
   00007    0.5244   -5404.3103  0.2870 
   00008    0.5380   -5611.7923  0.2839 
   00009    0.5132   -5630.1471  0.2929 
   00010    0.5048   -5641.3550  0.2969 
   00011    0.5240   -5609.3768  0.2937 
   00012    0.5052   -5621.4801  0.3019 
   00013    0.5132   -5664.8513  0.3049 
   00014    0.5260   -5585.6723  0.3133 
   00015    0.5076   -5592.4592  0.3041 
   00016    0.5084   -5612.3917  0.2977 
   00017    0.5120   -5658.6014  0.2967 
   00018    0.4928   -5671.9430  0.3024 
   00019    0.5196   -5730.0766  0.2982 
   00020    0.4956   -5783.4555  0.3014 
   00021    0.5108   -5776.1628  0.3074 
   00022    0.5048   -5708.6156  0.3100 
   00023    0.5068   -5678.2222  0.3162 
   00024    0.4968   -5704.8846  0.3147 
   00025    0.5028   -5757.7719  0.3059 
   00026    0.4896   -5795.2650  0.3108 
   00027    0.4928   -5861.4435  0.3120 
   00028    0.5032   -5845.8328  0.3018 
   00029    0.4948   -5872.5722  0.2919 
   00030    0.4988   -5846.0918  0.2674 
   00031    0.4908   -5858.7189  0.2703 
   00032    0.5088   -5720.9307  0.2679 
   00033    0.5100   -5786.4650  0.2760 
   00034    0.5128   -5819.0377  0.2776 
   00035    0.4916   -5834.3288  0.2663 
   00036    0.5104   -5864.1229  0.2704 
   00037    0.5120   -5740.8941  0.2581 
   00038    0.5120   -5741.2353  0.2577 
   00039    0.4904   -5887.0788  0.2585 
   00040    0.4932   -5977.5180  0.2804 
   00041    0.5004   -6013.4015  0.2817 
   00042    0.4720   -5990.9692  0.2828 
   00043    0.4848   -5928.2451  0.2827 
   00044    0.4840   -5948.1214  0.2777 
   00045    0.4980   -6052.0036  0.2716 
   00046    0.4804   -5985.3121  0.2832 
   00047    0.4884   -6000.1482  0.2844 
   00048    0.4928   -5989.8216  0.2905 
   00049    0.5120   -6036.6291  0.3014 
   00050    0.4712   -6044.9079  0.2996 
   00051    0.4624   -5957.7789  0.3137 
   00052    0.4936   -5957.8863  0.3204 
   00053    0.5044   -5873.6724  0.3175 
   00054    0.4920   -5834.5076  0.3107 
   00055    0.4828   -5873.1875  0.3256 
   00056    0.4928   -5831.6451  0.3142 
   00057    0.4968   -5926.8287  0.3098 
   00058    0.5028   -5901.0203  0.3172 
   00059    0.5036   -5853.7869  0.3150 
   00060    0.4992   -5791.8606  0.3059 
   00061    0.4976   -5850.3509  0.2988 
   00062    0.4888   -5848.6071  0.2979 
   00063    0.4840   -5789.8033  0.2786 
   00064    0.5116   -5770.4854  0.2859 
   00065    0.4692   -5891.7486  0.2879 
   00066    0.5000   -5948.3105  0.3040 
   00067    0.4940   -5863.4939  0.2940 
   00068    0.4952   -5830.2232  0.2770 
   00069    0.4792   -5833.5232  0.2818 
   00070    0.5088   -5815.3315  0.2721 
   00071    0.4972   -5852.2124  0.2613 
   00072    0.5136   -5859.3390  0.2607 
   00073    0.4984   -5927.9786  0.2701 
   00074    0.4828   -5928.7917  0.2624 
   00075    0.4944   -5808.4013  0.2663 
   00076    0.4916   -5819.6477  0.2719 
   00077    0.5028   -5736.2719  0.2590 
   00078    0.5348   -5760.0094  0.2577 
   00079    0.4976   -5856.6323  0.2544 
   00080    0.5044   -5862.5869  0.2545 
   00081    0.4816   -5844.2735  0.2681 
   00082    0.4916   -5975.2850  0.2585 
   00083    0.4876   -5945.6488  0.2675 
   00084    0.4700   -5930.0229  0.2619 
   00085    0.5148   -5935.1898  0.2625 
   00086    0.4840   -5945.1912  0.2563 
   00087    0.4756   -5949.2516  0.2518 
   00088    0.4928   -5989.0955  0.2609 
   00089    0.4940   -5938.5702  0.2551 
   00090    0.4800   -5821.6088  0.2591 
   00091    0.4904   -5845.0999  0.2605 
   00092    0.5128   -5824.1157  0.2611 
   00093    0.4804   -5901.1556  0.2579 
   00094    0.4804   -5932.0903  0.2552 
   00095    0.4708   -5985.0462  0.2638 
   00096    0.4856   -6020.7957  0.2566 
   00097    0.4828   -5966.5091  0.2575 
   00098    0.4824   -5960.3850  0.2650 
   00099    0.4908   -5846.5220  0.2720 
   00100    0.4912   -5874.8358  0.2693 
   00101    0.4972   -5865.8095  0.2728 
   00102    0.5068   -5849.9931  0.2733 
   00103    0.5080   -5800.4985  0.2728 
   00104    0.5048   -5779.3794  0.2682 
   00105    0.5072   -5895.6217  0.2700 
   00106    0.4876   -5897.5927  0.2791 
   00107    0.4984   -5833.7894  0.2845 
   00108    0.5216   -5807.2354  0.2852 
   00109    0.4980   -5911.6635  0.2805 
   00110    0.4924   -5992.2366  0.2856 
   00111    0.4772   -5951.0063  0.2766 
   00112    0.5008   -5889.2663  0.2833 
   00113    0.4824   -5827.8744  0.2824 
   00114    0.5084   -5825.6721  0.2818 
   00115    0.4924   -5826.5952  0.2859 
   00116    0.4624   -5919.3470  0.2740 
   00117    0.4996   -5910.5340  0.2758 
   00118    0.4640   -5921.6843  0.2716 
   00119    0.4976   -5959.6728  0.2718 
   00120    0.4832   -5892.8094  0.2745 
   00121    0.4796   -5882.0908  0.2682 
   00122    0.4952   -5807.2671  0.2554 
   00123    0.4824   -5919.1081  0.2717 
   00124    0.4932   -5964.8855  0.2648 
   00125    0.4804   -5997.4811  0.2580 
   00126    0.4924   -5954.1284  0.2621 
   00127    0.4832   -5940.5519  0.2599 
   00128    0.4976   -5961.6342  0.2567 
   00129    0.5000   -5849.7305  0.2637 
   00130    0.4804   -5892.9237  0.2567 
   00131    0.4920   -5838.1779  0.2710 
   00132    0.4772   -5876.0834  0.2649 
   00133    0.4888   -5890.1757  0.2635 
   00134    0.4840   -5942.0818  0.2682 
   00135    0.5032   -5864.7917  0.2708 
   00136    0.5008   -5917.5152  0.2594 
   00137    0.4876   -5912.5116  0.2784 
   00138    0.4968   -5930.3147  0.2740 
   00139    0.4976   -5826.7106  0.2726 
   00140    0.4960   -5808.9033  0.2675 
   00141    0.4852   -5821.3107  0.2725 
   00142    0.4904   -5796.7622  0.2723 
   00143    0.4924   -5799.4179  0.2675 
   00144    0.4876   -5824.7456  0.2534 
   00145    0.4924   -5806.0546  0.2695 
   00146    0.4856   -5864.9697  0.2822 
   00147    0.5096   -5651.4204  0.2774 
   00148    0.5012   -5673.0112  0.2872 
   00149    0.4896   -5713.5366  0.2947 
   00150    0.5136   -5679.3672  0.2830 
   00151    0.5040   -5726.5517  0.2886 
   00152    0.5044   -5753.3431  0.2752 
   00153    0.5216   -5736.8787  0.2848 
   00154    0.4928   -5759.6079  0.2850 
   00155    0.5052   -5764.9006  0.2811 
   00156    0.5144   -5744.5241  0.2747 
   00157    0.5140   -5710.9140  0.2774 
   00158    0.5148   -5690.9630  0.2790 
   00159    0.5104   -5709.1005  0.2823 
   00160    0.5128   -5648.4780  0.2825 
   00161    0.5044   -5605.0595  0.2856 
   00162    0.5004   -5622.1630  0.2895 
   00163    0.5132   -5560.5142  0.2819 
   00164    0.5312   -5618.0827  0.2892 
   00165    0.5032   -5679.8573  0.2925 
   00166    0.5196   -5665.2432  0.2901 
   00167    0.5172   -5707.3945  0.2859 
   00168    0.4944   -5723.7630  0.2997 
   00169    0.5104   -5692.6592  0.2873 
   00170    0.5312   -5726.8379  0.2820 
   00171    0.4984   -5780.0333  0.2730 
   00172    0.4860   -5842.2217  0.2727 
   00173    0.4844   -5866.2267  0.2776 
   00174    0.4856   -5799.8350  0.2720 
   00175    0.5048   -5823.0480  0.2795 
   00176    0.5132   -5856.1253  0.2877 
   00177    0.4956   -5817.2135  0.2901 
   00178    0.4960   -5790.3061  0.2683 
   00179    0.4816   -5776.8244  0.2625 
   00180    0.4900   -5854.7060  0.2576 
   00181    0.4900   -5916.0344  0.2608 
   00182    0.4828   -5927.6837  0.2683 
   00183    0.4820   -5911.5239  0.2719 
   00184    0.4968   -5918.2687  0.2794 
   00185    0.4832   -5914.4881  0.2957 
   00186    0.4984   -5834.9592  0.3020 
   00187    0.4884   -5828.8654  0.2956 
   00188    0.4988   -5806.8899  0.2888 
   00189    0.4848   -5801.3281  0.3003 
   00190    0.5004   -5742.0046  0.3079 
   00191    0.5280   -5784.2058  0.3116 
   00192    0.5008   -5763.8080  0.3200 
   00193    0.4856   -5813.2315  0.3126 
   00194    0.4944   -5911.6214  0.3316 
   00195    0.4984   -6011.8316  0.3444 
   00196    0.4924   -5872.2709  0.3337 
   00197    0.4952   -5949.5691  0.3302 
   00198    0.4952   -5915.8447  0.3430 
   00199    0.5020   -5901.7738  0.3345 
   00200    0.4940   -5939.5605  0.3379 
   00201    0.5064   -5933.5306  0.3329 
   00202    0.4972   -5870.0665  0.3268 
   00203    0.4892   -5792.2854  0.3302 
   00204    0.5092   -5863.9733  0.3370 
   00205    0.5060   -5870.4560  0.3449 
   00206    0.4780   -5924.8544  0.3464 
   00207    0.5028   -5992.6359  0.3542 
   00208    0.4996   -5949.5540  0.3610 
   00209    0.4792   -6034.8341  0.3638 
   00210    0.4728   -6081.0575  0.3830 
   00211    0.4856   -6054.4427  0.3729 
   00212    0.4892   -6136.4241  0.3745 
   00213    0.4916   -6121.9448  0.3855 
   00214    0.4940   -5967.1534  0.3721 
   00215    0.4760   -6020.8031  0.3626 
   00216    0.4736   -5988.0793  0.3614 
   00217    0.4848   -6063.8119  0.3501 
   00218    0.4892   -5972.8609  0.3431 
   00219    0.5064   -5984.5139  0.3350 
   00220    0.5004   -5903.2994  0.3281 
   00221    0.5048   -5793.8816  0.3287 
   00222    0.4940   -5964.2935  0.3310 
   00223    0.4756   -5974.4112  0.3294 
   00224    0.4892   -6073.7216  0.3279 
   00225    0.4848   -5991.4921  0.3325 
   00226    0.4836   -6056.5617  0.3298 
   00227    0.4896   -6022.6096  0.3321 
   00228    0.4776   -5966.1533  0.3448 
   00229    0.4820   -5998.1177  0.3386 
   00230    0.4980   -5892.3144  0.3407 
   00231    0.5088   -5927.9240  0.3401 
   00232    0.4876   -5886.9239  0.3345 
   00233    0.4996   -5807.5759  0.3312 
   00234    0.4796   -5799.9361  0.3163 
   00235    0.5020   -5729.6489  0.3146 
   00236    0.5076   -5752.3860  0.3128 
   00237    0.5040   -5733.5145  0.3077 
   00238    0.5140   -5753.9026  0.3115 
   00239    0.4952   -5813.3373  0.3080 
   00240    0.4936   -5833.5218  0.2981 
   00241    0.5012   -5867.5211  0.3195 
   00242    0.5012   -5837.9935  0.3140 
   00243    0.4944   -5922.6182  0.3039 
   00244    0.4996   -5885.8079  0.2949 
   00245    0.4956   -5802.7716  0.2861 
   00246    0.4880   -5906.8972  0.2740 
   00247    0.5120   -5925.2727  0.2827 
   00248    0.4996   -5943.2244  0.2852 
   00249    0.4896   -5959.1756  0.2770 
   00250    0.4788   -5873.6771  0.2941 
   00251    0.4916   -5862.1709  0.2918 
   00252    0.4888   -5869.1800  0.2890 
   00253    0.5028   -5852.5332  0.2870 
   00254    0.5004   -5810.3459  0.2970 
   00255    0.4944   -5866.4265  0.2907 
   00256    0.4980   -5909.3903  0.2869 
   00257    0.5000   -5842.1483  0.2827 
   00258    0.4880   -5846.2726  0.2876 
   00259    0.4948   -5891.7885  0.2956 
   00260    0.4844   -5877.4700  0.3118 
   00261    0.4872   -6050.3072  0.3117 
   00262    0.4960   -6019.7900  0.3110 
   00263    0.4756   -5993.4938  0.3174 
   00264    0.4916   -5926.7345  0.3139 
   00265    0.5196   -5926.8477  0.3226 
   00266    0.4952   -5935.9447  0.3135 
   00267    0.4844   -5927.4760  0.3208 
   00268    0.5056   -5879.9043  0.3173 
   00269    0.4936   -5838.5747  0.3296 
   00270    0.4988   -5731.9061  0.3185 
   00271    0.5220   -5858.0549  0.3131 
   00272    0.5072   -5892.8616  0.3004 
   00273    0.4964   -5825.0984  0.2943 
   00274    0.4920   -5971.1113  0.3038 
   00275    0.5000   -6052.1233  0.2945 
   00276    0.5004   -5943.2832  0.2997 
   00277    0.4864   -5938.4817  0.3099 
   00278    0.4804   -5853.3577  0.3131 
   00279    0.5152   -5943.2235  0.3192 
   00280    0.5060   -5844.1712  0.3147 
   00281    0.4988   -5857.0383  0.3130 
   00282    0.4932   -5811.7112  0.3125 
   00283    0.4828   -5796.5369  0.3198 
   00284    0.5012   -5751.1719  0.3310 
   00285    0.4936   -5696.8850  0.3148 
   00286    0.5116   -5853.8652  0.3055 
   00287    0.4884   -5931.0434  0.3106 
   00288    0.4976   -5874.5791  0.3088 
   00289    0.4832   -5890.5756  0.3096 
   00290    0.4844   -5939.5591  0.2954 
   00291    0.4892   -5960.9296  0.2911 
   00292    0.4832   -6016.4924  0.2959 
   00293    0.4784   -6015.7812  0.2941 
   00294    0.4864   -6006.4606  0.2866 
   00295    0.5008   -6000.3913  0.2845 
   00296    0.4828   -6034.2671  0.2729 
   00297    0.4816   -5991.5769  0.2717 
   00298    0.4996   -5972.0924  0.2833 
   00299    0.4928   -5931.0298  0.2827 
   00300    0.4864   -5981.2586  0.2781 
   00301    0.4996   -6143.8037  0.2753 
   00302    0.4844   -6099.0062  0.2705 
   00303    0.4788   -6061.8421  0.2736 
   00304    0.4876   -6069.7776  0.2686 
   00305    0.4796   -6034.5009  0.2605 
   00306    0.4996   -5993.7338  0.2597 
   00307    0.4844   -5935.5706  0.2577 
   00308    0.4940   -5964.9601  0.2546 
   00309    0.4800   -6004.8137  0.2611 
   00310    0.4936   -5851.3850  0.2720 
   00311    0.4860   -5902.5132  0.2753 
   00312    0.4892   -5905.5457  0.2718 
   00313    0.4916   -5893.8891  0.2728 
   00314    0.5016   -5984.1223  0.2564 
   00315    0.4916   -5967.1838  0.2636 
   00316    0.4852   -5866.5249  0.2738 
   00317    0.4964   -5844.4876  0.2634 
   00318    0.4920   -5950.9556  0.2657 
   00319    0.4976   -5910.8042  0.2639 
   00320    0.5044   -5876.0158  0.2623 
   00321    0.4956   -5843.8701  0.2637 
   00322    0.5004   -5956.5281  0.2694 
   00323    0.4836   -5895.5274  0.2639 
   00324    0.4700   -5990.0692  0.2670 
   00325    0.4924   -5964.7878  0.2739 
   00326    0.4956   -5999.1186  0.2667 
   00327    0.4672   -6035.3754  0.2729 
   00328    0.4804   -5997.4198  0.2680 
   00329    0.4684   -5996.5695  0.2608 
   00330    0.4872   -6026.2146  0.2577 
   00331    0.4744   -6009.6372  0.2561 
   00332    0.4948   -6003.7047  0.2623 
   00333    0.4688   -5991.8205  0.2661 
   00334    0.4728   -6026.9896  0.2682 
   00335    0.4788   -5902.0961  0.2668 
   00336    0.5000   -5918.5005  0.2733 
   00337    0.4924   -5902.1523  0.2735 
   00338    0.4960   -5953.7559  0.2750 
   00339    0.4924   -5985.2083  0.2789 
   00340    0.4948   -5949.7673  0.2793 
   00341    0.4916   -5934.0813  0.2710 
   00342    0.4848   -5943.3492  0.2769 
   00343    0.4988   -5878.8018  0.2719 
   00344    0.5116   -5866.2946  0.2644 
   00345    0.4724   -5899.9019  0.2740 
   00346    0.5088   -5925.6979  0.2738 
   00347    0.4748   -5903.2802  0.2668 
   00348    0.4832   -5969.9956  0.2708 
   00349    0.4964   -6049.9102  0.2674 
   00350    0.4752   -5939.8406  0.2647 
   00351    0.4796   -5872.1428  0.2535 
   00352    0.5172   -5750.5104  0.2627 
   00353    0.5040   -5678.8533  0.2677 
   00354    0.5196   -5690.6688  0.2660 
   00355    0.5060   -5797.5744  0.2707 
   00356    0.5148   -5847.9460  0.2698 
   00357    0.4988   -5881.0742  0.2675 
   00358    0.4960   -5845.4844  0.2701 
   00359    0.5028   -5832.0125  0.2891 
   00360    0.4764   -5783.5635  0.2886 
   00361    0.5088   -5756.0533  0.2906 
   00362    0.5052   -5743.2382  0.2863 
   00363    0.4876   -5866.3723  0.2981 
   00364    0.5064   -5890.4917  0.3035 
   00365    0.4920   -5826.6494  0.3101 
   00366    0.5020   -5753.6466  0.3023 
   00367    0.4980   -5710.5239  0.2844 
   00368    0.5080   -5722.4546  0.2882 
   00369    0.4864   -5786.5388  0.2844 
   00370    0.4920   -5743.1244  0.2819 
   00371    0.4916   -5724.1248  0.2784 
   00372    0.4924   -5721.2935  0.2729 
   00373    0.5084   -5779.7507  0.2644 
   00374    0.4852   -5867.1461  0.2584 
   00375    0.5216   -5838.4888  0.2700 
   00376    0.5000   -5859.1212  0.2878 
   00377    0.4892   -5909.0232  0.2879 
   00378    0.4996   -5874.2304  0.2845 
   00379    0.4968   -5834.3047  0.2794 
   00380    0.4912   -5842.4949  0.2867 
   00381    0.5208   -5807.8091  0.2802 
   00382    0.4880   -5860.6217  0.2778 
   00383    0.4984   -5832.0697  0.2857 
   00384    0.4964   -5883.8415  0.2957 
   00385    0.4840   -5851.2680  0.2855 
   00386    0.4844   -5778.7677  0.2792 
   00387    0.5116   -5760.5326  0.2744 
   00388    0.4956   -5898.3443  0.2764 
   00389    0.4980   -5835.0373  0.2596 
   00390    0.5000   -5866.7724  0.2606 
   00391    0.5024   -5831.8278  0.2659 
   00392    0.5004   -5826.0932  0.2547 
   00393    0.4956   -5859.6473  0.2691 
   00394    0.5052   -5824.1897  0.2528 
   00395    0.4912   -5841.7452  0.2657 
   00396    0.4936   -5888.4580  0.2574 
   00397    0.4920   -5878.9996  0.2532 
   00398    0.5000   -5949.9440  0.2663 
   00399    0.4924   -5972.6843  0.2616 
   00400    0.4856   -5917.9014  0.2572 
   00401    0.4752   -5979.0612  0.2787 
   00402    0.4904   -6003.5456  0.2728 
   00403    0.4940   -5896.0138  0.2846 
   00404    0.4804   -5971.1023  0.2949 
   00405    0.4784   -6015.6978  0.3090 
   00406    0.4760   -6096.3988  0.3148 
   00407    0.4852   -6087.7211  0.3232 
   00408    0.4880   -6079.0237  0.3338 
   00409    0.4788   -5996.3493  0.3343 
   00410    0.4936   -6019.8867  0.3308 
   00411    0.5036   -6008.3812  0.3259 
   00412    0.4772   -6009.4897  0.3232 
   00413    0.4836   -5980.0911  0.3268 
   00414    0.4952   -6073.7377  0.3215 
   00415    0.4984   -5988.7556  0.3371 
   00416    0.4736   -6023.1613  0.3369 
   00417    0.4760   -5910.5336  0.3278 
   00418    0.5124   -5982.4700  0.3141 
   00419    0.5048   -6014.3176  0.3070 
   00420    0.4844   -5997.9567  0.3160 
   00421    0.4912   -5930.3990  0.3166 
   00422    0.4936   -5983.6439  0.3191 
   00423    0.4980   -5952.9518  0.3201 
   00424    0.4744   -5891.0353  0.3033 
   00425    0.4864   -5949.0087  0.3016 
   00426    0.4888   -5942.3989  0.3002 
   00427    0.4812   -5916.3644  0.3088 
   00428    0.4952   -5814.2731  0.3121 
   00429    0.5084   -5826.7733  0.2983 
   00430    0.4908   -5867.0401  0.3124 
   00431    0.4864   -5913.9949  0.3231 
   00432    0.4888   -5995.8722  0.3313 
   00433    0.4856   -5861.3284  0.3217 
   00434    0.4836   -6023.9275  0.3149 
   00435    0.4776   -6074.5284  0.3233 
   00436    0.4740   -6031.3668  0.3330 
   00437    0.4880   -5953.5404  0.3339 
   00438    0.4884   -5940.5482  0.3358 
   00439    0.4784   -5958.1412  0.3273 
   00440    0.4876   -5974.8635  0.3171 
   00441    0.4904   -5881.6979  0.3171 
   00442    0.4764   -6002.8908  0.3261 
   00443    0.4756   -5985.3261  0.3180 
   00444    0.4924   -6013.2764  0.3176 
   00445    0.4844   -6000.2210  0.3276 
   00446    0.4948   -5919.0829  0.3226 
   00447    0.5012   -5867.0173  0.3275 
   00448    0.4884   -5826.4048  0.3345 
   00449    0.4956   -5892.7941  0.3192 
   00450    0.4860   -5848.5784  0.3154 
   00451    0.4908   -5875.9419  0.3093 
   00452    0.4948   -5878.1691  0.2952 
   00453    0.4884   -5851.4108  0.3088 
   00454    0.5068   -5844.4214  0.3072 
   00455    0.5088   -5750.8267  0.3049 
   00456    0.5040   -5728.6617  0.3067 
   00457    0.4932   -5749.2359  0.2960 
   00458    0.4968   -5766.0525  0.2944 
   00459    0.5076   -5793.8102  0.2932 
   00460    0.5068   -5842.8521  0.2945 
   00461    0.4944   -5925.8080  0.2958 
   00462    0.5080   -5835.1644  0.2928 
   00463    0.4792   -5797.7814  0.2906 
   00464    0.5120   -5767.4972  0.2828 
   00465    0.4984   -5767.6276  0.2847 
   00466    0.5028   -5709.8200  0.2780 
   00467    0.5028   -5716.7906  0.2697 
   00468    0.5288   -5793.3791  0.2735 
   00469    0.4828   -5820.5414  0.2720 
   00470    0.4788   -5855.3545  0.2848 
   00471    0.4976   -5878.5043  0.2799 
   00472    0.4796   -5732.5259  0.2804 
   00473    0.4980   -5685.2254  0.2892 
   00474    0.4980   -5758.3144  0.2931 
   00475    0.5044   -5812.3394  0.2965 
   00476    0.4824   -5828.0229  0.2818 
   00477    0.4900   -5778.7786  0.2826 
   00478    0.5156   -5728.3952  0.2835 
   00479    0.4856   -5710.6602  0.2740 
   00480    0.5036   -5884.6658  0.2827 
   00481    0.5000   -5888.7651  0.2867 
   00482    0.4788   -5980.5255  0.2969 
   00483    0.4828   -5974.0858  0.3082 
   00484    0.4844   -5951.3550  0.3041 
   00485    0.4892   -5901.2079  0.2926 
   00486    0.4908   -5936.6418  0.2992 
   00487    0.4752   -5954.3730  0.3071 
   00488    0.5028   -5914.4333  0.3054 
   00489    0.5076   -5920.8230  0.3129 
   00490    0.4804   -5941.8704  0.3225 
   00491    0.4704   -5925.7943  0.3137 
   00492    0.4984   -5950.0377  0.3096 
   00493    0.4984   -6009.7410  0.3222 
   00494    0.4776   -6052.9766  0.3122 
   00495    0.4860   -6040.1402  0.3223 
   00496    0.4752   -6000.9473  0.3407 
   00497    0.4904   -5970.8638  0.3391 
   00498    0.4936   -5996.4622  0.3340 
   00499    0.4760   -5875.0843  0.3366 
   00500    0.5044   -5964.5071  0.3309 
   00501    0.4852   -5871.0492  0.3369 
   00502    0.4744   -5911.8139  0.3494 
   00503    0.4860   -5890.6810  0.3586 
   00504    0.5072   -5939.5864  0.3670 
   00505    0.4860   -6041.7170  0.3633 
   00506    0.4900   -5974.2271  0.3645 
   00507    0.5028   -6034.0993  0.3676 
   00508    0.4752   -5982.5027  0.3530 
   00509    0.4988   -6063.0431  0.3489 
   00510    0.4804   -5982.5251  0.3427 
   00511    0.4816   -5890.1906  0.3424 
   00512    0.5044   -5896.6336  0.3535 
   00513    0.4820   -5877.7731  0.3409 
   00514    0.4936   -5962.2569  0.3377 
   00515    0.4840   -6101.9846  0.3445 
   00516    0.4852   -5980.7227  0.3456 
   00517    0.4692   -5899.5309  0.3414 
   00518    0.4940   -5923.6195  0.3473 
   00519    0.4816   -5974.0392  0.3411 
   00520    0.4864   -5994.1848  0.3469 
   00521    0.4880   -5930.0806  0.3381 
   00522    0.4648   -5955.9113  0.3408 
   00523    0.4900   -5888.1716  0.3471 
   00524    0.5040   -5851.6488  0.3514 
   00525    0.5080   -5913.3674  0.3518 
   00526    0.4728   -5927.6535  0.3580 
   00527    0.4896   -6008.9599  0.3688 
   00528    0.4816   -6052.9416  0.3741 
   00529    0.4948   -5888.0890  0.3829 
   00530    0.4968   -5921.7064  0.3852 
   00531    0.4860   -6033.4699  0.3921 
   00532    0.4932   -5955.7797  0.3935 
   00533    0.4800   -5920.7420  0.3743 
   00534    0.4824   -5935.6621  0.3857 
   00535    0.4960   -5871.2207  0.3878 
   00536    0.4896   -6009.6854  0.4005 
   00537    0.4996   -5998.5096  0.3867 
   00538    0.4772   -5953.4524  0.3821 
   00539    0.4864   -5999.9834  0.3888 
   00540    0.4808   -6013.2768  0.3962 
   00541    0.4752   -6025.5125  0.3888 
   00542    0.4916   -6029.0824  0.3804 
   00543    0.4812   -6030.1563  0.3759 
   00544    0.4976   -6105.4133  0.3626 
   00545    0.4828   -6055.9122  0.3679 
   00546    0.4772   -6065.8968  0.3534 
   00547    0.4864   -6087.3913  0.3522 
   00548    0.4784   -6045.6028  0.3444 
   00549    0.4936   -6059.3318  0.3405 
   00550    0.4808   -6001.8386  0.3557 
   00551    0.4888   -5964.8314  0.3536 
   00552    0.4928   -5944.3306  0.3433 
   00553    0.4860   -5877.9421  0.3428 
   00554    0.5092   -5891.1328  0.3456 
   00555    0.4792   -6030.1390  0.3547 
   00556    0.4836   -6042.1239  0.3555 
   00557    0.4972   -6007.2435  0.3626 
   00558    0.4948   -5898.9813  0.3665 
   00559    0.4884   -5959.7947  0.3662 
   00560    0.4880   -5877.9969  0.3634 
   00561    0.4812   -5886.4510  0.3764 
   00562    0.4824   -5975.6299  0.3664 
   00563    0.4828   -5983.4786  0.3770 
   00564    0.5044   -5965.3104  0.3679 
   00565    0.4872   -5871.0256  0.3636 
   00566    0.5268   -5876.3918  0.3655 
   00567    0.4760   -5993.2083  0.3661 
   00568    0.4920   -5858.5829  0.3618 
   00569    0.4952   -5861.2208  0.3584 
   00570    0.4876   -5929.5994  0.3570 
   00571    0.5064   -5862.0563  0.3640 
   00572    0.4912   -5889.8072  0.3740 
   00573    0.4968   -5710.9121  0.3690 
   00574    0.4944   -5767.7523  0.3706 
   00575    0.5016   -5848.3957  0.3747 
   00576    0.5032   -5845.4953  0.3658 
   00577    0.4892   -5649.9222  0.3513 
   00578    0.5112   -5643.4503  0.3590 
   00579    0.5272   -5735.4844  0.3544 
   00580    0.5112   -5698.0082  0.3489 
   00581    0.5232   -5671.0858  0.3355 
   00582    0.5104   -5688.4678  0.3375 
   00583    0.5092   -5813.2735  0.3308 
   00584    0.5092   -5786.9011  0.3196 
   00585    0.5088   -5695.9637  0.3310 
   00586    0.5172   -5708.3479  0.3297 
   00587    0.4832   -5766.7148  0.3347 
   00588    0.5064   -5829.1068  0.3330 
   00589    0.4800   -5870.9427  0.3448 
   00590    0.5012   -5920.3427  0.3332 
   00591    0.4788   -5915.0857  0.3268 
   00592    0.4680   -5969.7714  0.3121 
   00593    0.4892   -5894.4563  0.3055 
   00594    0.4788   -5822.8841  0.3004 
   00595    0.5208   -5800.2236  0.2982 
   00596    0.4952   -5832.1501  0.3019 
   00597    0.5140   -5850.9831  0.3008 
   00598    0.4984   -5943.8078  0.3079 
   00599    0.4672   -5923.6345  0.3083 
   00600    0.4932   -5927.9455  0.3208 
   00601    0.4924   -6017.0462  0.3402 
   00602    0.4844   -6109.5924  0.3452 
   00603    0.4988   -6090.5096  0.3336 
   00604    0.4868   -6141.1595  0.3407 
   00605    0.4860   -6088.9146  0.3242 
   00606    0.4920   -6033.2418  0.3260 
   00607    0.4836   -6050.1932  0.3314 
   00608    0.4820   -6089.9074  0.3343 
   00609    0.4808   -6096.0330  0.3353 
   00610    0.4624   -6035.2169  0.3353 
   00611    0.4704   -6027.9520  0.3424 
   00612    0.4824   -5921.2571  0.3421 
   00613    0.4564   -5972.7252  0.3358 
   00614    0.4848   -5950.7971  0.3209 
   00615    0.4816   -6115.1432  0.3190 
   00616    0.4928   -5952.1451  0.3184 
   00617    0.5036   -5923.4871  0.3125 
   00618    0.4880   -5988.8222  0.3209 
   00619    0.4736   -5944.8674  0.3142 
   00620    0.4852   -5877.9403  0.3146 
   00621    0.4932   -5935.3223  0.3211 
   00622    0.4956   -5926.0883  0.3247 
   00623    0.5044   -5842.7699  0.3205 
   00624    0.4880   -5948.2432  0.3247 
   00625    0.4768   -5976.8368  0.3389 
   00626    0.4816   -5960.5381  0.3302 
   00627    0.5048   -5930.1698  0.3319 
   00628    0.4960   -5890.1634  0.3272 
   00629    0.5160   -5953.0209  0.3213 
   00630    0.4840   -5983.1671  0.3283 
   00631    0.4828   -5944.4526  0.3323 
   00632    0.4904   -5958.4078  0.3249 
   00633    0.4956   -5930.6588  0.3219 
   00634    0.4820   -5991.0633  0.3016 
   00635    0.4888   -5902.2162  0.2975 
   00636    0.4900   -5930.4295  0.2903 
   00637    0.5000   -5902.2842  0.2925 
   00638    0.4908   -5848.2402  0.2933 
   00639    0.4864   -5924.5845  0.2964 
   00640    0.4968   -5871.3282  0.2999 
   00641    0.4960   -5822.7598  0.2880 
   00642    0.4988   -5844.8022  0.2819 
   00643    0.4916   -5832.6619  0.2829 
   00644    0.4936   -5882.3065  0.2791 
   00645    0.4900   -5806.3890  0.2783 
   00646    0.5008   -5747.9824  0.2817 
   00647    0.5288   -5610.8742  0.2840 
   00648    0.4884   -5640.1593  0.2863 
   00649    0.5280   -5691.0937  0.2928 
   00650    0.4952   -5834.6412  0.2801 
   00651    0.4920   -5856.5558  0.2909 
   00652    0.5072   -5831.3886  0.2979 
   00653    0.5016   -5910.4089  0.2997 
   00654    0.5004   -5952.7671  0.3103 
   00655    0.5004   -5935.6492  0.3082 
   00656    0.4920   -5922.2053  0.2998 
   00657    0.5060   -5985.2721  0.3120 
   00658    0.4864   -6039.4300  0.3119 
   00659    0.4868   -6083.7137  0.3060 
   00660    0.4840   -5992.4922  0.2968 
   00661    0.4860   -5976.8082  0.2882 
   00662    0.4920   -5955.6045  0.2873 
   00663    0.4880   -6032.3232  0.2959 
   00664    0.4772   -6069.3787  0.2907 
   00665    0.4832   -6014.8963  0.2922 
   00666    0.4812   -6072.2099  0.3074 
   00667    0.4672   -5941.7119  0.3125 
   00668    0.4816   -5942.6957  0.2989 
   00669    0.4960   -5819.6867  0.2990 
   00670    0.5104   -5795.9034  0.2867 
   00671    0.4960   -5817.3343  0.2880 
   00672    0.4744   -5863.7321  0.2783 
   00673    0.5044   -5970.5697  0.2708 
   00674    0.5144   -5755.0117  0.2694 
   00675    0.5244   -5713.0438  0.2671 
   00676    0.5128   -5847.9494  0.2649 
   00677    0.5092   -5813.3343  0.2697 
   00678    0.5032   -5693.0065  0.2651 
   00679    0.5016   -5688.1866  0.2675 
   00680    0.4904   -5688.2608  0.2654 
   00681    0.4916   -5725.0824  0.2686 
   00682    0.4992   -5696.7071  0.2764 
   00683    0.5200   -5746.8494  0.2819 
   00684    0.4932   -5872.5494  0.2911 
   00685    0.4776   -5779.3888  0.2921 
   00686    0.4944   -5741.2796  0.3027 
   00687    0.4960   -5801.1726  0.2964 
   00688    0.4836   -5895.6452  0.3126 
   00689    0.5000   -5885.0579  0.3116 
   00690    0.4948   -5892.4330  0.3224 
   00691    0.4868   -6000.1397  0.3255 
   00692    0.4900   -5982.2067  0.3174 
   00693    0.4956   -6004.3621  0.3161 
   00694    0.4864   -5964.7129  0.3106 
   00695    0.5028   -5884.6575  0.3118 
   00696    0.5088   -6028.2884  0.3125 
   00697    0.4872   -6020.3082  0.3022 
   00698    0.4692   -5964.3656  0.3142 
   00699    0.4792   -6028.6299  0.3193 
   00700    0.4868   -6001.3834  0.3228 
   00701    0.4844   -5930.3123  0.3224 
   00702    0.4972   -5954.8001  0.3264 
   00703    0.4824   -5881.5260  0.3283 
   00704    0.4796   -5879.8139  0.3249 
   00705    0.5072   -5945.4556  0.3220 
   00706    0.4924   -5898.6715  0.3248 
   00707    0.5040   -5946.8163  0.3187 
   00708    0.5088   -5881.3464  0.3204 
   00709    0.4888   -5857.5349  0.3116 
   00710    0.4964   -5851.9182  0.3079 
   00711    0.4936   -5857.8284  0.3016 
   00712    0.4944   -5836.2858  0.3151 
   00713    0.5152   -5819.3440  0.3084 
   00714    0.5200   -5840.2452  0.3140 
   00715    0.5048   -5878.1438  0.3005 
   00716    0.4952   -5917.6840  0.2974 
   00717    0.4868   -5882.6185  0.2885 
   00718    0.4852   -5794.3400  0.2910 
   00719    0.4912   -5872.4270  0.2968 
   00720    0.4912   -5902.7571  0.3085 
   00721    0.4848   -5918.8978  0.2998 
   00722    0.5012   -5839.3545  0.2862 
   00723    0.4964   -5870.3502  0.2849 
   00724    0.4880   -5760.3113  0.3058 
   00725    0.5180   -5756.3413  0.2955 
   00726    0.4788   -5800.2564  0.2997 
   00727    0.5028   -5888.1799  0.3043 
   00728    0.5064   -5860.0901  0.3009 
   00729    0.5104   -5877.5894  0.2964 
   00730    0.5028   -5798.6060  0.2856 
   00731    0.4916   -5890.5374  0.2753 
   00732    0.5052   -5910.1784  0.2816 
   00733    0.5144   -5970.5338  0.2815 
   00734    0.4852   -5995.4082  0.2856 
   00735    0.4800   -5978.7607  0.2817 
   00736    0.4896   -5938.3961  0.2840 
   00737    0.4912   -5950.6200  0.2773 
   00738    0.4680   -5864.5776  0.2864 
   00739    0.4940   -5773.5513  0.2851 
   00740    0.4748   -5810.4473  0.2866 
   00741    0.4876   -5814.8775  0.2858 
   00742    0.4984   -5808.7281  0.2967 
   00743    0.4888   -5799.8182  0.2942 
   00744    0.5000   -5795.0698  0.2877 
   00745    0.4960   -5846.0767  0.2784 
   00746    0.5100   -5901.1281  0.2830 
   00747    0.4948   -5881.2047  0.2741 
   00748    0.5028   -5812.9409  0.2680 
   00749    0.4984   -5846.6247  0.2546 
   00750    0.4992   -5825.4019  0.2528 
   00751    0.4832   -5780.9275  0.2683 
   00752    0.5016   -5820.3098  0.2614 
   00753    0.5080   -5896.6194  0.2608 
   00754    0.4808   -5880.6093  0.2809 
   00755    0.5008   -5807.8599  0.2846 
   00756    0.5100   -5830.1444  0.2902 
   00757    0.4984   -5670.2327  0.2848 
   00758    0.5248   -5746.1618  0.2859 
   00759    0.4936   -5847.4618  0.2889 
   00760    0.5096   -5818.5230  0.2711 
   00761    0.5092   -5825.7836  0.2638 
   00762    0.4948   -5961.3700  0.2559 
   00763    0.4928   -5878.7833  0.2664 
   00764    0.5016   -5944.9363  0.2685 
   00765    0.4956   -5894.4873  0.2581 
   00766    0.4860   -5869.5702  0.2612 
   00767    0.4928   -5865.2321  0.2664 
   00768    0.5052   -6048.5783  0.2619 
   00769    0.4928   -6012.0311  0.2710 
   00770    0.4752   -6087.4109  0.2802 
   00771    0.5008   -6113.3148  0.2812 
   00772    0.4836   -6063.4695  0.2701 
   00773    0.4776   -6160.3489  0.2656 
   00774    0.4804   -6095.3277  0.2690 
   00775    0.4844   -6073.0242  0.2530 
   00776    0.4908   -6026.5518  0.2666 
   00777    0.4816   -5983.8647  0.2694 
   00778    0.5048   -5940.4367  0.2644 
   00779    0.4928   -5929.9193  0.2535 
   00780    0.4756   -5885.3376  0.2585 
   00781    0.4856   -5869.0568  0.2556 
   00782    0.4740   -5896.2918  0.2644 
   00783    0.4996   -5929.4404  0.2770 
   00784    0.4892   -5885.4591  0.2930 
   00785    0.4928   -5866.2901  0.2888 
   00786    0.4972   -5958.2594  0.2893 
   00787    0.4796   -5934.3007  0.2961 
   00788    0.4900   -5849.2561  0.2944 
   00789    0.5032   -5921.7651  0.2927 
   00790    0.4976   -5839.3356  0.2986 
   00791    0.5084   -5774.0547  0.2992 
   00792    0.4952   -5829.9358  0.3104 
   00793    0.5032   -5833.2421  0.3009 
   00794    0.5028   -5803.6932  0.2905 
   00795    0.4940   -5882.3967  0.2995 
   00796    0.4924   -5882.1787  0.2894 
   00797    0.5076   -5895.2066  0.2943 
   00798    0.4752   -5910.4522  0.3046 
   00799    0.4960   -5851.7972  0.2905 
   00800    0.4876   -5877.5859  0.2827 
   00801    0.4892   -5867.8521  0.2877 
   00802    0.4572   -5966.9975  0.2864 
   00803    0.4848   -5899.0511  0.2850 
   00804    0.4836   -5966.1126  0.2897 
   00805    0.4836   -6006.8458  0.2953 
   00806    0.4888   -5963.9965  0.2982 
   00807    0.4856   -5944.2949  0.2907 
   00808    0.4828   -6012.8851  0.2835 
   00809    0.4836   -6050.5016  0.2871 
   00810    0.4792   -6026.0557  0.2865 
   00811    0.4668   -6007.2022  0.2840 
   00812    0.5000   -5967.4086  0.2783 
   00813    0.4736   -5945.9490  0.2777 
   00814    0.5012   -5881.6243  0.2782 
   00815    0.4632   -5892.6954  0.2748 
   00816    0.4828   -5932.8258  0.2705 
   00817    0.5204   -5857.9253  0.2699 
   00818    0.5004   -5932.8840  0.2881 
   00819    0.4964   -5915.2802  0.2771 
   00820    0.5004   -5940.3922  0.2666 
   00821    0.4868   -5942.9060  0.2669 
   00822    0.4936   -5950.5675  0.2592 
   00823    0.4868   -5933.7355  0.2525 
   00824    0.5032   -5835.0842  0.2605 
   00825    0.4880   -5934.2272  0.2629 
   00826    0.4952   -5814.2344  0.2660 
   00827    0.5060   -5845.0548  0.2645 
   00828    0.5044   -5801.5057  0.2692 
   00829    0.5000   -5966.6089  0.2643 
   00830    0.4852   -5978.0581  0.2604 
   00831    0.4980   -5990.7962  0.2553 
   00832    0.4744   -6018.1924  0.2642 
   00833    0.4888   -5927.7707  0.2721 
   00834    0.4908   -5899.9277  0.2643 
   00835    0.4896   -5875.7780  0.2724 
   00836    0.4928   -5929.7159  0.2702 
   00837    0.4860   -5965.4559  0.2668 
   00838    0.4840   -5984.1964  0.2828 
   00839    0.4896   -5920.8746  0.2811 
   00840    0.4964   -5789.0494  0.2827 
   00841    0.4864   -5899.1360  0.2860 
   00842    0.4788   -5936.0506  0.2853 
   00843    0.4872   -5950.7337  0.2822 
   00844    0.5144   -5936.9490  0.2832 
   00845    0.4852   -5910.8431  0.2787 
   00846    0.5064   -5833.4307  0.2779 
   00847    0.4876   -5944.6166  0.2714 
   00848    0.5008   -5808.8052  0.2740 
   00849    0.4900   -5862.6862  0.2570 
   00850    0.4988   -5905.6015  0.2651 
   00851    0.4804   -6017.2426  0.2689 
   00852    0.4892   -5908.6209  0.2655 
   00853    0.5096   -5842.7105  0.2604 
   00854    0.5168   -5765.5450  0.2736 
   00855    0.5076   -5708.1922  0.2679 
   00856    0.5016   -5675.8537  0.2664 
   00857    0.5192   -5713.7477  0.2655 
   00858    0.4976   -5786.4685  0.2548 
   00859    0.4964   -5714.1425  0.2545 
   00860    0.5080   -5695.4043  0.2651 
   00861    0.4912   -5762.2078  0.2716 
   00862    0.4936   -5890.8411  0.2767 
   00863    0.4848   -5830.9522  0.2791 
   00864    0.5088   -5769.0034  0.2798 
   00865    0.5120   -5738.8685  0.2976 
   00866    0.5068   -5797.8411  0.3061 
   00867    0.4920   -5736.5019  0.2981 
   00868    0.4944   -5693.7132  0.2908 
   00869    0.4936   -5714.7349  0.2894 
   00870    0.4996   -5782.5851  0.2701 
   00871    0.5104   -5773.7898  0.2799 
   00872    0.4992   -5873.5342  0.2833 
   00873    0.5036   -5741.0665  0.2949 
   00874    0.4948   -5719.4110  0.2936 
   00875    0.4984   -5816.8893  0.2797 
   00876    0.5044   -5747.2902  0.2652 
   00877    0.5068   -5723.9322  0.2711 
   00878    0.4892   -5765.0756  0.2746 
   00879    0.5156   -5672.8173  0.2797 
   00880    0.5168   -5679.5682  0.2708 
   00881    0.5068   -5708.9164  0.2702 
   00882    0.5012   -5806.0222  0.2798 
   00883    0.4844   -5822.5907  0.2763 
   00884    0.5220   -5778.5698  0.2657 
   00885    0.4976   -5814.4636  0.2635 
   00886    0.4944   -5860.7734  0.2818 
   00887    0.4740   -5908.3200  0.2822 
   00888    0.4920   -5974.2245  0.2914 
   00889    0.4800   -5889.8764  0.2909 
   00890    0.5036   -5852.9164  0.2810 
   00891    0.5104   -5858.9905  0.2891 
   00892    0.5096   -5882.3917  0.2803 
   00893    0.4996   -5849.1372  0.2844 
   00894    0.5156   -5844.9975  0.2808 
   00895    0.5024   -5922.7461  0.2899 
   00896    0.5004   -5910.7570  0.2890 
   00897    0.4940   -5979.9383  0.2808 
   00898    0.4896   -5912.2217  0.2894 
   00899    0.4848   -5880.8975  0.3013 
   00900    0.5172   -6010.5234  0.2966 
