#=====================================================
# File created:        Tue-12-Mar-2024-at-06-43-04PM
# Size of lattice:     250x250
# Number of MC steps:  50
# Reduced temperature: 1.000
# Run time (s):        45.715413
#=====================================================
# MC step:  Ratio:     Energy:   Order:
#=====================================================
   00000    0.5000  -62441.0438  0.7510 
   00001    0.6941  -95330.4078  0.7513 
   00002    0.6287 -110191.7749  0.7522 
   00003    0.5903 -119853.8956  0.7534 
   00004    0.5703 -125574.7164  0.7532 
   00005    0.5516 -129911.2955  0.7529 
   00006    0.5383 -132678.0663  0.7527 
   00007    0.5291 -135091.6513  0.7543 
   00008    0.5240 -136744.8684  0.7538 
   00009    0.5211 -138574.4994  0.7520 
   00010    0.5140 -139420.9611  0.7546 
   00011    0.5159 -140368.8835  0.7568 
   00012    0.5119 -141780.6347  0.7581 
   00013    0.5068 -142326.9688  0.7579 
   00014    0.5105 -142309.5485  0.7593 
   00015    0.5064 -143245.2488  0.7597 
   00016    0.5052 -143504.5712  0.7608 
   00017    0.5010 -143742.5768  0.7613 
   00018    0.5031 -143750.4862  0.7622 
   00019    0.5053 -144410.3136  0.7629 
   00020    0.5024 -144915.7058  0.7640 
   00021    0.5017 -145243.1201  0.7630 
   00022    0.4986 -145603.2186  0.7614 
   00023    0.4964 -145217.9946  0.7604 
   00024    0.4988 -145190.2636  0.7599 
   00025    0.4984 -145126.7538  0.7579 
   00026    0.5008 -145683.3606  0.7584 
   00027    0.4975 -145847.0594  0.7592 
   00028    0.5011 -146148.1135  0.7594 
   00029    0.4949 -145990.2806  0.7598 
   00030    0.4967 -146066.0593  0.7614 
   00031    0.4931 -146365.6171  0.7613 
   00032    0.4943 -146341.4101  0.7619 
   00033    0.4951 -146274.1819  0.7625 
   00034    0.4965 -146130.6888  0.7607 
   00035    0.4994 -145934.4367  0.7610 
   00036    0.4995 -146142.9106  0.7594 
   00037    0.5008 -146000.9795  0.7609 
   00038    0.4964 -146615.1761  0.7602 
   00039    0.4949 -146382.6774  0.7592 
   00040    0.4918 -146799.3743  0.7588 
   00041    0.4945 -146667.3550  0.7596 
   00042    0.4936 -147029.5631  0.7591 
   00043    0.4959 -146921.8830  0.7581 
   00044    0.4906 -147321.7538  0.7592 
   00045    0.4911 -147008.5383  0.7592 
   00046    0.4933 -147794.4102  0.7592 
   00047    0.4899 -147859.5022  0.7584 
   00048    0.4876 -147828.9628  0.7600 
   00049    0.4925 -148355.0325  0.7598 
   00050    0.4937 -147904.5883  0.7587 
